1732433209166 0.0 1
1732433209856 0.0 3
1732433210362 0.0 5
1732433210614 0.0 7
1732433211484 0.0 9
1732433211761 0.0 11
1732433212305 0.0 13
1732433212692 0.0 15
1732433213363 0.0 17
1732433213749 0.0 19
1732433214401 0.0 21
1732433214800 0.0 23
1732433215193 0.0 25
1732433215626 0.0 27
1732433215936 0.0 29
1732433216412 0.0 31
1732433216787 0.0 33
1732433217253 0.0 35
1732433217631 0.0 37
1732433218161 0.0 39
1732433218444 0.0 41
1732433219116 0.0 43
1732433219465 0.0 45
1732433219939 0.0 47
1732433220234 0.0 49
1732433220458 0.0 51
1732433220665 0.0 53
1732433221418 0.0 55
1732433225097 0.0 55
1732433225138 0.0 55
1732433227719 1.0 57
1732433228164 1.0 59
1732433228478 1.0 61
1732433229199 1.0 63
1732433229532 1.0 65
1732433230167 1.0 67
1732433230544 1.0 69
1732433231146 1.0 71
1732433231483 1.0 73
1732433232303 1.0 75
1732433232837 1.0 77
1732433233365 1.0 79
1732433233839 1.0 81
1732433234468 1.0 83
1732433235044 1.0 85
1732433235450 1.0 87
1732433236031 1.0 89
1732433236391 1.0 91
1732433237181 1.0 93
1732433237959 1.0 95
1732433238380 1.0 97
1732433238888 1.0 99
1732433239103 1.0 101
1732433239306 1.0 103
1732433239501 1.0 105
1732433239712 1.0 107
1732433239907 1.0 109
1732433240085 1.0 111
1732433243699 1.0 111
1732433243737 1.0 111
1732433245790 2.0 113
1732433246525 2.0 115
1732433246849 2.0 117
1732433247158 2.0 119
1732433247766 2.0 121
1732433248154 2.0 123
1732433248507 2.0 125
1732433248945 2.0 127
1732433249263 2.0 129
1732433249747 2.0 131
1732433250091 2.0 133
1732433250526 2.0 135
1732433250862 2.0 137
1732433251237 2.0 139
1732433251519 2.0 141
1732433252261 2.0 143
1732433252728 2.0 145
1732433253103 2.0 147
1732433253421 2.0 149
1732433253914 2.0 151
1732433254234 2.0 153
1732433254669 2.0 155
1732433254945 2.0 157
1732433255566 2.0 159
1732433255978 2.0 161
1732433256377 2.0 163
1732433256655 2.0 165
1732433256969 2.0 167
1732433260719 2.0 167
1732433260766 2.0 167
1732433263120 3.0 169
1732433263947 3.0 171
1732433264306 3.0 173
1732433264548 3.0 175
1732433265433 3.0 177
1732433265675 3.0 179
1732433266090 3.0 181
1732433266590 3.0 183
1732433266848 3.0 185
1732433267285 3.0 187
1732433267577 3.0 189
1732433267886 3.0 191
1732433268296 3.0 193
1732433268585 3.0 195
1732433269303 3.0 197
1732433269541 3.0 199
1732433269984 3.0 201
1732433270218 3.0 203
1732433270589 3.0 205
1732433270953 3.0 207
1732433271196 3.0 209
1732433271561 3.0 211
1732433271831 3.0 213
1732433272204 3.0 215
1732433272412 3.0 217
1732433272907 3.0 219
1732433273088 3.0 221
1732433273411 3.0 223
1732433277602 3.0 223
1732433277640 3.0 223
1732433279756 4.0 225
1732433280594 4.0 227
1732433281017 4.0 229
1732433281410 4.0 231
1732433281849 4.0 233
1732433282085 4.0 235
1732433282473 4.0 237
1732433282682 4.0 239
1732433283448 4.0 241
1732433283670 4.0 243
1732433284216 4.0 245
1732433284465 4.0 247
1732433285039 4.0 249
1732433285556 4.0 251
1732433285916 4.0 253
1732433286250 4.0 255
1732433286716 4.0 257
1732433286959 4.0 259
1732433287527 4.0 261
1732433287834 4.0 263
1732433288219 4.0 265
1732433288589 4.0 267
1732433288967 4.0 269
1732433289456 4.0 271
1732433289720 4.0 273
1732433290077 4.0 275
1732433290558 4.0 277
1732433290817 4.0 279
1732433294911 4.0 279
1732433294949 4.0 279
1732433296854 5.0 281
1732433297392 5.0 283
1732433297852 5.0 285
1732433298157 5.0 287
1732433298666 5.0 289
1732433299055 5.0 291
1732433299547 5.0 293
1732433299889 5.0 295
1732433300716 5.0 297
1732433300952 5.0 299
1732433301705 5.0 301
1732433301973 5.0 303
1732433302669 5.0 305
1732433302907 5.0 307
1732433303444 5.0 309
1732433303689 5.0 311
1732433304373 5.0 313
1732433304646 5.0 315
1732433305375 5.0 317
1732433305659 5.0 319
1732433305989 5.0 321
1732433306471 5.0 323
1732433306766 5.0 325
1732433307411 5.0 327
1732433307636 5.0 329
1732433308117 5.0 331
1732433308368 5.0 333
1732433308631 5.0 335
1732433312573 5.0 335
1732433312609 5.0 335
1732433314904 6.0 337
1732433315690 6.0 339
1732433316152 6.0 341
1732433316471 6.0 343
1732433317242 6.0 345
1732433317520 6.0 347
1732433318022 6.0 349
1732433318436 6.0 351
1732433318790 6.0 353
1732433319070 6.0 355
1732433319655 6.0 357
1732433320159 6.0 359
1732433320466 6.0 361
1732433320921 6.0 363
1732433321224 6.0 365
1732433321620 6.0 367
1732433321998 6.0 369
1732433322562 6.0 371
1732433322879 6.0 373
1732433323335 6.0 375
1732433323665 6.0 377
1732433324059 6.0 379
1732433324371 6.0 381
1732433324656 6.0 383
1732433324898 6.0 385
1732433325124 6.0 387
1732433325412 6.0 389
1732433325701 6.0 391
1732433329751 6.0 391
1732433329792 6.0 391
1732433331923 7.0 393
1732433332804 7.0 395
1732433333102 7.0 397
1732433333318 7.0 399
1732433333975 7.0 401
1732433334333 7.0 403
1732433334626 7.0 405
1732433334935 7.0 407
1732433335339 7.0 409
1732433335596 7.0 411
1732433336008 7.0 413
1732433336256 7.0 415
1732433336681 7.0 417
1732433337098 7.0 419
1732433337380 7.0 421
1732433337672 7.0 423
1732433338321 7.0 425
1732433338698 7.0 427
1732433339108 7.0 429
1732433339597 7.0 431
1732433339923 7.0 433
1732433340446 7.0 435
1732433340867 7.0 437
1732433341460 7.0 439
1732433341918 7.0 441
1732433342184 7.0 443
1732433342414 7.0 445
1732433342715 7.0 447
1732433346779 7.0 447
1732433346814 7.0 447
1732433349046 8.0 449
1732433349806 8.0 451
1732433350208 8.0 453
1732433350418 8.0 455
1732433350839 8.0 457
1732433351043 8.0 459
1732433351335 8.0 461
1732433351902 8.0 463
1732433352110 8.0 465
1732433352489 8.0 467
1732433352688 8.0 469
1732433353277 8.0 471
1732433353476 8.0 473
1732433353903 8.0 475
1732433354095 8.0 477
1732433354511 8.0 479
1732433354699 8.0 481
1732433355179 8.0 483
1732433355364 8.0 485
1732433355807 8.0 487
1732433356004 8.0 489
1732433356562 8.0 491
1732433356783 8.0 493
1732433357252 8.0 495
1732433357441 8.0 497
1732433357882 8.0 499
1732433358064 8.0 501
1732433358387 8.0 503
1732433362451 8.0 503
1732433362491 8.0 503
