1732433208107 1.3746984004974365 0
1732433209135 1.1186683177947998 1
1732433209424 1.3686683177947998 2
1732433209830 1.1186683177947998 3
1732433210136 1.3686681985855103 4
1732433210327 1.1811683177947998 5
1732433210470 1.2436683177947998 6
1732433210592 1.2436683177947998 7
1732433210704 1.4311683177947998 8
1732433211458 1.4311683177947998 9
1732433211583 1.2436683177947998 10
1732433211742 1.5561683177947998 11
1732433211874 1.1186683177947998 12
1732433212275 1.1811683177947998 13
1732433212452 1.3061683177947998 14
1732433212632 1.1186683177947998 15
1732433212926 1.3686683177947998 16
1732433213343 1.3061683177947998 17
1732433213492 1.2436683177947998 18
1732433213711 1.4311683177947998 19
1732433214264 1.2436683177947998 20
1732433214376 1.2436683177947998 21
1732433214537 1.6186683177947998 22
1732433214772 1.4936683177947998 23
1732433215040 1.2436683177947998 24
1732433215165 1.3061683177947998 25
1732433215387 1.1811683177947998 26
1732433215600 1.4311683177947998 27
1732433215785 1.3686683177947998 28
1732433215911 1.1811683177947998 29
1732433216178 1.1811683177947998 30
1732433216389 1.3061683177947998 31
1732433216646 1.4936683177947998 32
1732433216763 1.4311683177947998 33
1732433216942 1.3686683177947998 34
1732433217225 1.2436683177947998 35
1732433217483 1.2436683177947998 36
1732433217597 1.3686683177947998 37
1732433217886 1.3686683177947998 38
1732433218137 1.5561683177947998 39
1732433218303 1.4936683177947998 40
1732433218422 1.4936683177947998 41
1732433218632 1.3061683177947998 42
1732433219091 1.3061683177947998 43
1732433219294 1.3686683177947998 44
1732433219442 1.3686683177947998 45
1732433219655 1.4311683177947998 46
1732433219917 1.4311683177947998 47
1732433220115 1.2436683177947998 48
1732433220213 1.3686683177947998 49
1732433220334 1.2436683177947998 50
1732433220437 1.4311683177947998 51
1732433220548 1.2436683177947998 52
1732433220644 1.3686683177947998 53
1732433220750 1.3061683177947998 54
1732433221031 1.3436682224273682 55
1732433226915 1.4936683177947998 0
1732433227698 1.1811683177947998 1
1732433227918 1.3061683177947998 2
1732433228147 1.2436683177947998 3
1732433228292 1.4936683177947998 4
1732433228452 1.4936683177947998 5
1732433228804 1.1811683177947998 6
1732433229173 1.2436683177947998 7
1732433229314 1.3061683177947998 8
1732433229510 1.2436683177947998 9
1732433229740 1.4311683177947998 10
1732433230132 1.4311683177947998 11
1732433230348 1.0561683177947998 12
1732433230522 1.2436683177947998 13
1732433230762 1.3061683177947998 14
1732433231123 1.3686683177947998 15
1732433231295 1.4936683177947998 16
1732433231459 1.3061683177947998 17
1732433231953 1.4936683177947998 18
1732433232271 1.3061683177947998 19
1732433232586 1.2436683177947998 20
1732433232813 1.4311683177947998 21
1732433233084 1.6186683177947998 22
1732433233338 1.6186683177947998 23
1732433233584 1.4936683177947998 24
1732433233816 1.2436683177947998 25
1732433234189 1.2436683177947998 26
1732433234440 1.3061683177947998 27
1732433234761 1.1186683177947998 28
1732433235023 1.3061683177947998 29
1732433235177 1.3061683177947998 30
1732433235424 1.2436683177947998 31
1732433235862 1.3686683177947998 32
1732433236006 1.1811683177947998 33
1732433236186 1.2436683177947998 34
1732433236361 1.3061683177947998 35
1732433236855 1.2436683177947998 36
1732433237150 1.1811683177947998 37
1732433237522 1.2436683177947998 38
1732433237861 1.3686683177947998 39
1732433238224 1.4311683177947998 40
1732433238344 1.5561683177947998 41
1732433238695 1.2436683177947998 42
1732433238864 1.2436683177947998 43
1732433238981 1.2436683177947998 44
1732433239083 1.3061683177947998 45
1732433239182 1.2436683177947998 46
1732433239286 1.4311683177947998 47
1732433239390 1.3061683177947998 48
1732433239482 1.2436683177947998 49
1732433239597 1.3686683177947998 50
1732433239692 1.3061683177947998 51
1732433239792 1.3686681985855103 52
1732433239887 1.4311683177947998 53
1732433239988 1.4311683177947998 54
1732433240071 1.2103350162506104 55
1732433245488 1.2436683177947998 0
1732433245767 1.0561683177947998 1
1732433246130 1.3686683177947998 2
1732433246504 1.3686681985855103 3
1732433246704 1.2436683177947998 4
1732433246823 1.3061683177947998 5
1732433246946 1.3061683177947998 6
1732433247132 1.1811683177947998 7
1732433247599 1.4936683177947998 8
1732433247729 1.2436683177947998 9
1732433247872 1.4311683177947998 10
1732433248130 1.1186683177947998 11
1732433248235 1.2436683177947998 12
1732433248482 1.4311683177947998 13
1732433248715 1.3686683177947998 14
1732433248922 1.4311683177947998 15
1732433249040 1.1186683177947998 16
1732433249238 1.3061683177947998 17
1732433249600 1.3061683177947998 18
1732433249722 1.4936683177947998 19
1732433249859 1.2436683177947998 20
1732433250068 1.4936683177947998 21
1732433250303 1.2436683177947998 22
1732433250504 1.4311683177947998 23
1732433250627 1.2436683177947998 24
1732433250838 1.1186683177947998 25
1732433251043 1.4311683177947998 26
1732433251215 1.3061683177947998 27
1732433251348 1.4311683177947998 28
1732433251496 0.9936683177947998 29
1732433251949 1.2436683177947998 30
1732433252235 1.4936683177947998 31
1732433252449 1.4311683177947998 32
1732433252707 1.3061683177947998 33
1732433252876 1.4936683177947998 34
1732433253082 1.4311683177947998 35
1732433253205 1.2436683177947998 36
1732433253392 1.3686683177947998 37
1732433253660 1.3061683177947998 38
1732433253890 1.3061683177947998 39
1732433254035 1.5561683177947998 40
1732433254211 1.4936683177947998 41
1732433254376 1.2436683177947998 42
1732433254647 1.4936683177947998 43
1732433254772 1.4311683177947998 44
1732433254919 1.2436683177947998 45
1732433255375 1.1811683177947998 46
1732433255544 1.4936683177947998 47
1732433255699 1.3061683177947998 48
1732433255953 1.1811683177947998 49
1732433256203 1.4311683177947998 50
1732433256347 1.3061683177947998 51
1732433256469 1.3061683177947998 52
1732433256631 1.1811683177947998 53
1732433256878 1.3686683177947998 54
1732433256955 1.477001667022705 55
1732433262780 1.3686683177947998 0
1732433263103 1.2436683177947998 1
1732433263541 1.3061683177947998 2
1732433263910 1.4936683177947998 3
1732433264180 1.3061683177947998 4
1732433264285 1.3061683177947998 5
1732433264396 1.3686683177947998 6
1732433264523 1.3686683177947998 7
1732433265293 1.4311683177947998 8
1732433265412 1.3061683177947998 9
1732433265520 0.9311683177947998 10
1732433265650 1.3061683177947998 11
1732433265934 1.2436683177947998 12
1732433266049 1.2436683177947998 13
1732433266429 1.2436683177947998 14
1732433266561 1.1186683177947998 15
1732433266723 1.3686683177947998 16
1732433266823 1.4936683177947998 17
1732433267135 1.3061683177947998 18
1732433267260 1.3686683177947998 19
1732433267453 1.2436683177947998 20
1732433267554 1.3686683177947998 21
1732433267746 1.4311683177947998 22
1732433267861 1.3686683177947998 23
1732433268167 1.3686683177947998 24
1732433268272 1.4936683177947998 25
1732433268462 1.4936683177947998 26
1732433268563 1.4311683177947998 27
1732433269171 1.1186683177947998 28
1732433269282 1.3061683177947998 29
1732433269394 1.4936683177947998 30
1732433269518 1.3061683177947998 31
1732433269798 1.4936683177947998 32
1732433269963 1.3686683177947998 33
1732433270094 1.4936683177947998 34
1732433270194 1.1186683177947998 35
1732433270441 1.2436683177947998 36
1732433270565 1.2436683177947998 37
1732433270826 1.3686683177947998 38
1732433270930 1.2436683177947998 39
1732433271066 1.3686683177947998 40
1732433271172 1.3686683177947998 41
1732433271431 1.2436683177947998 42
1732433271537 1.3686683177947998 43
1732433271710 1.4311683177947998 44
1732433271811 1.1811683177947998 45
1732433272079 1.3061683177947998 46
1732433272180 1.3686683177947998 47
1732433272302 1.3686683177947998 48
1732433272388 1.5561683177947998 49
1732433272694 1.4936683177947998 50
1732433272886 1.1186683177947998 51
1732433272983 1.3061683177947998 52
1732433273067 1.2436683177947998 53
1732433273296 1.2436683177947998 54
1732433273395 1.2103348970413208 55
1732433279370 1.3686683177947998 0
1732433279731 1.4311683177947998 1
1732433280133 1.3061683177947998 2
1732433280544 1.4311683177947998 3
1732433280880 1.3686683177947998 4
1732433280987 1.1186683177947998 5
1732433281125 1.4936683177947998 6
1732433281384 1.5561683177947998 7
1732433281724 1.4311683177947998 8
1732433281827 1.1811683177947998 9
1732433281944 1.3061683177947998 10
1732433282062 1.2436683177947998 11
1732433282233 1.3686683177947998 12
1732433282451 1.4936683177947998 13
1732433282549 1.3061683177947998 14
1732433282656 1.3061683177947998 15
1732433283314 1.2436683177947998 16
1732433283421 1.4311683177947998 17
1732433283537 1.2436683177947998 18
1732433283646 1.2436683177947998 19
1732433284097 1.4936683177947998 20
1732433284192 1.1811683177947998 21
1732433284325 1.1186683177947998 22
1732433284442 1.2436683177947998 23
1732433284910 1.4936683177947998 24
1732433285021 1.4311683177947998 25
1732433285215 1.1811683177947998 26
1732433285514 1.3686683177947998 27
1732433285701 1.4311683177947998 28
1732433285891 1.3686683177947998 29
1732433286085 1.2436683177947998 30
1732433286228 1.4311683177947998 31
1732433286464 1.3686683177947998 32
1732433286696 1.2436683177947998 33
1732433286815 1.3061683177947998 34
1732433286935 1.2436683177947998 35
1732433287309 1.4311683177947998 36
1732433287497 1.3686683177947998 37
1732433287646 1.5561683177947998 38
1732433287806 1.5561683177947998 39
1732433288048 1.3061683177947998 40
1732433288192 1.2436683177947998 41
1732433288430 1.3686681985855103 42
1732433288565 1.0561683177947998 43
1732433288822 1.2436683177947998 44
1732433288944 1.4311683177947998 45
1732433289231 1.1186683177947998 46
1732433289433 1.2436683177947998 47
1732433289559 1.2436683177947998 48
1732433289697 1.4936683177947998 49
1732433289896 1.1811683177947998 50
1732433290053 1.2436683177947998 51
1732433290443 1.2436683177947998 52
1732433290538 1.4311683177947998 53
1732433290640 1.3061683177947998 54
1732433290804 1.2103350162506104 55
1732433296539 1.2436683177947998 0
1732433296830 1.0561683177947998 1
1732433297085 1.1811683177947998 2
1732433297367 1.3686683177947998 3
1732433297613 1.4311683177947998 4
1732433297831 1.4311683177947998 5
1732433298015 1.4311683177947998 6
1732433298137 1.1186683177947998 7
1732433298378 1.2436683177947998 8
1732433298645 1.2436683177947998 9
1732433298798 1.4936683177947998 10
1732433299031 1.3686683177947998 11
1732433299319 1.4311683177947998 12
1732433299510 1.4936683177947998 13
1732433299708 0.9936683177947998 14
1732433299862 1.4311683177947998 15
1732433300482 1.4936683177947998 16
1732433300694 1.4936683177947998 17
1732433300812 0.993668258190155 18
1732433300929 1.2436683177947998 19
1732433301575 1.3686683177947998 20
1732433301682 1.2436683177947998 21
1732433301811 1.2436683177947998 22
1732433301952 1.1186683177947998 23
1732433302102 1.2436683177947998 24
1732433302636 0.993668258190155 25
1732433302774 1.3686683177947998 26
1732433302883 1.5561683177947998 27
1732433303170 1.3686683177947998 28
1732433303423 1.2436683177947998 29
1732433303552 1.1186683177947998 30
1732433303668 1.4311683177947998 31
1732433303809 1.3061683177947998 32
1732433304340 1.5561683177947998 33
1732433304484 1.6186683177947998 34
1732433304622 1.3686683177947998 35
1732433304790 1.3061683177947998 36
1732433305349 1.5561683177947998 37
1732433305495 1.7436683177947998 38
1732433305633 1.1811683177947998 39
1732433305779 1.3061683177947998 40
1732433305958 1.4311683177947998 41
1732433306277 1.3686683177947998 42
1732433306444 1.4936683177947998 43
1732433306611 1.1811683177947998 44
1732433306741 1.2436683177947998 45
1732433307032 1.3061683177947998 46
1732433307385 1.4311683177947998 47
1732433307510 1.4936683177947998 48
1732433307614 1.1811683177947998 49
1732433307760 1.0561683177947998 50
1732433308093 1.4311683177947998 51
1732433308249 1.2436683177947998 52
1732433308348 1.3061683177947998 53
1732433308449 1.4311683177947998 54
1732433308616 1.2770017385482788 55
1732433314313 1.3061683177947998 0
1732433314879 1.1186683177947998 1
1732433315354 1.3686683177947998 2
1732433315671 1.3061683177947998 3
1732433315945 1.2436683177947998 4
1732433316131 1.2436683177947998 5
1732433316276 1.2436683177947998 6
1732433316447 1.2436683177947998 7
1732433317095 1.4936683177947998 8
1732433317214 1.4311683177947998 9
1732433317341 1.1811683177947998 10
1732433317495 1.3686683177947998 11
1732433317874 1.1186683177947998 12
1732433317995 1.3686683177947998 13
1732433318138 1.4311683177947998 14
1732433318403 1.3686683177947998 15
1732433318638 1.2436683177947998 16
1732433318768 1.3061683177947998 17
1732433318898 1.3686683177947998 18
1732433319048 1.3061683177947998 19
1732433319426 1.4936683177947998 20
1732433319633 1.3061683177947998 21
1732433319766 1.3686683177947998 22
1732433320125 1.5561683177947998 23
1732433320329 1.4311683177947998 24
1732433320445 1.3061683177947998 25
1732433320579 1.2436683177947998 26
1732433320895 1.1811683177947998 27
1732433321073 1.1811683177947998 28
1732433321202 1.5561683177947998 29
1732433321370 1.2436683177947998 30
1732433321580 1.2436683177947998 31
1732433321843 1.3686683177947998 32
1732433321975 1.1811683177947998 33
1732433322190 1.4311683177947998 34
1732433322533 1.4311683177947998 35
1732433322656 1.4311683177947998 36
1732433322854 1.4936683177947998 37
1732433323022 1.4311683177947998 38
1732433323310 1.4936683177947998 39
1732433323432 1.1811683177947998 40
1732433323641 1.3061683177947998 41
1732433323770 1.3686683177947998 42
1732433324036 1.2436683177947998 43
1732433324174 1.1811683177947998 44
1732433324350 1.5561683177947998 45
1732433324478 1.3061683177947998 46
1732433324635 1.3686683177947998 47
1732433324739 1.2436683177947998 48
1732433324877 1.3061683177947998 49
1732433324983 1.3061683177947998 50
1732433325102 1.5561683177947998 51
1732433325285 1.1811683177947998 52
1732433325391 1.3061683177947998 53
1732433325498 1.3061683177947998 54
1732433325681 1.1436684131622314 55
1732433331624 1.3061683177947998 0
1732433331895 1.4936683177947998 1
1732433332413 1.1811683177947998 2
1732433332782 1.2436683177947998 3
1732433332974 1.1186683177947998 4
1732433333081 1.1811683177947998 5
1732433333190 1.3686683177947998 6
1732433333294 1.3061683177947998 7
1732433333847 1.3686683177947998 8
1732433333953 1.4936683177947998 9
1732433334086 1.3686683177947998 10
1732433334313 1.3061683177947998 11
1732433334493 1.4936683177947998 12
1732433334601 1.1811683177947998 13
1732433334763 1.3686683177947998 14
1732433334910 1.5561683177947998 15
1732433335156 1.4311683177947998 16
1732433335313 1.1811683177947998 17
1732433335453 1.3061683177947998 18
1732433335570 1.4311683177947998 19
1732433335876 1.3061683177947998 20
1732433335986 1.3686683177947998 21
1732433336110 1.2436683177947998 22
1732433336234 1.5561683177947998 23
1732433336537 1.3686683177947998 24
1732433336659 1.2436683177947998 25
1732433336878 1.3686683177947998 26
1732433337072 1.3061683177947998 27
1732433337241 1.3686683177947998 28
1732433337357 1.1811683177947998 29
1732433337517 1.1811683177947998 30
1732433337648 1.3061683177947998 31
1732433338188 1.1811683177947998 32
1732433338300 1.3061683177947998 33
1732433338432 1.4311681985855103 34
1732433338671 1.6186683177947998 35
1732433338948 1.3061683177947998 36
1732433339076 1.2436683177947998 37
1732433339283 1.2436683177947998 38
1732433339568 1.1186683177947998 39
1732433339724 1.2436683177947998 40
1732433339901 1.1811683177947998 41
1732433340200 1.4311683177947998 42
1732433340423 1.3686683177947998 43
1732433340686 1.6186683177947998 44
1732433340845 1.4311683177947998 45
1732433341179 1.4311683177947998 46
1732433341431 1.1811683177947998 47
1732433341663 1.3061683177947998 48
1732433341882 1.3686683177947998 49
1732433342023 1.3061683177947998 50
1732433342163 1.3061683177947998 51
1732433342269 1.3061683177947998 52
1732433342396 1.4311683177947998 53
1732433342520 1.1811683177947998 54
1732433342701 1.2770017385482788 55
1732433348726 1.3686683177947998 0
1732433349025 1.2436683177947998 1
1732433349404 1.3686683177947998 2
1732433349779 1.1811683177947998 3
1732433350075 1.5561683177947998 4
1732433350187 1.3061683177947998 5
1732433350300 1.1811683177947998 6
1732433350396 1.0561683177947998 7
1732433350722 1.3061683177947998 8
1732433350817 1.4936683177947998 9
1732433350923 1.2436683177947998 10
1732433351022 1.2436683177947998 11
1732433351207 1.1811683177947998 12
1732433351309 1.6186683177947998 13
1732433351511 1.3061683177947998 14
1732433351879 1.2436683177947998 15
1732433351983 1.2436683177947998 16
1732433352087 1.3061683177947998 17
1732433352268 1.3686683177947998 18
1732433352464 1.3686683177947998 19
1732433352572 1.3061683177947998 20
1732433352666 1.3061683177947998 21
1732433353079 1.1186683177947998 22
1732433353256 1.3061683177947998 23
1732433353354 1.4936683177947998 24
1732433353454 1.3061683177947998 25
1732433353622 1.5561683177947998 26
1732433353878 1.4311683177947998 27
1732433353973 1.3061683177947998 28
1732433354073 1.2436683177947998 29
1732433354282 1.4311683177947998 30
1732433354485 1.3686683177947998 31
1732433354587 1.3061683177947998 32
1732433354677 1.4311683177947998 33
1732433354910 1.3061683177947998 34
1732433355158 1.4936683177947998 35
1732433355248 1.2436683177947998 36
1732433355341 1.3061683177947998 37
1732433355540 1.4311683177947998 38
1732433355776 1.4311683177947998 39
1732433355887 1.2436683177947998 40
1732433355982 1.4311683177947998 41
1732433356175 1.3061683177947998 42
1732433356531 1.3061683177947998 43
1732433356642 1.0561683177947998 44
1732433356760 1.1811683177947998 45
1732433356886 1.0561683177947998 46
1732433357222 1.4936683177947998 47
1732433357330 1.4311683177947998 48
1732433357419 1.2436683177947998 49
1732433357524 1.4936683177947998 50
1732433357860 1.3686683177947998 51
1732433357965 1.4936683177947998 52
1732433358044 1.3061683177947998 53
1732433358135 1.4311683177947998 54
1732433358370 1.1436684131622314 55
