1732433209166 0.796875 1
1732433209856 0.8125 3
1732433210362 0.78125 5
1732433210614 0.75 7
1732433211484 0.65625 9
1732433211761 0.59375 11
1732433212305 0.78125 13
1732433212692 0.8125 15
1732433213363 0.71875 17
1732433213749 0.65625 19
1732433214401 0.75 21
1732433214800 0.625 23
1732433215193 0.71875 25
1732433215626 0.65625 27
1732433215936 0.78125 29
1732433216412 0.71875 31
1732433216787 0.65625 33
1732433217253 0.75 35
1732433217631 0.6875 37
1732433218161 0.59375 39
1732433218444 0.625 41
1732433219116 0.71875 43
1732433219465 0.6875 45
1732433219939 0.65625 47
1732433220234 0.6875 49
1732433220458 0.65625 51
1732433220665 0.6875 53
1732433221418 0.699999988079071 55
1732433227719 0.78125 57
1732433228164 0.75 59
1732433228478 0.625 61
1732433229199 0.75 63
1732433229532 0.75 65
1732433230167 0.65625 67
1732433230544 0.75 69
1732433231146 0.6875 71
1732433231483 0.71875 73
1732433232303 0.71875 75
1732433232837 0.65625 77
1732433233365 0.5625 79
1732433233839 0.75 81
1732433234468 0.71875 83
1732433235044 0.71875 85
1732433235450 0.75 87
1732433236031 0.78125 89
1732433236391 0.71875 91
1732433237181 0.78125 93
1732433237959 0.6875 95
1732433238380 0.59375 97
1732433238888 0.75 99
1732433239103 0.71875 101
1732433239306 0.65625 103
1732433239501 0.75 105
1732433239712 0.71875 107
1732433239907 0.65625 109
1732433240085 0.7666666507720947 111
1732433245790 0.84375 113
1732433246525 0.6875 115
1732433246849 0.71875 117
1732433247158 0.78125 119
1732433247766 0.75 121
1732433248154 0.8125 123
1732433248507 0.65625 125
1732433248945 0.65625 127
1732433249263 0.71875 129
1732433249747 0.625 131
1732433250091 0.625 133
1732433250526 0.65625 135
1732433250862 0.8125 137
1732433251237 0.71875 139
1732433251519 0.875 141
1732433252261 0.625 143
1732433252728 0.71875 145
1732433253103 0.65625 147
1732433253421 0.6875 149
1732433253914 0.71875 151
1732433254234 0.625 153
1732433254669 0.625 155
1732433254945 0.75 157
1732433255566 0.625 159
1732433255978 0.78125 161
1732433256377 0.71875 163
1732433256655 0.78125 165
1732433256969 0.6333333253860474 167
1732433263120 0.75 169
1732433263947 0.625 171
1732433264306 0.71875 173
1732433264548 0.6875 175
1732433265433 0.71875 177
1732433265675 0.71875 179
1732433266090 0.75 181
1732433266590 0.8125 183
1732433266848 0.625 185
1732433267285 0.6875 187
1732433267577 0.6875 189
1732433267886 0.6875 191
1732433268296 0.625 193
1732433268585 0.65625 195
1732433269303 0.71875 197
1732433269541 0.71875 199
1732433269984 0.6875 201
1732433270218 0.8125 203
1732433270589 0.75 205
1732433270953 0.75 207
1732433271196 0.6875 209
1732433271561 0.6875 211
1732433271831 0.78125 213
1732433272204 0.6875 215
1732433272412 0.59375 217
1732433272907 0.8125 219
1732433273088 0.75 221
1732433273411 0.7666666507720947 223
1732433279756 0.65625 225
1732433280594 0.65625 227
1732433281017 0.8125 229
1732433281410 0.59375 231
1732433281849 0.78125 233
1732433282085 0.75 235
1732433282473 0.625 237
1732433282682 0.71875 239
1732433283448 0.65625 241
1732433283670 0.75 243
1732433284216 0.78125 245
1732433284465 0.75 247
1732433285039 0.65625 249
1732433285556 0.6875 251
1732433285916 0.6875 253
1732433286250 0.65625 255
1732433286716 0.75 257
1732433286959 0.75 259
1732433287527 0.6875 261
1732433287834 0.59375 263
1732433288219 0.75 265
1732433288589 0.84375 267
1732433288967 0.65625 269
1732433289456 0.75 271
1732433289720 0.625 273
1732433290077 0.75 275
1732433290558 0.65625 277
1732433290817 0.7666666507720947 279
1732433296854 0.84375 281
1732433297392 0.6875 283
1732433297852 0.65625 285
1732433298157 0.8125 287
1732433298666 0.75 289
1732433299055 0.6875 291
1732433299547 0.625 293
1732433299889 0.65625 295
1732433300716 0.625 297
1732433300952 0.75 299
1732433301705 0.75 301
1732433301973 0.8125 303
1732433302669 0.875 305
1732433302907 0.59375 307
1732433303444 0.75 309
1732433303689 0.65625 311
1732433304373 0.59375 313
1732433304646 0.6875 315
1732433305375 0.59375 317
1732433305659 0.78125 319
1732433305989 0.65625 321
1732433306471 0.625 323
1732433306766 0.75 325
1732433307411 0.65625 327
1732433307636 0.78125 329
1732433308117 0.65625 331
1732433308368 0.71875 333
1732433308631 0.7333333492279053 335
1732433314904 0.8125 337
1732433315690 0.71875 339
1732433316152 0.75 341
1732433316471 0.75 343
1732433317242 0.65625 345
1732433317520 0.6875 347
1732433318022 0.6875 349
1732433318436 0.6875 351
1732433318790 0.71875 353
1732433319070 0.71875 355
1732433319655 0.71875 357
1732433320159 0.59375 359
1732433320466 0.71875 361
1732433320921 0.78125 363
1732433321224 0.59375 365
1732433321620 0.75 367
1732433321998 0.78125 369
1732433322562 0.65625 371
1732433322879 0.625 373
1732433323335 0.625 375
1732433323665 0.71875 377
1732433324059 0.75 379
1732433324371 0.59375 381
1732433324656 0.6875 383
1732433324898 0.71875 385
1732433325124 0.59375 387
1732433325412 0.71875 389
1732433325701 0.800000011920929 391
1732433331923 0.625 393
1732433332804 0.75 395
1732433333102 0.78125 397
1732433333318 0.71875 399
1732433333975 0.625 401
1732433334333 0.71875 403
1732433334626 0.78125 405
1732433334935 0.59375 407
1732433335339 0.78125 409
1732433335596 0.65625 411
1732433336008 0.6875 413
1732433336256 0.59375 415
1732433336681 0.75 417
1732433337098 0.71875 419
1732433337380 0.78125 421
1732433337672 0.71875 423
1732433338321 0.71875 425
1732433338698 0.5625 427
1732433339108 0.75 429
1732433339597 0.8125 431
1732433339923 0.78125 433
1732433340446 0.6875 435
1732433340867 0.65625 437
1732433341460 0.78125 439
1732433341918 0.6875 441
1732433342184 0.71875 443
1732433342414 0.65625 445
1732433342715 0.7333333492279053 447
1732433349046 0.75 449
1732433349806 0.78125 451
1732433350208 0.71875 453
1732433350418 0.84375 455
1732433350839 0.625 457
1732433351043 0.75 459
1732433351335 0.5625 461
1732433351902 0.75 463
1732433352110 0.71875 465
1732433352489 0.6875 467
1732433352688 0.71875 469
1732433353277 0.71875 471
1732433353476 0.71875 473
1732433353903 0.65625 475
1732433354095 0.75 477
1732433354511 0.6875 479
1732433354699 0.65625 481
1732433355179 0.625 483
1732433355364 0.71875 485
1732433355807 0.65625 487
1732433356004 0.65625 489
1732433356562 0.71875 491
1732433356783 0.78125 493
1732433357252 0.625 495
1732433357441 0.75 497
1732433357882 0.6875 499
1732433358064 0.71875 501
1732433358387 0.800000011920929 503
