1732439531197 0.0 3
1732439531599 0.0 7
1732439532003 0.0 11
1732439532465 0.0 15
1732439532892 0.0 19
1732439533428 0.0 23
1732439533880 0.0 27
1732439534236 0.0 31
1732439534594 0.0 35
1732439534998 0.0 39
1732439535366 0.0 43
1732439535823 0.0 47
1732439536194 0.0 51
1732439536789 0.0 55
1732439538251 0.0 55
1732439538281 0.0 55
1732439539045 1.0 59
1732439539318 1.0 63
1732439539721 1.0 67
1732439540123 1.0 71
1732439540579 1.0 75
1732439541105 1.0 79
1732439541534 1.0 83
1732439541888 1.0 87
1732439542298 1.0 91
1732439542709 1.0 95
1732439543121 1.0 99
1732439543507 1.0 103
1732439543873 1.0 107
1732439544191 1.0 111
1732439545688 1.0 111
1732439545713 1.0 111
1732439546415 2.0 115
1732439546764 2.0 119
1732439547142 2.0 123
1732439547558 2.0 127
1732439547917 2.0 131
1732439548345 2.0 135
1732439548835 2.0 139
1732439549128 2.0 143
1732439549520 2.0 147
1732439549896 2.0 151
1732439550294 2.0 155
1732439550686 2.0 159
1732439551076 2.0 163
1732439551477 2.0 167
1732439553017 2.0 167
1732439553039 2.0 167
1732439553626 3.0 171
1732439554065 3.0 175
1732439554438 3.0 179
1732439554854 3.0 183
1732439555247 3.0 187
1732439555680 3.0 191
1732439556128 3.0 195
1732439556546 3.0 199
1732439556929 3.0 203
1732439557356 3.0 207
1732439557754 3.0 211
1732439558142 3.0 215
1732439558498 3.0 219
1732439558911 3.0 223
1732439560347 3.0 223
1732439560370 3.0 223
1732439561062 4.0 227
1732439561490 4.0 231
1732439561848 4.0 235
1732439562315 4.0 239
1732439562677 4.0 243
1732439563133 4.0 247
1732439563558 4.0 251
1732439564014 4.0 255
1732439564355 4.0 259
1732439564750 4.0 263
1732439565153 4.0 267
1732439565593 4.0 271
1732439565966 4.0 275
1732439566308 4.0 279
1732439568011 4.0 279
1732439568042 4.0 279
1732439568699 5.0 283
1732439569127 5.0 287
1732439569550 5.0 291
1732439569898 5.0 295
1732439570253 5.0 299
1732439570668 5.0 303
1732439571099 5.0 307
1732439571535 5.0 311
1732439571879 5.0 315
1732439572269 5.0 319
1732439572637 5.0 323
1732439573064 5.0 327
1732439573434 5.0 331
1732439573791 5.0 335
1732439575318 5.0 335
1732439575341 5.0 335
1732439576026 6.0 339
1732439576415 6.0 343
1732439576838 6.0 347
1732439577201 6.0 351
1732439577569 6.0 355
1732439578012 6.0 359
1732439578451 6.0 363
1732439578899 6.0 367
1732439579331 6.0 371
1732439579759 6.0 375
1732439580102 6.0 379
1732439580487 6.0 383
1732439580820 6.0 387
1732439581257 6.0 391
1732439582647 6.0 391
1732439582675 6.0 391
1732439583284 7.0 395
1732439583692 7.0 399
1732439584098 7.0 403
1732439584523 7.0 407
1732439584913 7.0 411
1732439585351 7.0 415
1732439585811 7.0 419
1732439586165 7.0 423
1732439586588 7.0 427
1732439586980 7.0 431
1732439587356 7.0 435
1732439587698 7.0 439
1732439588082 7.0 443
1732439588476 7.0 447
1732439589878 7.0 447
1732439589905 7.0 447
1732439590518 8.0 451
1732439590953 8.0 455
1732439591404 8.0 459
1732439591805 8.0 463
1732439592179 8.0 467
1732439592557 8.0 471
1732439592894 8.0 475
1732439593306 8.0 479
1732439593664 8.0 483
1732439594011 8.0 487
1732439594407 8.0 491
1732439594812 8.0 495
1732439595230 8.0 499
1732439595653 8.0 503
1732439597080 8.0 503
1732439597107 8.0 503
1732439597728 9.0 507
1732439598110 9.0 511
1732439598476 9.0 515
1732439598933 9.0 519
1732439599354 9.0 523
1732439599777 9.0 527
1732439600170 9.0 531
1732439600552 9.0 535
1732439601030 9.0 539
1732439601428 9.0 543
1732439601816 9.0 547
1732439602189 9.0 551
1732439602585 9.0 555
1732439602967 9.0 559
1732439604470 9.0 559
1732439604495 9.0 559
1732439605208 10.0 563
1732439605714 10.0 567
1732439606122 10.0 571
1732439606535 10.0 575
1732439606942 10.0 579
1732439607343 10.0 583
1732439607771 10.0 587
1732439608258 10.0 591
1732439608671 10.0 595
1732439609060 10.0 599
1732439609505 10.0 603
1732439609869 10.0 607
1732439610242 10.0 611
1732439610621 10.0 615
1732439612155 10.0 615
1732439612181 10.0 615
1732439612927 11.0 619
1732439613363 11.0 623
1732439613839 11.0 627
1732439614204 11.0 631
1732439614617 11.0 635
1732439615045 11.0 639
1732439615462 11.0 643
1732439615861 11.0 647
1732439616308 11.0 651
1732439616723 11.0 655
1732439617091 11.0 659
1732439617512 11.0 663
1732439617910 11.0 667
1732439618338 11.0 671
1732439619872 11.0 671
1732439619901 11.0 671
1732439620548 12.0 675
1732439620935 12.0 679
1732439621356 12.0 683
1732439621815 12.0 687
1732439622231 12.0 691
1732439622630 12.0 695
1732439623039 12.0 699
1732439623449 12.0 703
1732439623859 12.0 707
1732439624316 12.0 711
1732439624730 12.0 715
1732439625130 12.0 719
1732439625519 12.0 723
1732439625889 12.0 727
1732439627512 12.0 727
1732439627540 12.0 727
1732439628352 13.0 731
1732439628734 13.0 735
1732439629204 13.0 739
1732439629653 13.0 743
1732439630106 13.0 747
1732439630520 13.0 751
1732439630913 13.0 755
1732439631264 13.0 759
1732439631683 13.0 763
1732439632088 13.0 767
1732439632521 13.0 771
1732439632918 13.0 775
1732439633334 13.0 779
1732439633763 13.0 783
1732439635348 13.0 783
1732439635379 13.0 783
1732439636191 14.0 787
1732439636599 14.0 791
1732439637059 14.0 795
1732439637514 14.0 799
1732439637985 14.0 803
1732439638482 14.0 807
1732439638900 14.0 811
1732439639355 14.0 815
1732439639748 14.0 819
1732439640174 14.0 823
1732439640601 14.0 827
1732439641051 14.0 831
1732439641497 14.0 835
1732439641953 14.0 839
1732439643579 14.0 839
1732439643607 14.0 839
1732439644400 15.0 843
1732439644787 15.0 847
1732439645214 15.0 851
1732439645655 15.0 855
1732439646156 15.0 859
1732439646581 15.0 863
1732439647028 15.0 867
1732439647500 15.0 871
1732439647882 15.0 875
1732439648288 15.0 879
1732439648748 15.0 883
1732439649170 15.0 887
1732439649572 15.0 891
1732439649983 15.0 895
1732439651576 15.0 895
1732439651605 15.0 895
1732439652200 16.0 899
1732439652635 16.0 903
1732439653042 16.0 907
1732439653470 16.0 911
1732439653840 16.0 915
1732439654311 16.0 919
1732439654737 16.0 923
1732439655133 16.0 927
1732439655576 16.0 931
1732439655960 16.0 935
1732439656384 16.0 939
1732439656804 16.0 943
1732439657188 16.0 947
1732439657574 16.0 951
1732439659113 16.0 951
1732439659138 16.0 951
1732439659856 17.0 955
1732439660291 17.0 959
1732439660699 17.0 963
1732439661118 17.0 967
1732439661476 17.0 971
1732439661847 17.0 975
1732439662278 17.0 979
1732439662702 17.0 983
1732439663117 17.0 987
1732439663542 17.0 991
1732439663934 17.0 995
1732439664331 17.0 999
1732439664707 17.0 1003
1732439665142 17.0 1007
1732439666693 17.0 1007
1732439666724 17.0 1007
1732439667472 18.0 1011
1732439667909 18.0 1015
1732439668309 18.0 1019
1732439668695 18.0 1023
1732439669151 18.0 1027
1732439669542 18.0 1031
1732439670006 18.0 1035
1732439670430 18.0 1039
1732439670793 18.0 1043
1732439671166 18.0 1047
1732439671537 18.0 1051
1732439671881 18.0 1055
1732439672286 18.0 1059
1732439672715 18.0 1063
1732439674240 18.0 1063
1732439674269 18.0 1063
1732439674992 19.0 1067
1732439675412 19.0 1071
1732439675829 19.0 1075
1732439676202 19.0 1079
1732439676613 19.0 1083
1732439677041 19.0 1087
1732439677429 19.0 1091
1732439677864 19.0 1095
1732439678306 19.0 1099
1732439678811 19.0 1103
1732439679212 19.0 1107
1732439679587 19.0 1111
1732439680026 19.0 1115
1732439680453 19.0 1119
1732439681933 19.0 1119
1732439681960 19.0 1119
