1732439530794 1.3898491859436035 0
1732439531040 1.3635599613189697 1
1732439531118 1.3687961101531982 2
1732439531185 1.4249722957611084 3
1732439531411 1.2396070957183838 4
1732439531473 1.2101531028747559 5
1732439531530 1.1845104694366455 6
1732439531586 1.1189888715744019 7
1732439531829 1.4311336278915405 8
1732439531888 1.243667483329773 9
1732439531941 1.056169033050537 10
1732439531989 1.3061683177947998 11
1732439532284 1.1811683177947998 12
1732439532344 1.1811683177947998 13
1732439532395 1.4311683177947998 14
1732439532453 1.0561683177947998 15
1732439532703 1.4311683177947998 16
1732439532766 1.3686683177947998 17
1732439532827 1.3686683177947998 18
1732439532880 1.4311683177947998 19
1732439533228 0.993668258190155 20
1732439533298 1.3061683177947998 21
1732439533353 1.6186683177947998 22
1732439533414 1.5561683177947998 23
1732439533673 1.4936683177947998 24
1732439533735 1.2436683177947998 25
1732439533804 1.2436683177947998 26
1732439533866 1.4311683177947998 27
1732439534024 1.3061683177947998 28
1732439534091 1.3061683177947998 29
1732439534158 1.3686683177947998 30
1732439534223 1.5561683177947998 31
1732439534389 1.2436683177947998 32
1732439534454 1.4936683177947998 33
1732439534518 1.4936683177947998 34
1732439534582 1.3061683177947998 35
1732439534793 1.1811683177947998 36
1732439534858 1.5561683177947998 37
1732439534926 1.2436683177947998 38
1732439534986 1.4936683177947998 39
1732439535158 1.4936681985855103 40
1732439535221 1.3061683177947998 41
1732439535286 1.2436683177947998 42
1732439535350 1.4311683177947998 43
1732439535616 1.2436683177947998 44
1732439535681 1.4936683177947998 45
1732439535751 1.4311683177947998 46
1732439535806 1.3686683177947998 47
1732439535979 1.3061683177947998 48
1732439536044 1.3061683177947998 49
1732439536112 1.1811683177947998 50
1732439536181 1.4311683177947998 51
1732439536363 1.1811683177947998 52
1732439536429 1.4936683177947998 53
1732439536489 1.1186683177947998 54
1732439536670 1.2103350162506104 55
1732439538833 1.2436683177947998 0
1732439538900 1.1186683177947998 1
1732439538960 1.3686683177947998 2
1732439539030 1.3061683177947998 3
1732439539135 1.4936683177947998 4
1732439539200 1.4936683177947998 5
1732439539248 1.2436683177947998 6
1732439539302 1.3061683177947998 7
1732439539528 1.1186683177947998 8
1732439539599 1.4311683177947998 9
1732439539652 1.1186683177947998 10
1732439539706 1.3686683177947998 11
1732439539908 1.4936683177947998 12
1732439539999 1.3686683177947998 13
1732439540056 1.3061683177947998 14
1732439540107 1.3686683177947998 15
1732439540275 1.2436683177947998 16
1732439540434 1.4936683177947998 17
1732439540491 1.4936683177947998 18
1732439540565 1.3061683177947998 19
1732439540670 1.4311683177947998 20
1732439540962 1.1186683177947998 21
1732439541030 1.3061683177947998 22
1732439541093 1.5561683177947998 23
1732439541155 1.2436683177947998 24
1732439541389 1.4311683177947998 25
1732439541454 1.3061683177947998 26
1732439541522 1.4311683177947998 27
1732439541589 1.1811683177947998 28
1732439541745 1.2436683177947998 29
1732439541809 1.2436683177947998 30
1732439541874 1.1811683177947998 31
1732439541952 1.2436683177947998 32
1732439542171 1.3061681985855103 33
1732439542234 1.5561683177947998 34
1732439542286 1.2436683177947998 35
1732439542355 1.3686683177947998 36
1732439542581 1.4936683177947998 37
1732439542640 1.2436683177947998 38
1732439542693 1.3061683177947998 39
1732439542766 1.3061683177947998 40
1732439542989 1.1186683177947998 41
1732439543047 1.1811683177947998 42
1732439543106 1.4936683177947998 43
1732439543176 1.3061683177947998 44
1732439543358 1.3686683177947998 45
1732439543425 1.4311683177947998 46
1732439543492 1.4936683177947998 47
1732439543558 1.4936683177947998 48
1732439543734 1.3686683177947998 49
1732439543791 1.3686683177947998 50
1732439543858 1.1811683177947998 51
1732439543953 1.4311683177947998 52
1732439544075 1.1186683177947998 53
1732439544126 1.2436683177947998 54
1732439544180 1.2770017385482788 55
1732439546221 1.2436683177947998 0
1732439546282 1.1186683177947998 1
1732439546344 1.3686683177947998 2
1732439546401 1.3686683177947998 3
1732439546591 1.6186683177947998 4
1732439546644 1.3061683177947998 5
1732439546701 1.2436683177947998 6
1732439546750 1.3686683177947998 7
1732439546961 1.3686683177947998 8
1732439547019 1.4936683177947998 9
1732439547069 1.2436683177947998 10
1732439547127 1.3061683177947998 11
1732439547377 1.5561683177947998 12
1732439547432 1.3061683177947998 13
1732439547492 1.3686683177947998 14
1732439547544 1.3686683177947998 15
1732439547740 1.2436683177947998 16
1732439547797 1.3061683177947998 17
1732439547852 1.4311683177947998 18
1732439547903 1.3061683177947998 19
1732439548172 1.1811683177947998 20
1732439548223 1.2436683177947998 21
1732439548279 1.4311683177947998 22
1732439548333 1.4311683177947998 23
1732439548653 1.1811683177947998 24
1732439548705 1.3686683177947998 25
1732439548761 1.1186683177947998 26
1732439548821 1.0561683177947998 27
1732439548949 1.3686683177947998 28
1732439549009 1.3061683177947998 29
1732439549061 1.3686683177947998 30
1732439549113 1.3686683177947998 31
1732439549338 1.1186683177947998 32
1732439549384 1.4311683177947998 33
1732439549457 1.3686683177947998 34
1732439549506 1.3686683177947998 35
1732439549723 1.2436683177947998 36
1732439549777 1.4311683177947998 37
1732439549825 1.3061683177947998 38
1732439549883 1.1811683177947998 39
1732439550119 1.1811683177947998 40
1732439550176 1.3061683177947998 41
1732439550228 1.6186683177947998 42
1732439550280 1.5561683177947998 43
1732439550490 1.3686683177947998 44
1732439550549 1.4311683177947998 45
1732439550621 1.3686683177947998 46
1732439550670 1.4311683177947998 47
1732439550913 1.4311683177947998 48
1732439550967 1.2436683177947998 49
1732439551018 1.3686683177947998 50
1732439551065 1.3061683177947998 51
1732439551279 1.2436683177947998 52
1732439551332 1.1186683177947998 53
1732439551410 1.3061683177947998 54
1732439551459 1.2103350162506104 55
1732439553460 1.4311683177947998 0
1732439553517 1.2436683177947998 1
1732439553565 1.1811683177947998 2
1732439553613 1.1186683177947998 3
1732439553893 1.4311683177947998 4
1732439553946 1.4936683177947998 5
1732439553998 1.3686683177947998 6
1732439554053 1.5561683177947998 7
1732439554235 1.3061683177947998 8
1732439554298 1.3686683177947998 9
1732439554355 1.3686683177947998 10
1732439554421 1.1186683177947998 11
1732439554670 0.868668258190155 12
1732439554735 1.6186683177947998 13
1732439554791 1.3061683177947998 14
1732439554842 1.3686683177947998 15
1732439555054 1.1811683177947998 16
1732439555114 1.3061681985855103 17
1732439555180 1.3686683177947998 18
1732439555235 1.1811683177947998 19
1732439555461 1.2436683177947998 20
1732439555529 1.1811683177947998 21
1732439555594 0.9936683177947998 22
1732439555667 1.3686683177947998 23
1732439555899 1.2436683177947998 24
1732439555967 1.1811683177947998 25
1732439556063 1.4311683177947998 26
1732439556116 1.5561683177947998 27
1732439556282 1.3686683177947998 28
1732439556341 1.3061683177947998 29
1732439556475 1.3686683177947998 30
1732439556532 1.4936681985855103 31
1732439556704 1.3686683177947998 32
1732439556764 1.2436683177947998 33
1732439556859 1.1811683177947998 34
1732439556911 1.2436683177947998 35
1732439557051 1.2436683177947998 36
1732439557113 1.2436683177947998 37
1732439557273 1.3061683177947998 38
1732439557342 1.3686683177947998 39
1732439557440 1.4311683177947998 40
1732439557496 1.4311683177947998 41
1732439557674 1.5561683177947998 42
1732439557738 1.4311683177947998 43
1732439557829 1.4311683177947998 44
1732439557886 1.3061683177947998 45
1732439558060 1.2436683177947998 46
1732439558129 1.3686683177947998 47
1732439558284 1.2436683177947998 48
1732439558338 1.4936683177947998 49
1732439558436 1.4311683177947998 50
1732439558486 1.3686683177947998 51
1732439558730 1.4311683177947998 52
1732439558790 1.2436683177947998 53
1732439558849 1.3686683177947998 54
1732439558895 1.4103350639343262 55
1732439560867 1.3686683177947998 0
1732439560926 1.1811683177947998 1
1732439560982 1.3686683177947998 2
1732439561046 1.2436683177947998 3
1732439561303 1.3061683177947998 4
1732439561358 1.4311683177947998 5
1732439561409 1.1186683177947998 6
1732439561472 1.1811683177947998 7
1732439561656 1.4311683177947998 8
1732439561721 1.4936683177947998 9
1732439561771 1.4936683177947998 10
1732439561836 1.4936683177947998 11
1732439562120 1.3686683177947998 12
1732439562180 1.4936683177947998 13
1732439562234 1.3686683177947998 14
1732439562301 1.4936683177947998 15
1732439562492 1.3061683177947998 16
1732439562547 1.3061683177947998 17
1732439562606 1.3686683177947998 18
1732439562663 1.5561683177947998 19
1732439562934 1.3061683177947998 20
1732439562997 1.4311683177947998 21
1732439563060 1.4936683177947998 22
1732439563116 1.1811683177947998 23
1732439563348 1.4311683177947998 24
1732439563432 1.3686683177947998 25
1732439563486 0.993668258190155 26
1732439563545 1.3686683177947998 27
1732439563823 1.1811683177947998 28
1732439563883 1.3061683177947998 29
1732439563932 1.3061683177947998 30
1732439563995 1.3061683177947998 31
1732439564165 1.3061683177947998 32
1732439564224 1.2436683177947998 33
1732439564280 1.2436683177947998 34
1732439564336 1.4936683177947998 35
1732439564567 1.3686683177947998 36
1732439564628 1.2436683177947998 37
1732439564686 1.1186683177947998 38
1732439564737 1.1811683177947998 39
1732439564948 1.3686683177947998 40
1732439565011 1.1186683177947998 41
1732439565065 1.1811683177947998 42
1732439565135 1.4311683177947998 43
1732439565325 1.4311683177947998 44
1732439565378 1.4311681985855103 45
1732439565429 1.3686683177947998 46
1732439565577 1.2436683177947998 47
1732439565683 1.3686683177947998 48
1732439565739 1.3686683177947998 49
1732439565789 1.2436683177947998 50
1732439565952 1.4311683177947998 51
1732439566119 1.1811683177947998 52
1732439566170 1.3686683177947998 53
1732439566223 1.1811683177947998 54
1732439566294 1.3436682224273682 55
1732439568523 1.3686683177947998 0
1732439568580 1.4311683177947998 1
1732439568631 1.3686683177947998 2
1732439568682 1.3061683177947998 3
1732439568961 1.3061683177947998 4
1732439569016 1.4311683177947998 5
1732439569067 1.2436683177947998 6
1732439569115 1.3061683177947998 7
1732439569376 0.9311683177947998 8
1732439569431 1.2436683177947998 9
1732439569481 1.1186683177947998 10
1732439569536 1.4311683177947998 11
1732439569720 1.2436683177947998 12
1732439569777 1.3061683177947998 13
1732439569825 1.2436683177947998 14
1732439569881 1.3061683177947998 15
1732439570074 1.4311683177947998 16
1732439570135 1.3686683177947998 17
1732439570187 1.3686683177947998 18
1732439570241 1.4311683177947998 19
1732439570457 1.1186683177947998 20
1732439570545 1.3061683177947998 21
1732439570599 1.1811683177947998 22
1732439570655 1.4311683177947998 23
1732439570808 1.4311683177947998 24
1732439570977 1.3061683177947998 25
1732439571035 1.4311683177947998 26
1732439571086 1.4311683177947998 27
1732439571219 1.3061683177947998 28
1732439571408 1.4311683177947998 29
1732439571464 1.1186683177947998 30
1732439571514 1.3686683177947998 31
1732439571646 1.3686683177947998 32
1732439571753 1.3686683177947998 33
1732439571808 1.4311683177947998 34
1732439571859 1.3686683177947998 35
1732439572077 1.2436683177947998 36
1732439572150 1.4311683177947998 37
1732439572200 1.3686683177947998 38
1732439572257 1.3061683177947998 39
1732439572418 1.3686683177947998 40
1732439572517 1.4936683177947998 41
1732439572571 1.1811683177947998 42
1732439572624 1.4311683177947998 43
1732439572803 1.3061683177947998 44
1732439572935 1.0561683177947998 45
1732439572991 1.3686683177947998 46
1732439573044 1.4311683177947998 47
1732439573141 1.2436683177947998 48
1732439573308 1.3061683177947998 49
1732439573361 1.4936683177947998 50
1732439573411 1.4311683177947998 51
1732439573528 1.3061683177947998 52
1732439573653 1.2436683177947998 53
1732439573707 1.4311683177947998 54
1732439573780 1.2770017385482788 55
1732439575837 1.4936683177947998 0
1732439575897 1.4311683177947998 1
1732439575956 1.4311683177947998 2
1732439576011 1.4311683177947998 3
1732439576241 1.4311683177947998 4
1732439576296 1.3686683177947998 5
1732439576349 1.3061683177947998 6
1732439576397 1.1186683177947998 7
1732439576658 1.1811683177947998 8
1732439576713 1.4311683177947998 9
1732439576769 1.3686683177947998 10
1732439576824 1.3061683177947998 11
1732439577029 1.3061683177947998 12
1732439577082 1.1186683177947998 13
1732439577131 1.4311683177947998 14
1732439577188 1.3686683177947998 15
1732439577392 1.1186683177947998 16
1732439577450 1.2436683177947998 17
1732439577498 1.3686683177947998 18
1732439577554 1.4311683177947998 19
1732439577830 1.1811683177947998 20
1732439577891 1.3686683177947998 21
1732439577946 1.4311683177947998 22
1732439578000 1.3686683177947998 23
1732439578271 1.2436683177947998 24
1732439578333 1.3061683177947998 25
1732439578392 1.1186683177947998 26
1732439578441 1.1811683177947998 27
1732439578713 1.3686683177947998 28
1732439578771 1.4311683177947998 29
1732439578824 1.4311683177947998 30
1732439578886 1.1186683177947998 31
1732439579142 1.1811683177947998 32
1732439579196 1.1811683177947998 33
1732439579253 1.3061683177947998 34
1732439579318 1.1186683177947998 35
1732439579565 1.3061683177947998 36
1732439579620 1.4311683177947998 37
1732439579686 1.3061683177947998 38
1732439579747 1.1811683177947998 39
1732439579914 1.3061683177947998 40
1732439579969 1.6186683177947998 41
1732439580025 1.3686683177947998 42
1732439580089 1.4311683177947998 43
1732439580300 1.3061683177947998 44
1732439580356 1.2436683177947998 45
1732439580410 1.1811683177947998 46
1732439580473 1.4936683177947998 47
1732439580643 1.5561683177947998 48
1732439580696 1.4311683177947998 49
1732439580750 1.2436683177947998 50
1732439580807 1.2436683177947998 51
1732439581073 1.3061683177947998 52
1732439581123 1.4311683177947998 53
1732439581174 1.5561683177947998 54
1732439581243 1.3436683416366577 55
1732439583106 1.1186683177947998 0
1732439583161 1.3061683177947998 1
1732439583214 1.3686683177947998 2
1732439583263 1.3686683177947998 3
1732439583518 1.2436683177947998 4
1732439583571 1.4311683177947998 5
1732439583627 1.3686683177947998 6
1732439583677 1.3061683177947998 7
1732439583930 1.3686683177947998 8
1732439583984 1.1811683177947998 9
1732439584036 1.4311683177947998 10
1732439584084 1.1186683177947998 11
1732439584351 1.4936683177947998 12
1732439584406 1.4311683177947998 13
1732439584457 1.2436683177947998 14
1732439584509 1.4311683177947998 15
1732439584736 1.4311683177947998 16
1732439584801 1.3061683177947998 17
1732439584854 1.1811683177947998 18
1732439584902 1.2436683177947998 19
1732439585134 1.3686683177947998 20
1732439585232 1.2436683177947998 21
1732439585285 1.4311683177947998 22
1732439585337 1.4936683177947998 23
1732439585511 1.2436683177947998 24
1732439585671 1.3061683177947998 25
1732439585727 1.2436683177947998 26
1732439585786 1.3061683177947998 27
1732439585864 1.3686683177947998 28
1732439586043 1.1811683177947998 29
1732439586097 1.3686683177947998 30
1732439586153 1.1811683177947998 31
1732439586273 1.3061683177947998 32
1732439586448 1.4936683177947998 33
1732439586503 1.3686683177947998 34
1732439586566 1.5561683177947998 35
1732439586632 1.4936683177947998 36
1732439586855 1.3061683177947998 37
1732439586917 1.3061683177947998 38
1732439586967 1.3686683177947998 39
1732439587029 1.1811683177947998 40
1732439587232 1.2436683177947998 41
1732439587295 1.3061683177947998 42
1732439587341 1.3061683177947998 43
1732439587406 1.4936683177947998 44
1732439587572 1.3686683177947998 45
1732439587632 1.3686683177947998 46
1732439587685 1.3686683177947998 47
1732439587795 1.2436683177947998 48
1732439587955 1.3061683177947998 49
1732439588012 1.5561683177947998 50
1732439588066 1.2436681985855103 51
1732439588178 1.1186683177947998 52
1732439588347 1.1811683177947998 53
1732439588394 1.3686683177947998 54
1732439588464 1.3436683416366577 55
1732439590342 1.3061683177947998 0
1732439590388 1.4311683177947998 1
1732439590441 1.2436683177947998 2
1732439590499 1.2436683177947998 3
1732439590773 1.3061683177947998 4
1732439590828 1.3686683177947998 5
1732439590883 1.3061683177947998 6
1732439590936 1.5561683177947998 7
1732439591233 1.3061683177947998 8
1732439591288 1.2436683177947998 9
1732439591341 1.3061683177947998 10
1732439591392 1.2436683177947998 11
1732439591627 1.3061683177947998 12
1732439591681 1.3061681985855103 13
1732439591733 1.4311683177947998 14
1732439591788 1.1811683177947998 15
1732439592003 1.2436683177947998 16
1732439592058 1.4311683177947998 17
1732439592109 1.3061683177947998 18
1732439592165 1.1186683177947998 19
1732439592383 1.4311683177947998 20
1732439592438 1.4311683177947998 21
1732439592491 1.3061683177947998 22
1732439592544 1.3061683177947998 23
1732439592726 1.6186683177947998 24
1732439592779 1.4936683177947998 25
1732439592828 1.2436683177947998 26
1732439592879 1.3686683177947998 27
1732439593131 1.2436683177947998 28
1732439593184 1.3061683177947998 29
1732439593235 1.1186683177947998 30
1732439593288 1.1811683177947998 31
1732439593491 1.3061683177947998 32
1732439593550 1.5561683177947998 33
1732439593602 1.3061683177947998 34
1732439593650 1.3686683177947998 35
1732439593826 1.2436683177947998 36
1732439593881 1.2436683177947998 37
1732439593936 1.4936683177947998 38
1732439593998 1.2436683177947998 39
1732439594236 1.2436683177947998 40
1732439594293 1.4936683177947998 41
1732439594349 1.3686683177947998 42
1732439594396 1.2436683177947998 43
1732439594616 1.2436683177947998 44
1732439594678 1.3686683177947998 45
1732439594736 1.4936683177947998 46
1732439594797 1.4936683177947998 47
1732439595032 1.3061683177947998 48
1732439595087 1.3686683177947998 49
1732439595144 1.3061683177947998 50
1732439595215 1.1811683177947998 51
1732439595443 1.3061683177947998 52
1732439595492 1.4936683177947998 53
1732439595542 1.2436683177947998 54
1732439595638 1.1436684131622314 55
1732439597554 1.2436683177947998 0
1732439597610 1.3061683177947998 1
1732439597664 1.1186683177947998 2
1732439597716 1.4311683177947998 3
1732439597930 1.3686683177947998 4
1732439597983 1.3061683177947998 5
1732439598039 1.3061683177947998 6
1732439598095 1.3686683177947998 7
1732439598298 1.2436683177947998 8
1732439598356 1.3686683177947998 9
1732439598412 1.1811683177947998 10
1732439598465 1.3686683177947998 11
1732439598756 1.3686683177947998 12
1732439598811 1.4311683177947998 13
1732439598863 1.1811683177947998 14
1732439598918 1.2436683177947998 15
1732439599179 1.2436683177947998 16
1732439599233 1.3686683177947998 17
1732439599283 1.2436683177947998 18
1732439599336 1.4936683177947998 19
1732439599607 0.993668258190155 20
1732439599659 1.3686683177947998 21
1732439599710 1.3686683177947998 22
1732439599765 1.3061683177947998 23
1732439599997 1.1811683177947998 24
1732439600051 1.4311683177947998 25
1732439600101 1.3061683177947998 26
1732439600154 1.3061683177947998 27
1732439600372 1.4311683177947998 28
1732439600432 1.2436683177947998 29
1732439600482 1.0561683177947998 30
1732439600535 1.3061683177947998 31
1732439600853 1.1811683177947998 32
1732439600913 1.3686683177947998 33
1732439600964 1.4311683177947998 34
1732439601018 1.4936683177947998 35
1732439601237 1.4311683177947998 36
1732439601293 1.3061683177947998 37
1732439601351 1.2436683177947998 38
1732439601407 1.3686683177947998 39
1732439601617 1.5561683177947998 40
1732439601687 1.3061683177947998 41
1732439601741 1.3061683177947998 42
1732439601800 1.3061683177947998 43
1732439601999 1.3686683177947998 44
1732439602068 1.1811683177947998 45
1732439602126 1.2436683177947998 46
1732439602176 1.6186683177947998 47
1732439602357 1.1811683177947998 48
1732439602419 1.3061683177947998 49
1732439602519 1.5561683177947998 50
1732439602573 1.6186683177947998 51
1732439602705 1.3061683177947998 52
1732439602785 1.5561683177947998 53
1732439602888 1.5561683177947998 54
1732439602956 1.010334849357605 55
1732439605012 1.2436683177947998 0
1732439605077 1.3686683177947998 1
1732439605129 1.3686683177947998 2
1732439605190 1.3686683177947998 3
1732439605477 1.1186683177947998 4
1732439605544 1.3061683177947998 5
1732439605620 1.1811683177947998 6
1732439605701 1.2436683177947998 7
1732439605912 1.3061683177947998 8
1732439605982 1.3061683177947998 9
1732439606034 1.3061681985855103 10
1732439606110 1.3686683177947998 11
1732439606326 1.3061683177947998 12
1732439606384 1.4936683177947998 13
1732439606444 1.1811683177947998 14
1732439606510 1.4311683177947998 15
1732439606735 1.2436683177947998 16
1732439606795 1.3061683177947998 17
1732439606857 1.4311683177947998 18
1732439606919 1.3686683177947998 19
1732439607148 1.3061683177947998 20
1732439607207 1.2436683177947998 21
1732439607272 1.2436683177947998 22
1732439607331 1.4311683177947998 23
1732439607561 1.1811683177947998 24
1732439607623 1.3686683177947998 25
1732439607690 1.4311683177947998 26
1732439607754 1.2436683177947998 27
1732439608044 1.2436683177947998 28
1732439608107 1.4936683177947998 29
1732439608184 1.3061683177947998 30
1732439608243 1.2436683177947998 31
1732439608462 1.3686683177947998 32
1732439608529 1.2436683177947998 33
1732439608600 1.4311683177947998 34
1732439608657 1.4311683177947998 35
1732439608841 1.4311683177947998 36
1732439608909 1.2436683177947998 37
1732439608980 1.3061683177947998 38
1732439609047 1.1811683177947998 39
1732439609282 1.3686683177947998 40
1732439609356 1.1186683177947998 41
1732439609435 1.6186683177947998 42
1732439609493 1.1186683177947998 43
1732439609662 1.6186683177947998 44
1732439609719 1.4311683177947998 45
1732439609790 1.3686683177947998 46
1732439609850 1.4311683177947998 47
1732439610049 1.4936683177947998 48
1732439610104 1.3686683177947998 49
1732439610174 1.4936683177947998 50
1732439610231 1.3061683177947998 51
1732439610412 1.2436683177947998 52
1732439610465 1.1811683177947998 53
1732439610525 1.2436683177947998 54
1732439610610 1.2770016193389893 55
1732439612723 1.3686683177947998 0
1732439612791 1.4311683177947998 1
1732439612852 1.1186683177947998 2
1732439612913 1.3686683177947998 3
1732439613148 1.1186683177947998 4
1732439613222 1.0561683177947998 5
1732439613285 1.4311683177947998 6
1732439613346 1.3686683177947998 7
1732439613647 1.1186683177947998 8
1732439613710 1.2436683177947998 9
1732439613768 1.2436683177947998 10
1732439613826 1.3686683177947998 11
1732439614018 1.3061683177947998 12
1732439614082 1.1186683177947998 13
1732439614137 1.3686683177947998 14
1732439614187 1.4936683177947998 15
1732439614412 1.5561683177947998 16
1732439614475 1.4936683177947998 17
1732439614549 1.3061683177947998 18
1732439614601 1.3061683177947998 19
1732439614854 1.2436683177947998 20
1732439614912 1.5561683177947998 21
1732439614971 1.4936683177947998 22
1732439615026 1.2436683177947998 23
1732439615252 1.4311683177947998 24
1732439615309 1.3061683177947998 25
1732439615388 1.3061683177947998 26
1732439615447 1.3061683177947998 27
1732439615620 1.5561683177947998 28
1732439615683 1.3686683177947998 29
1732439615792 1.3686683177947998 30
1732439615849 1.3686683177947998 31
1732439616045 1.2436683177947998 32
1732439616102 1.4936683177947998 33
1732439616227 1.0561683177947998 34
1732439616292 1.3061683177947998 35
1732439616424 1.3061683177947998 36
1732439616498 1.3061683177947998 37
1732439616651 1.3061683177947998 38
1732439616712 1.3686683177947998 39
1732439616848 1.4936683177947998 40
1732439616903 1.4936683177947998 41
1732439617021 1.1186683177947998 42
1732439617077 1.3686683177947998 43
1732439617214 1.3061683177947998 44
1732439617267 1.4311683177947998 45
1732439617436 1.3686683177947998 46
1732439617499 1.3061683177947998 47
1732439617592 1.4936683177947998 48
1732439617644 1.3061683177947998 49
1732439617834 1.4311683177947998 50
1732439617899 1.1186683177947998 51
1732439617967 1.3061683177947998 52
1732439618022 1.2436683177947998 53
1732439618250 1.2436683177947998 54
1732439618324 1.1436684131622314 55
1732439620331 1.3686683177947998 0
1732439620400 1.3686683177947998 1
1732439620472 1.2436683177947998 2
1732439620535 1.4311683177947998 3
1732439620732 1.3686683177947998 4
1732439620804 1.4936683177947998 5
1732439620871 1.3686683177947998 6
1732439620922 1.2436683177947998 7
1732439621120 1.2436683177947998 8
1732439621229 1.3686683177947998 9
1732439621290 1.3061683177947998 10
1732439621343 1.2436683177947998 11
1732439621562 1.2436683177947998 12
1732439621690 1.1811683177947998 13
1732439621744 1.2436683177947998 14
1732439621798 1.1811683177947998 15
1732439621986 1.5561683177947998 16
1732439622070 1.4311683177947998 17
1732439622155 1.1811683177947998 18
1732439622219 1.3686683177947998 19
1732439622355 1.4936683177947998 20
1732439622494 1.4311683177947998 21
1732439622552 1.4936683177947998 22
1732439622616 1.3061683177947998 23
1732439622836 1.3686683177947998 24
1732439622899 1.4311683177947998 25
1732439622961 1.4311683177947998 26
1732439623021 1.2436683177947998 27
1732439623224 1.2436683177947998 28
1732439623300 1.4311683177947998 29
1732439623362 1.3686683177947998 30
1732439623435 1.3061683177947998 31
1732439623620 1.4311683177947998 32
1732439623733 1.3061683177947998 33
1732439623795 1.1811683177947998 34
1732439623848 1.3061683177947998 35
1732439624021 1.3061683177947998 36
1732439624152 1.3061683177947998 37
1732439624212 1.3686683177947998 38
1732439624300 1.3061683177947998 39
1732439624387 1.3686683177947998 40
1732439624547 1.4936683177947998 41
1732439624598 1.4311683177947998 42
1732439624712 1.3061683177947998 43
1732439624806 1.1186683177947998 44
1732439624955 1.4311683177947998 45
1732439625027 1.3686683177947998 46
1732439625110 1.2436683177947998 47
1732439625275 1.1811683177947998 48
1732439625347 1.3686683177947998 49
1732439625403 1.1811683177947998 50
1732439625502 1.2436683177947998 51
1732439625650 1.3061683177947998 52
1732439625750 1.3061683177947998 53
1732439625809 1.1811683177947998 54
1732439625878 1.2770016193389893 55
1732439628153 1.4311683177947998 0
1732439628217 1.3061683177947998 1
1732439628278 1.4311683177947998 2
1732439628339 1.2436683177947998 3
1732439628546 1.3061683177947998 4
1732439628613 1.3061683177947998 5
1732439628669 1.3061683177947998 6
1732439628723 1.3686683177947998 7
1732439629003 1.4311683177947998 8
1732439629054 1.4311683177947998 9
1732439629120 1.4311683177947998 10
1732439629188 1.3686683177947998 11
1732439629469 1.0561683177947998 12
1732439629526 1.0561683177947998 13
1732439629580 1.3061683177947998 14
1732439629639 1.4936683177947998 15
1732439629906 1.3686683177947998 16
1732439629962 1.2436683177947998 17
1732439630028 1.4311683177947998 18
1732439630095 1.1811683177947998 19
1732439630335 1.3061683177947998 20
1732439630390 1.2436683177947998 21
1732439630446 1.4311683177947998 22
1732439630508 1.2436683177947998 23
1732439630683 1.4311683177947998 24
1732439630756 1.3686683177947998 25
1732439630816 1.5561683177947998 26
1732439630882 1.1186683177947998 27
1732439631058 1.4311683177947998 28
1732439631113 1.4936683177947998 29
1732439631177 1.4936683177947998 30
1732439631250 1.4311681985855103 31
1732439631461 1.2436683177947998 32
1732439631538 1.3686683177947998 33
1732439631594 1.4311683177947998 34
1732439631667 1.3061683177947998 35
1732439631826 1.4936683177947998 36
1732439631935 1.1811683177947998 37
1732439631995 1.2436683177947998 38
1732439632070 1.1186683177947998 39
1732439632300 1.3061683177947998 40
1732439632390 1.1186683177947998 41
1732439632450 1.1811683177947998 42
1732439632507 1.2436683177947998 43
1732439632708 1.3061683177947998 44
1732439632787 1.3686683177947998 45
1732439632845 1.3686683177947998 46
1732439632901 1.1186683177947998 47
1732439633086 1.4311683177947998 48
1732439633199 1.4311683177947998 49
1732439633258 1.2436683177947998 50
1732439633322 1.1186683177947998 51
1732439633417 1.3686683177947998 52
1732439633589 1.4311683177947998 53
1732439633651 1.4311683177947998 54
1732439633743 1.4103350639343262 55
1732439635975 1.3686683177947998 0
1732439636037 1.3061683177947998 1
1732439636101 1.3686683177947998 2
1732439636169 1.3686683177947998 3
1732439636399 1.3686683177947998 4
1732439636463 1.3686683177947998 5
1732439636518 1.2436683177947998 6
1732439636586 1.3061683177947998 7
1732439636840 1.3061683177947998 8
1732439636899 1.3061683177947998 9
1732439636979 1.4311683177947998 10
1732439637048 1.4311683177947998 11
1732439637313 1.3686683177947998 12
1732439637368 1.1186683177947998 13
1732439637428 1.4311683177947998 14
1732439637500 1.3061683177947998 15
1732439637785 1.2436683177947998 16
1732439637854 1.5561683177947998 17
1732439637912 1.4311683177947998 18
1732439637973 1.3686683177947998 19
1732439638253 1.6186683177947998 20
1732439638317 1.1811683177947998 21
1732439638391 1.1811683177947998 22
1732439638465 1.1811683177947998 23
1732439638689 1.4311683177947998 24
1732439638759 1.3061683177947998 25
1732439638819 1.3061683177947998 26
1732439638885 1.4936683177947998 27
1732439639142 1.2436683177947998 28
1732439639209 1.2436683177947998 29
1732439639273 1.4936683177947998 30
1732439639342 1.3686683177947998 31
1732439639541 1.3686683177947998 32
1732439639615 1.1811683177947998 33
1732439639671 1.1811683177947998 34
1732439639736 1.3686683177947998 35
1732439639957 1.2436683177947998 36
1732439640030 1.1811683177947998 37
1732439640098 1.3686683177947998 38
1732439640157 1.3686683177947998 39
1732439640377 1.4311681985855103 40
1732439640435 1.1811683177947998 41
1732439640495 1.2436683177947998 42
1732439640590 1.3061683177947998 43
1732439640861 1.3061683177947998 44
1732439640918 1.4936683177947998 45
1732439640979 1.3686683177947998 46
1732439641039 1.1811683177947998 47
1732439641221 1.5561683177947998 48
1732439641275 1.3061683177947998 49
1732439641324 1.2436683177947998 50
1732439641485 1.4311683177947998 51
1732439641652 1.2436683177947998 52
1732439641705 1.1186683177947998 53
1732439641756 1.3686683177947998 54
1732439641935 1.2103348970413208 55
1732439644200 1.3061683177947998 0
1732439644264 1.2436683177947998 1
1732439644323 1.3061683177947998 2
1732439644387 1.1811683177947998 3
1732439644618 1.3686683177947998 4
1732439644671 1.3061683177947998 5
1732439644721 1.1811683177947998 6
1732439644775 1.4311683177947998 7
1732439645034 1.3061683177947998 8
1732439645090 1.3061683177947998 9
1732439645142 1.1811683177947998 10
1732439645199 1.4936683177947998 11
1732439645477 1.3061683177947998 12
1732439645531 1.2436683177947998 13
1732439645584 1.4311683177947998 14
1732439645642 1.5561683177947998 15
1732439645892 1.4311683177947998 16
1732439645959 1.4311683177947998 17
1732439646044 1.3061683177947998 18
1732439646120 1.3686683177947998 19
1732439646383 1.2436683177947998 20
1732439646439 1.5561683177947998 21
1732439646501 1.3686683177947998 22
1732439646567 1.2436683177947998 23
1732439646817 1.3686683177947998 24
1732439646875 1.3686683177947998 25
1732439646953 1.2436683177947998 26
1732439647012 1.3061683177947998 27
1732439647302 1.3061683177947998 28
1732439647359 1.3061683177947998 29
1732439647419 1.3686683177947998 30
1732439647484 1.2436683177947998 31
1732439647703 1.2436683177947998 32
1732439647761 1.4311683177947998 33
1732439647815 1.4311683177947998 34
1732439647869 1.3061683177947998 35
1732439648122 1.3686683177947998 36
1732439648176 1.1186683177947998 37
1732439648230 1.2436683177947998 38
1732439648277 1.4311683177947998 39
1732439648567 1.2436683177947998 40
1732439648619 1.2436683177947998 41
1732439648674 1.3061683177947998 42
1732439648730 1.0561683177947998 43
1732439648972 1.4311683177947998 44
1732439649025 1.3686683177947998 45
1732439649084 1.3686683177947998 46
1732439649157 1.1811683177947998 47
1732439649364 1.4936683177947998 48
1732439649431 1.4311683177947998 49
1732439649491 1.3061683177947998 50
1732439649557 1.3061683177947998 51
1732439649758 1.3686683177947998 52
1732439649817 1.3061683177947998 53
1732439649875 1.3686683177947998 54
1732439649966 1.3436682224273682 55
1732439652010 1.2436683177947998 0
1732439652089 1.2436683177947998 1
1732439652140 1.1811683177947998 2
1732439652189 1.1811683177947998 3
1732439652438 1.3061683177947998 4
1732439652517 1.3061683177947998 5
1732439652566 1.3061683177947998 6
1732439652618 1.3686683177947998 7
1732439652827 1.3061683177947998 8
1732439652908 1.5561683177947998 9
1732439652963 1.3061683177947998 10
1732439653026 1.3061683177947998 11
1732439653189 1.4311683177947998 12
1732439653351 1.3686683177947998 13
1732439653410 1.4311683177947998 14
1732439653458 1.4311683177947998 15
1732439653637 1.3061683177947998 16
1732439653722 1.3061683177947998 17
1732439653774 1.3686681985855103 18
1732439653827 1.3061683177947998 19
1732439654102 1.3061683177947998 20
1732439654173 1.2436683177947998 21
1732439654230 1.3061683177947998 22
1732439654299 1.2436683177947998 23
1732439654525 1.1811683177947998 24
1732439654618 1.3686683177947998 25
1732439654676 1.2436683177947998 26
1732439654725 1.2436683177947998 27
1732439654883 1.3061683177947998 28
1732439655018 1.3061683177947998 29
1732439655071 1.3061683177947998 30
1732439655121 1.3686683177947998 31
1732439655303 1.4311683177947998 32
1732439655448 1.4936683177947998 33
1732439655501 1.4311683177947998 34
1732439655559 1.3686683177947998 35
1732439655619 1.4936683177947998 36
1732439655835 1.5561683177947998 37
1732439655891 1.4936683177947998 38
1732439655945 1.1811683177947998 39
1732439656036 1.3061683177947998 40
1732439656252 1.2436683177947998 41
1732439656312 1.4311683177947998 42
1732439656372 1.3686683177947998 43
1732439656442 1.4311683177947998 44
1732439656666 0.9936683177947998 45
1732439656726 1.4311683177947998 46
1732439656787 1.4311683177947998 47
1732439656876 1.1186683177947998 48
1732439657041 1.3686683177947998 49
1732439657104 1.2436683177947998 50
1732439657175 1.3061683177947998 51
1732439657239 1.3686683177947998 52
1732439657396 1.3061683177947998 53
1732439657461 1.3686683177947998 54
1732439657563 1.1436684131622314 55
1732439659651 1.3061683177947998 0
1732439659715 1.3061683177947998 1
1732439659781 1.4936683177947998 2
1732439659840 1.1186683177947998 3
1732439660102 1.4311683177947998 4
1732439660158 1.3061683177947998 5
1732439660219 1.3686683177947998 6
1732439660272 1.2436683177947998 7
1732439660506 1.3061683177947998 8
1732439660563 1.4311683177947998 9
1732439660621 1.4311683177947998 10
1732439660685 1.3686683177947998 11
1732439660903 1.2436683177947998 12
1732439660962 1.3061683177947998 13
1732439661037 1.3686683177947998 14
1732439661102 1.3061683177947998 15
1732439661287 1.4936683177947998 16
1732439661341 1.4311683177947998 17
1732439661411 1.4311683177947998 18
1732439661465 1.3686683177947998 19
1732439661674 1.3061683177947998 20
1732439661733 1.4311683177947998 21
1732439661784 1.1186683177947998 22
1732439661834 1.1811683177947998 23
1732439662099 1.4311683177947998 24
1732439662156 1.1811683177947998 25
1732439662212 1.3686683177947998 26
1732439662263 1.3686683177947998 27
1732439662517 1.3061683177947998 28
1732439662569 1.3061683177947998 29
1732439662624 1.4936683177947998 30
1732439662690 1.1811683177947998 31
1732439662934 1.3686681985855103 32
1732439662991 1.3061683177947998 33
1732439663048 1.4311683177947998 34
1732439663101 1.3061683177947998 35
1732439663364 1.3061683177947998 36
1732439663417 1.3061683177947998 37
1732439663469 1.4311683177947998 38
1732439663528 1.4311683177947998 39
1732439663752 1.4311683177947998 40
1732439663807 1.1186683177947998 41
1732439663862 1.3061683177947998 42
1732439663920 1.3686683177947998 43
1732439664136 1.3686683177947998 44
1732439664194 1.2436683177947998 45
1732439664259 1.2436683177947998 46
1732439664315 1.2436681985855103 47
1732439664537 1.3061683177947998 48
1732439664595 1.3686683177947998 49
1732439664645 1.2436683177947998 50
1732439664695 1.4311683177947998 51
1732439664868 1.4311683177947998 52
1732439664923 1.2436683177947998 53
1732439665052 1.0561683177947998 54
1732439665132 1.2770017385482788 55
1732439667248 1.3061683177947998 0
1732439667314 1.3061683177947998 1
1732439667378 1.3686683177947998 2
1732439667454 1.3061683177947998 3
1732439667723 1.1811683177947998 4
1732439667782 1.4311683177947998 5
1732439667837 1.3061683177947998 6
1732439667893 1.3061683177947998 7
1732439668124 1.3061683177947998 8
1732439668180 1.4936683177947998 9
1732439668235 1.2436683177947998 10
1732439668295 1.4936681985855103 11
1732439668513 1.0561683177947998 12
1732439668571 1.3061683177947998 13
1732439668624 1.3061683177947998 14
1732439668681 1.4936683177947998 15
1732439668955 1.1186683177947998 16
1732439669016 1.4311683177947998 17
1732439669072 1.2436683177947998 18
1732439669137 1.3686683177947998 19
1732439669343 1.3061683177947998 20
1732439669398 1.1811683177947998 21
1732439669455 1.1186683177947998 22
1732439669530 1.2436683177947998 23
1732439669807 1.4311683177947998 24
1732439669868 1.3686683177947998 25
1732439669933 1.2436683177947998 26
1732439669993 1.3061683177947998 27
1732439670217 1.3061683177947998 28
1732439670273 1.4311683177947998 29
1732439670350 1.5561683177947998 30
1732439670419 1.4936683177947998 31
1732439670583 1.2436683177947998 32
1732439670647 1.3061683177947998 33
1732439670710 1.4311683177947998 34
1732439670781 1.4936683177947998 35
1732439670962 1.4311683177947998 36
1732439671029 1.2436683177947998 37
1732439671086 1.5561683177947998 38
1732439671152 1.3061683177947998 39
1732439671346 1.4311683177947998 40
1732439671401 1.2436683177947998 41
1732439671457 1.4311683177947998 42
1732439671524 1.4311683177947998 43
1732439671697 1.3686681985855103 44
1732439671753 1.2436683177947998 45
1732439671807 1.4311683177947998 46
1732439671865 1.1811683177947998 47
1732439672111 1.3061683177947998 48
1732439672166 1.1811683177947998 49
1732439672220 1.1811683177947998 50
1732439672270 1.3061683177947998 51
1732439672511 1.3061683177947998 52
1732439672569 1.4311683177947998 53
1732439672623 1.1186683177947998 54
1732439672700 1.3436682224273682 55
1732439674796 1.0561683177947998 0
1732439674857 1.5561683177947998 1
1732439674918 1.4311683177947998 2
1732439674977 1.4311683177947998 3
1732439675222 1.3686683177947998 4
1732439675275 1.3686683177947998 5
1732439675330 1.1811683177947998 6
1732439675393 1.4311683177947998 7
1732439675637 1.3686683177947998 8
1732439675691 1.3686683177947998 9
1732439675752 1.3686683177947998 10
1732439675817 1.1186683177947998 11
1732439676015 1.3061683177947998 12
1732439676078 1.3061683177947998 13
1732439676133 1.3686683177947998 14
1732439676188 1.3686683177947998 15
1732439676435 1.2436683177947998 16
1732439676493 1.2436683177947998 17
1732439676550 1.4311683177947998 18
1732439676602 1.3686683177947998 19
1732439676862 1.2436683177947998 20
1732439676915 1.3061683177947998 21
1732439676973 1.4936683177947998 22
1732439677026 1.4311683177947998 23
1732439677251 1.3686683177947998 24
1732439677314 1.4936683177947998 25
1732439677368 1.1186683177947998 26
1732439677418 1.1811683177947998 27
1732439677690 1.1811683177947998 28
1732439677746 1.3061683177947998 29
1732439677803 1.2436683177947998 30
1732439677852 1.3061683177947998 31
1732439678132 1.1811683177947998 32
1732439678187 1.1811683177947998 33
1732439678242 1.4311683177947998 34
1732439678294 1.2436683177947998 35
1732439678621 1.2436683177947998 36
1732439678676 1.3061683177947998 37
1732439678742 1.1811683177947998 38
1732439678798 1.3686683177947998 39
1732439679024 1.5561683177947998 40
1732439679078 1.4311683177947998 41
1732439679134 1.3061683177947998 42
1732439679196 1.4936683177947998 43
1732439679389 1.4311683177947998 44
1732439679449 1.2436683177947998 45
1732439679502 1.4311683177947998 46
1732439679571 1.3686683177947998 47
1732439679831 1.3061683177947998 48
1732439679891 1.3686683177947998 49
1732439679954 1.3061683177947998 50
1732439680011 1.3686683177947998 51
1732439680265 1.3061683177947998 52
1732439680312 1.3686683177947998 53
1732439680363 1.2436683177947998 54
1732439680437 1.2770017385482788 55
