1732439531197 0.0 3
1732439531599 0.0 7
1732439532003 0.0 11
1732439532465 0.171875 15
1732439532892 0.078125 19
1732439533428 0.046875 23
1732439533880 0.078125 27
1732439534236 0.046875 31
1732439534594 0.109375 35
1732439534998 0.0625 39
1732439535366 0.078125 43
1732439535823 0.09375 47
1732439536194 0.078125 51
1732439536789 0.13333334028720856 55
1732439539045 0.109375 59
1732439539318 0.109375 63
1732439539721 0.09375 67
1732439540123 0.09375 71
1732439540579 0.109375 75
1732439541105 0.046875 79
1732439541534 0.078125 83
1732439541888 0.140625 87
1732439542298 0.125 91
1732439542709 0.109375 95
1732439543121 0.0625 99
1732439543507 0.0625 103
1732439543873 0.140625 107
1732439544191 0.11666666716337204 111
1732439546415 0.09375 115
1732439546764 0.09375 119
1732439547142 0.109375 123
1732439547558 0.09375 127
1732439547917 0.109375 131
1732439548345 0.078125 135
1732439548835 0.171875 139
1732439549128 0.09375 143
1732439549520 0.09375 147
1732439549896 0.140625 151
1732439550294 0.046875 155
1732439550686 0.078125 159
1732439551076 0.109375 163
1732439551477 0.13333334028720856 167
1732439553626 0.15625 171
1732439554065 0.046875 175
1732439554438 0.15625 179
1732439554854 0.09375 183
1732439555247 0.140625 187
1732439555680 0.09375 191
1732439556128 0.046875 195
1732439556546 0.0625 199
1732439556929 0.125 203
1732439557356 0.09375 207
1732439557754 0.078125 211
1732439558142 0.09375 215
1732439558498 0.09375 219
1732439558911 0.0833333358168602 223
1732439561062 0.125 227
1732439561490 0.140625 231
1732439561848 0.0625 235
1732439562315 0.0625 239
1732439562677 0.046875 243
1732439563133 0.140625 247
1732439563558 0.09375 251
1732439564014 0.109375 255
1732439564355 0.0625 259
1732439564750 0.140625 263
1732439565153 0.078125 267
1732439565593 0.125 271
1732439565966 0.078125 275
1732439566308 0.10000000149011612 279
1732439568699 0.109375 283
1732439569127 0.109375 287
1732439569550 0.078125 291
1732439569898 0.109375 295
1732439570253 0.078125 299
1732439570668 0.078125 303
1732439571099 0.078125 307
1732439571535 0.09375 311
1732439571879 0.09375 315
1732439572269 0.109375 319
1732439572637 0.078125 323
1732439573064 0.078125 327
1732439573434 0.078125 331
1732439573791 0.11666666716337204 335
1732439576026 0.078125 339
1732439576415 0.15625 343
1732439576838 0.109375 347
1732439577201 0.09375 351
1732439577569 0.078125 355
1732439578012 0.09375 359
1732439578451 0.140625 363
1732439578899 0.15625 367
1732439579331 0.15625 371
1732439579759 0.140625 375
1732439580102 0.078125 379
1732439580487 0.0625 383
1732439580820 0.125 387
1732439581257 0.10000000149011612 391
1732439583284 0.09375 395
1732439583692 0.109375 399
1732439584098 0.15625 403
1732439584523 0.078125 407
1732439584913 0.125 411
1732439585351 0.0625 415
1732439585811 0.109375 419
1732439586165 0.140625 423
1732439586588 0.046875 427
1732439586980 0.09375 431
1732439587356 0.109375 435
1732439587698 0.09375 439
1732439588082 0.125 443
1732439588476 0.10000000149011612 447
1732439590518 0.125 451
1732439590953 0.046875 455
1732439591404 0.125 459
1732439591805 0.140625 463
1732439592179 0.15625 467
1732439592557 0.109375 471
1732439592894 0.09375 475
1732439593306 0.140625 479
1732439593664 0.09375 483
1732439594011 0.125 487
1732439594407 0.125 491
1732439594812 0.0625 495
1732439595230 0.140625 499
1732439595653 0.15000000596046448 503
1732439597728 0.078125 507
1732439598110 0.09375 511
1732439598476 0.09375 515
1732439598933 0.125 519
1732439599354 0.0625 523
1732439599777 0.109375 527
1732439600170 0.109375 531
1732439600552 0.109375 535
1732439601030 0.0625 539
1732439601428 0.09375 543
1732439601816 0.109375 547
1732439602189 0.03125 551
1732439602585 0.03125 555
1732439602967 0.18333333730697632 559
1732439605208 0.09375 563
1732439605714 0.125 567
1732439606122 0.09375 571
1732439606535 0.078125 575
1732439606942 0.09375 579
1732439607343 0.078125 583
1732439607771 0.125 587
1732439608258 0.125 591
1732439608671 0.078125 595
1732439609060 0.140625 599
1732439609505 0.15625 603
1732439609869 0.078125 607
1732439610242 0.109375 611
1732439610621 0.11666666716337204 615
1732439612927 0.09375 619
1732439613363 0.09375 623
1732439613839 0.09375 627
1732439614204 0.0625 631
1732439614617 0.109375 635
1732439615045 0.125 639
1732439615462 0.109375 643
1732439615861 0.09375 647
1732439616308 0.109375 651
1732439616723 0.09375 655
1732439617091 0.09375 659
1732439617512 0.109375 663
1732439617910 0.15625 667
1732439618338 0.15000000596046448 671
1732439620548 0.078125 675
1732439620935 0.125 679
1732439621356 0.125 683
1732439621815 0.140625 687
1732439622231 0.09375 691
1732439622630 0.109375 695
1732439623039 0.125 699
1732439623449 0.109375 703
1732439623859 0.109375 707
1732439624316 0.109375 711
1732439624730 0.109375 715
1732439625130 0.125 719
1732439625519 0.125 723
1732439625889 0.11666666716337204 727
1732439628352 0.125 731
1732439628734 0.09375 735
1732439629204 0.09375 739
1732439629653 0.0625 743
1732439630106 0.140625 747
1732439630520 0.125 751
1732439630913 0.15625 755
1732439631264 0.078125 759
1732439631683 0.109375 763
1732439632088 0.15625 767
1732439632521 0.125 771
1732439632918 0.15625 775
1732439633334 0.15625 779
1732439633763 0.0833333358168602 783
1732439636191 0.09375 787
1732439636599 0.109375 791
1732439637059 0.078125 795
1732439637514 0.109375 799
1732439637985 0.09375 803
1732439638482 0.140625 807
1732439638900 0.0625 811
1732439639355 0.09375 815
1732439639748 0.09375 819
1732439640174 0.09375 823
1732439640601 0.109375 827
1732439641051 0.140625 831
1732439641497 0.078125 835
1732439641953 0.13333334028720856 839
1732439644400 0.140625 843
1732439644787 0.078125 847
1732439645214 0.0625 851
1732439645655 0.046875 855
1732439646156 0.09375 859
1732439646581 0.125 863
1732439647028 0.109375 867
1732439647500 0.125 871
1732439647882 0.109375 875
1732439648288 0.078125 879
1732439648748 0.171875 883
1732439649170 0.140625 887
1732439649572 0.109375 891
1732439649983 0.10000000149011612 895
1732439652200 0.140625 899
1732439652635 0.09375 903
1732439653042 0.109375 907
1732439653470 0.078125 911
1732439653840 0.109375 915
1732439654311 0.125 919
1732439654737 0.125 923
1732439655133 0.09375 927
1732439655576 0.09375 931
1732439655960 0.140625 935
1732439656384 0.09375 939
1732439656804 0.078125 943
1732439657188 0.109375 947
1732439657574 0.15000000596046448 951
1732439659856 0.15625 955
1732439660291 0.125 959
1732439660699 0.09375 963
1732439661118 0.109375 967
1732439661476 0.09375 971
1732439661847 0.140625 975
1732439662278 0.09375 979
1732439662702 0.140625 983
1732439663117 0.109375 987
1732439663542 0.078125 991
1732439663934 0.09375 995
1732439664331 0.125 999
1732439664707 0.078125 1003
1732439665142 0.11666666716337204 1007
1732439667472 0.109375 1011
1732439667909 0.109375 1015
1732439668309 0.0625 1019
1732439668695 0.0625 1023
1732439669151 0.09375 1027
1732439669542 0.125 1031
1732439670006 0.109375 1035
1732439670430 0.0625 1039
1732439670793 0.0625 1043
1732439671166 0.109375 1047
1732439671537 0.078125 1051
1732439671881 0.140625 1055
1732439672286 0.109375 1059
1732439672715 0.10000000149011612 1063
1732439674992 0.078125 1067
1732439675412 0.078125 1071
1732439675829 0.15625 1075
1732439676202 0.09375 1079
1732439676613 0.09375 1083
1732439677041 0.078125 1087
1732439677429 0.140625 1091
1732439677864 0.109375 1095
1732439678306 0.125 1099
1732439678811 0.09375 1103
1732439679212 0.0625 1107
1732439679587 0.09375 1111
1732439680026 0.09375 1115
1732439680453 0.11666666716337204 1119
