1732439538281 0.0 55
1732439545713 1.401298464324817e-45 111
1732439553039 2.802596928649634e-45 167
1732439560370 0.0 223
1732439568042 5.605193857299268e-45 279
1732439575341 7.006492321624085e-45 335
1732439582675 8.407790785948902e-45 391
1732439589905 9.80908925027372e-45 447
1732439597107 1.1210387714598537e-44 503
1732439604495 1.2611686178923354e-44 559
1732439612181 1.401298464324817e-44 615
1732439619901 1.5414283107572988e-44 671
1732439627540 0.0 727
1732439635379 0.0 783
1732439643607 0.0 839
1732439651605 2.1019476964872256e-44 895
1732439659138 2.2420775429197073e-44 951
1732439666724 2.382207389352189e-44 1007
1732439674269 2.5223372357846707e-44 1063
1732439681960 2.6624670822171524e-44 1119
