1732439538281 7.847271400218976e-44 55
1732439545713 1.5694542800437951e-43 111
1732439553039 2.3541814200656927e-43 167
1732439560370 3.1389085600875902e-43 223
1732439568042 3.923635700109488e-43 279
1732439575341 4.708362840131385e-43 335
1732439582675 5.493089980153283e-43 391
1732439589905 6.2778171201751805e-43 447
1732439597107 7.062544260197078e-43 503
1732439604495 7.847271400218976e-43 559
1732439612181 7.006492321624085e-45 615
1732439619901 7.006492321624085e-45 671
1732439627540 0.0 727
1732439635379 0.0 783
1732439643607 0.0 839
1732439651605 1.2555634240350361e-42 895
1732439659138 1.3340361380372259e-42 951
1732439666724 0.0 1007
1732439674269 1.4909815660416054e-42 1063
1732439681960 7.006492321624085e-45 1119
