1732451221487 0.0 9
1732451225361 0.0 19
1732451232947 1.0 29
1732451236897 1.0 39
1732451243007 2.0 49
1732451246831 2.0 59
1732451250901 2.0 69
1732451256923 3.0 79
1732451261074 3.0 89
1732451267098 4.0 99
1732451271363 4.0 109
1732451275213 4.0 119
1732451281547 5.0 129
1732451285490 5.0 139
1732451291719 6.0 149
1732451295662 6.0 159
1732451302193 7.0 169
1732451305897 7.0 179
1732451310295 7.0 189
1732451316343 8.0 199
1732451320751 8.0 209
1732451326701 9.0 219
1732451331024 9.0 229
1732451334860 9.0 239
1732451341509 10.0 249
1732451345380 10.0 259
1732451351736 11.0 269
1732451355856 11.0 279
1732451362466 12.0 289
1732451366813 12.0 299
1732451371463 12.0 309
1732451377634 13.0 319
1732451382448 13.0 329
1732451389120 14.0 339
1732451393661 14.0 349
1732451397970 14.0 359
1732451404844 15.0 369
1732451409394 15.0 379
1732451416210 16.0 389
1732451420946 16.0 399
1732451428181 17.0 409
1732451432836 17.0 419
1732451438184 17.0 429
1732451445417 18.0 439
1732451450646 18.0 449
1732451457839 19.0 459
1732451463171 19.0 469
1732451468555 19.0 479
1732451476241 20.0 489
1732451481297 20.0 499
1732451489096 21.0 509
1732451494432 21.0 519
1732451502241 22.0 529
1732451507634 22.0 539
1732451512952 22.0 549
