1732451217327 0.1 0
1732451230332 0.1 24
1732451241833 0.1 48
1732451253482 0.1 72
1732451265283 0.06 96
1732451277125 0.06 120
1732451288846 0.06 144
1732451300913 0.036 168
1732451312823 0.036 192
1732451324914 0.036 216
1732451336789 0.021599999999999998 240
1732451348874 0.021599999999999998 264
1732451361240 0.021599999999999998 288
1732451374089 0.012959999999999998 312
1732451387022 0.012959999999999998 336
1732451399943 0.012959999999999998 360
1732451413180 0.012959999999999998 384
1732451426736 0.007775999999999998 408
1732451441030 0.007775999999999998 432
1732451455467 0.007775999999999998 456
1732451470579 0.004665599999999999 480
1732451485309 0.004665599999999999 504
1732451500829 0.004665599999999999 528
1732451515674 0.0027993599999999994 552
