1732451221487 0.59375 9
1732451225361 0.625 19
1732451232947 0.5625 29
1732451236897 0.5 39
1732451243007 0.71875 49
1732451246831 0.65625 59
1732451250901 0.625 69
1732451256923 0.625 79
1732451261074 0.625 89
1732451267098 0.6875 99
1732451271363 0.5625 109
1732451275213 0.699999988079071 119
1732451281547 0.625 129
1732451285490 0.71875 139
1732451291719 0.59375 149
1732451295662 0.6875 159
1732451302193 0.625 169
1732451305897 0.625 179
1732451310295 0.65625 189
1732451316343 0.65625 199
1732451320751 0.65625 209
1732451326701 0.5625 219
1732451331024 0.625 229
1732451334860 0.550000011920929 239
1732451341509 0.78125 249
1732451345380 0.65625 259
1732451351736 0.625 269
1732451355856 0.5625 279
1732451362466 0.625 289
1732451366813 0.59375 299
1732451371463 0.625 309
1732451377634 0.78125 319
1732451382448 0.65625 329
1732451389120 0.65625 339
1732451393661 0.65625 349
1732451397970 0.6499999761581421 359
1732451404844 0.625 369
1732451409394 0.5625 379
1732451416210 0.53125 389
1732451420946 0.6875 399
1732451428181 0.625 409
1732451432836 0.59375 419
1732451438184 0.59375 429
1732451445417 0.625 439
1732451450646 0.6875 449
1732451457839 0.5 459
1732451463171 0.71875 469
1732451468555 0.699999988079071 479
1732451476241 0.59375 489
1732451481297 0.59375 499
1732451489096 0.6875 509
1732451494432 0.65625 519
1732451502241 0.625 529
1732451507634 0.65625 539
1732451512952 0.65625 549
