1732451221487 1.5561683177947998 9
1732451225361 1.4936683177947998 19
1732451232947 1.6186683177947998 29
1732451236897 1.7436683177947998 39
1732451243007 1.3061683177947998 49
1732451246831 1.4311683177947998 59
1732451250901 1.4936683177947998 69
1732451256923 1.4936683177947998 79
1732451261074 1.4936683177947998 89
1732451267098 1.3686683177947998 99
1732451271363 1.6186683177947998 109
1732451275213 1.3436683416366577 119
1732451281547 1.4936683177947998 129
1732451285490 1.3061683177947998 139
1732451291719 1.5561683177947998 149
1732451295662 1.3686683177947998 159
1732451302193 1.4936683177947998 169
1732451305897 1.4936683177947998 179
1732451310295 1.4311683177947998 189
1732451316343 1.4311683177947998 199
1732451320751 1.4311683177947998 209
1732451326701 1.6186683177947998 219
1732451331024 1.4936683177947998 229
1732451334860 1.6436684131622314 239
1732451341509 1.1811683177947998 249
1732451345380 1.4311683177947998 259
1732451351736 1.4936683177947998 269
1732451355856 1.6186683177947998 279
1732451362466 1.4936683177947998 289
1732451366813 1.5561683177947998 299
1732451371463 1.4936683177947998 309
1732451377634 1.1811683177947998 319
1732451382448 1.4311683177947998 329
1732451389120 1.4311683177947998 339
1732451393661 1.4311683177947998 349
1732451397970 1.4436683654785156 359
1732451404844 1.4936683177947998 369
1732451409394 1.6186683177947998 379
1732451416210 1.6811683177947998 389
1732451420946 1.3686683177947998 399
1732451428181 1.4936683177947998 409
1732451432836 1.5561683177947998 419
1732451438184 1.5561683177947998 429
1732451445417 1.4936683177947998 439
1732451450646 1.3686681985855103 449
1732451457839 1.7436683177947998 459
1732451463171 1.3061683177947998 469
1732451468555 1.3436683416366577 479
1732451476241 1.5561683177947998 489
1732451481297 1.5561683177947998 499
1732451489096 1.3686683177947998 509
1732451494432 1.4311683177947998 519
1732451502241 1.4936683177947998 529
1732451507634 1.4311683177947998 539
1732451512952 1.4311683177947998 549
