1732440122931 0.0 3
1732440123257 0.0 7
1732440123795 0.0 11
1732440124282 0.0 15
1732440124812 0.0 19
1732440125321 0.0 23
1732440125856 0.0 27
1732440126396 0.0 31
1732440126972 0.0 35
1732440127460 0.0 39
1732440128104 0.0 43
1732440128616 0.0 47
1732440129118 0.0 51
1732440129615 0.0 55
1732440131216 0.0 55
1732440131239 0.0 55
1732440132060 1.0 59
1732440132423 1.0 63
1732440132922 1.0 67
1732440133367 1.0 71
1732440133897 1.0 75
1732440134380 1.0 79
1732440135051 1.0 83
1732440135477 1.0 87
1732440135952 1.0 91
1732440136473 1.0 95
1732440137043 1.0 99
1732440137533 1.0 103
1732440138030 1.0 107
1732440138424 1.0 111
1732440140038 1.0 111
1732440140062 1.0 111
1732440140873 2.0 115
1732440141320 2.0 119
1732440141772 2.0 123
1732440142274 2.0 127
1732440142745 2.0 131
1732440143269 2.0 135
1732440143733 2.0 139
1732440144148 2.0 143
1732440144581 2.0 147
1732440144993 2.0 151
1732440145484 2.0 155
1732440145943 2.0 159
1732440146392 2.0 163
1732440146815 2.0 167
1732440148576 2.0 167
1732440148597 2.0 167
1732440149331 3.0 171
1732440149894 3.0 175
