1732440122403 1.3858675956726074 0
1732440122792 1.383695363998413 1
1732440122860 1.3706778287887573 2
1732440122920 1.3497923612594604 3
1732440123066 1.2662280797958374 4
1732440123127 1.3055411577224731 5
1732440123187 1.3672748804092407 6
1732440123245 1.430907964706421 7
1732440123542 1.243678331375122 8
1732440123618 1.3061658143997192 9
1732440123725 1.306168556213379 10
1732440123783 1.2436683177947998 11
1732440124028 1.4936683177947998 12
1732440124086 1.4936683177947998 13
1732440124219 1.3061683177947998 14
1732440124271 1.1186683177947998 15
1732440124509 1.4311683177947998 16
1732440124591 1.3061683177947998 17
1732440124716 1.1186683177947998 18
1732440124797 1.5561683177947998 19
1732440125092 1.3686683177947998 20
1732440125166 1.3686681985855103 21
1732440125239 1.2436683177947998 22
1732440125307 1.3686683177947998 23
1732440125623 1.3061683177947998 24
1732440125702 1.1811683177947998 25
1732440125790 1.1811683177947998 26
1732440125845 1.3061683177947998 27
1732440126045 1.4936683177947998 28
1732440126231 1.3061683177947998 29
1732440126326 1.4311683177947998 30
1732440126384 1.3061683177947998 31
1732440126561 1.2436683177947998 32
1732440126750 1.4311683177947998 33
1732440126895 1.4936683177947998 34
1732440126959 1.3686683177947998 35
1732440127072 1.3686683177947998 36
1732440127190 1.4936683177947998 37
1732440127388 1.3686681985855103 38
1732440127447 1.3061683177947998 39
1732440127583 1.3686683177947998 40
1732440127675 1.3686683177947998 41
1732440128019 1.3061683177947998 42
1732440128090 1.3686683177947998 43
1732440128162 1.1811683177947998 44
1732440128224 1.2436683177947998 45
1732440128518 1.3686683177947998 46
1732440128604 1.4311683177947998 47
1732440128672 1.3686683177947998 48
1732440128740 1.3061683177947998 49
1732440129026 1.1186683177947998 50
1732440129104 1.1811683177947998 51
1732440129166 1.1186683177947998 52
1732440129229 1.3061683177947998 53
1732440129388 1.2436683177947998 54
1732440129475 1.6103349924087524 55
1732440131861 1.6186683177947998 0
1732440131919 1.6186683177947998 1
1732440131985 1.1186683177947998 2
1732440132047 1.4311683177947998 3
1732440132107 1.1186683177947998 4
1732440132163 1.3061683177947998 5
1732440132356 1.3686683177947998 6
1732440132408 1.3061683177947998 7
1732440132566 1.4936683177947998 8
1732440132620 1.3061683177947998 9
1732440132819 1.2436683177947998 10
1732440132907 1.4311683177947998 11
1732440133083 1.1186683177947998 12
1732440133141 1.3061683177947998 13
1732440133260 1.4311683177947998 14
1732440133348 1.4936683177947998 15
1732440133557 1.1811683177947998 16
1732440133612 1.3686683177947998 17
1732440133823 1.3061683177947998 18
1732440133883 1.5561683177947998 19
1732440134040 1.4311683177947998 20
1732440134093 1.2436683177947998 21
1732440134307 1.3061683177947998 22
1732440134369 1.1811683177947998 23
1732440134443 1.1186683177947998 24
1732440134497 1.3686683177947998 25
1732440134804 1.3686683177947998 26
1732440135032 1.1811683177947998 27
1732440135099 1.1811683177947998 28
1732440135153 1.5561683177947998 29
1732440135285 1.4311683177947998 30
1732440135458 1.5561683177947998 31
1732440135616 1.2436683177947998 32
1732440135675 1.1186683177947998 33
1732440135832 1.3686683177947998 34
1732440135938 1.3686683177947998 35
1732440136037 1.4311683177947998 36
1732440136094 1.2436683177947998 37
1732440136395 1.2436683177947998 38
1732440136460 1.3061683177947998 39
1732440136522 1.3061683177947998 40
1732440136578 1.2436683177947998 41
1732440136976 1.3061683177947998 42
1732440137032 1.4936683177947998 43
1732440137090 1.2436683177947998 44
1732440137146 1.1811683177947998 45
1732440137465 1.2436683177947998 46
1732440137520 1.3061683177947998 47
1732440137584 1.2436683177947998 48
1732440137639 1.2436683177947998 49
1732440137960 1.4936683177947998 50
1732440138018 1.2436683177947998 51
1732440138078 1.2436683177947998 52
1732440138128 1.4936683177947998 53
1732440138357 1.3686683177947998 54
1732440138413 1.2770017385482788 55
1732440140674 1.2436683177947998 0
1732440140737 1.2436683177947998 1
1732440140797 1.2436683177947998 2
1732440140855 1.3686683177947998 3
1732440141139 1.3061683177947998 4
1732440141205 1.3061683177947998 5
1732440141258 1.2436683177947998 6
1732440141309 1.2436683177947998 7
1732440141588 1.4936683177947998 8
1732440141649 1.1811683177947998 9
1732440141704 1.3686683177947998 10
1732440141758 1.2436683177947998 11
1732440141978 1.4936683177947998 12
1732440142143 1.3061683177947998 13
1732440142204 1.0561683177947998 14
1732440142260 1.4936683177947998 15
1732440142388 1.3686683177947998 16
1732440142607 1.5561683177947998 17
1732440142668 1.3061683177947998 18
1732440142728 1.3061683177947998 19
1732440142907 1.3686683177947998 20
1732440143136 1.1811683177947998 21
1732440143195 1.3061683177947998 22
1732440143253 1.2436683177947998 23
1732440143431 1.2436683177947998 24
1732440143612 1.3061683177947998 25
1732440143666 1.4936683177947998 26
1732440143720 1.2436683177947998 27
1732440143886 1.3061683177947998 28
1732440144016 1.5561683177947998 29
1732440144067 1.3061683177947998 30
1732440144133 1.3061683177947998 31
1732440144320 1.2436683177947998 32
1732440144450 1.4936683177947998 33
1732440144506 1.4311683177947998 34
1732440144562 1.3686683177947998 35
1732440144789 1.3061683177947998 36
1732440144878 1.1811683177947998 37
1732440144930 1.3686683177947998 38
1732440144981 1.1186683177947998 39
1732440145187 1.4311683177947998 40
1732440145367 1.1186683177947998 41
1732440145423 1.4311683177947998 42
1732440145472 1.3686683177947998 43
1732440145663 1.3686683177947998 44
1732440145819 1.4936683177947998 45
1732440145875 1.3061683177947998 46
1732440145931 1.1811683177947998 47
1732440146075 1.4311683177947998 48
1732440146267 1.3686683177947998 49
1732440146322 1.3686683177947998 50
1732440146375 1.5561683177947998 51
1732440146573 1.3686683177947998 52
1732440146700 1.2436683177947998 53
1732440146751 1.3061683177947998 54
1732440146801 1.2103350162506104 55
1732440149107 1.1811683177947998 0
1732440149171 1.2436683177947998 1
1732440149239 1.1811683177947998 2
1732440149309 1.3061683177947998 3
1732440149650 1.3686683177947998 4
1732440149714 1.3686683177947998 5
1732440149819 1.1811683177947998 6
1732440149877 1.3061683177947998 7
1732440150212 1.4936683177947998 8
1732440150267 1.2436683177947998 9
1732440150321 1.3686683177947998 10
1732440150382 1.3061683177947998 11
