1732440122931 0.0 3
1732440123257 0.0 7
1732440123795 0.0 11
1732440124282 0.15625 15
1732440124812 0.046875 19
1732440125321 0.09375 23
1732440125856 0.109375 27
1732440126396 0.109375 31
1732440126972 0.09375 35
1732440127460 0.109375 39
1732440128104 0.09375 43
1732440128616 0.078125 47
1732440129118 0.140625 51
1732440129615 0.03333333507180214 55
1732440132060 0.078125 59
1732440132423 0.109375 63
1732440132922 0.078125 67
1732440133367 0.0625 71
1732440133897 0.046875 75
1732440134380 0.140625 79
1732440135051 0.140625 83
1732440135477 0.046875 87
1732440135952 0.09375 91
1732440136473 0.109375 95
1732440137043 0.0625 99
1732440137533 0.109375 103
1732440138030 0.125 107
1732440138424 0.11666666716337204 111
1732440140873 0.09375 115
1732440141320 0.125 119
1732440141772 0.125 123
1732440142274 0.0625 127
1732440142745 0.109375 131
1732440143269 0.125 135
1732440143733 0.125 139
1732440144148 0.109375 143
1732440144581 0.09375 147
1732440144993 0.15625 151
1732440145484 0.09375 155
1732440145943 0.140625 159
1732440146392 0.046875 163
1732440146815 0.13333334028720856 167
1732440149331 0.109375 171
1732440149894 0.109375 175
