1732440849702 1.3874752521514893 0
1732440849917 1.3655503988265991 1
1732440849983 1.3690555095672607 2
1732440850056 1.3296849727630615 3
1732440850247 1.360515832901001 4
1732440850309 1.363062858581543 5
1732440850366 1.405275583267212 6
1732440850427 1.3648223876953125 7
1732440850779 1.3609600067138672 8
1732440850846 1.2098817825317383 9
1732440850897 1.3028627634048462 10
1732440850962 1.5166431665420532 11
1732440851155 1.4874649047851562 12
1732440851219 1.3864420652389526 13
1732440851288 1.436087965965271 14
1732440851378 1.2633147239685059 15
1732440851551 1.1621559858322144 16
1732440851608 1.3651847839355469 17
1732440851666 1.2964599132537842 18
1732440851738 1.296816110610962 19
1732440851935 1.3940036296844482 20
1732440851991 1.3063803911209106 21
1732440852050 1.4340567588806152 22
1732440852118 1.3301029205322266 23
1732440852337 1.2649608850479126 24
1732440852393 1.2229058742523193 25
1732440852445 1.3112616539001465 26
1732440852512 1.3124383687973022 27
1732440852721 1.3477542400360107 28
1732440852776 1.2619506120681763 29
1732440852824 1.3011987209320068 30
1732440852883 1.4475864171981812 31
1732440853152 1.2046177387237549 32
1732440853205 1.4332239627838135 33
1732440853259 1.448662519454956 34
1732440853320 1.1990711688995361 35
1732440853587 1.1571533679962158 36
1732440853660 1.3081631660461426 37
1732440853719 1.4128310680389404 38
1732440853783 1.2125670909881592 39
1732440853965 1.3085308074951172 40
1732440854015 1.3945345878601074 41
1732440854068 1.4622466564178467 42
1732440854133 1.4102725982666016 43
1732440854333 1.3542381525039673 44
1732440854385 1.3085228204727173 45
1732440854440 1.1975703239440918 46
1732440854501 1.298729419708252 47
1732440854728 1.1104931831359863 48
1732440854780 1.3515360355377197 49
1732440854839 1.157841444015503 50
1732440854899 1.3582167625427246 51
1732440855053 1.3469973802566528 52
1732440855100 1.3564445972442627 53
1732440855149 1.3003064393997192 54
1732440855239 1.2826052904129028 55
1732440857318 1.515127420425415 0
1732440857383 1.0396363735198975 1
1732440857444 1.4074443578720093 2
1732440857514 1.6229898929595947 3
1732440857767 1.3454629182815552 4
1732440857832 1.4571161270141602 5
1732440857889 1.2989224195480347 6
1732440857953 1.3485459089279175 7
1732440858204 1.2477360963821411 8
1732440858267 1.3483257293701172 9
1732440858320 1.208360195159912 10
1732440858372 1.0863088369369507 11
1732440858612 1.449709177017212 12
1732440858674 1.2155296802520752 13
1732440858726 1.1612329483032227 14
1732440858785 1.3414677381515503 15
1732440858995 1.306746006011963 16
1732440859061 1.3006246089935303 17
1732440859110 1.1952813863754272 18
1732440859162 1.460322380065918 19
1732440859374 1.2479032278060913 20
1732440859434 1.298814296722412 21
1732440859488 1.4072951078414917 22
1732440859543 1.295626163482666 23
1732440859732 1.3468239307403564 24
1732440859797 1.3554794788360596 25
1732440859849 1.6117241382598877 26
1732440859898 1.4569318294525146 27
1732440860122 1.1993460655212402 28
1732440860195 1.3466931581497192 29
1732440860244 1.3456969261169434 30
1732440860300 1.301403284072876 31
1732440860517 1.3996953964233398 32
1732440860596 1.3570111989974976 33
1732440860647 1.4633095264434814 34
1732440860702 1.23811936378479 35
1732440860935 1.2945082187652588 36
1732440860997 1.309783935546875 37
1732440861048 1.3076167106628418 38
1732440861099 1.4111248254776 39
1732440861347 1.3886480331420898 40
1732440861406 1.2008860111236572 41
1732440861458 1.3464648723602295 42
1732440861507 1.3738622665405273 43
1732440861748 1.1957333087921143 44
1732440861841 1.1910325288772583 45
1732440861894 1.3052287101745605 46
1732440861948 1.386339783668518 47
1732440862204 1.1813101768493652 48
1732440862265 1.2555776834487915 49
1732440862315 1.3551868200302124 50
1732440862372 1.408760905265808 51
1732440862625 1.1969497203826904 52
1732440862682 1.4025795459747314 53
1732440862732 1.0959322452545166 54
1732440862783 1.332417607307434 55
1732440864848 1.1939690113067627 0
1732440864906 1.302878499031067 1
1732440864956 1.5833193063735962 2
1732440865016 1.2472240924835205 3
1732440865223 1.1906384229660034 4
1732440865288 1.2464053630828857 5
1732440865337 1.245331048965454 6
1732440865390 1.3031724691390991 7
1732440865663 1.242942452430725 8
1732440865726 1.472582221031189 9
1732440865782 1.4169052839279175 10
1732440865838 1.3030941486358643 11
1732440866016 1.4738507270812988 12
1732440866072 1.3583205938339233 13
1732440866124 1.2456214427947998 14
1732440866179 1.3022997379302979 15
1732440866374 1.4194799661636353 16
1732440866476 1.0217410326004028 17
1732440866530 1.3592262268066406 18
1732440866590 1.1340506076812744 19
1732440866781 1.412600040435791 20
1732440866861 1.3024288415908813 21
1732440866914 1.471792459487915 22
1732440866970 1.406745433807373 23
1732440867173 1.354750156402588 24
1732440867308 1.245858073234558 25
1732440867365 1.3556091785430908 26
1732440867424 1.4138798713684082 27
1732440867548 1.0336002111434937 28
1732440867677 1.3050971031188965 29
1732440867730 1.2976574897766113 30
1732440867792 1.506752371788025 31
1732440867988 1.3560289144515991 32
1732440868058 1.1940383911132812 33
1732440868116 1.49826979637146 34
1732440868172 1.3592519760131836 35
1732440868429 1.3563423156738281 36
1732440868488 1.206251859664917 37
1732440868553 1.438816785812378 38
1732440868605 1.2072830200195312 39
1732440868760 1.517249584197998 40
1732440868906 1.3516480922698975 41
1732440868963 1.4162578582763672 42
1732440869015 1.242375135421753 43
1732440869125 1.2840451002120972 44
1732440869319 1.1998404264450073 45
1732440869379 1.3067610263824463 46
1732440869432 1.2969253063201904 47
1732440869507 1.353940725326538 48
1732440869756 1.2335498332977295 49
1732440869818 1.3406230211257935 50
1732440869881 1.2336325645446777 51
1732440869931 1.4028856754302979 52
1732440870138 1.297831416130066 53
1732440870193 1.2666261196136475 54
1732440870232 1.3300988674163818 55
1732440872274 1.0696489810943604 0
1732440872330 1.486717700958252 1
1732440872389 1.237805724143982 2
1732440872462 1.3946011066436768 3
1732440872647 1.4041166305541992 4
1732440872709 1.287615418434143 5
1732440872768 1.3543040752410889 6
1732440872831 1.3575351238250732 7
1732440873025 1.2349331378936768 8
1732440873090 1.3890354633331299 9
1732440873141 1.4453785419464111 10
1732440873198 1.4964491128921509 11
1732440873430 1.2402942180633545 12
1732440873485 1.2049975395202637 13
1732440873534 1.2040939331054688 14
1732440873588 1.402613878250122 15
1732440873812 1.2913787364959717 16
1732440873869 1.237441062927246 17
1732440873925 1.301761269569397 18
1732440873980 1.269498348236084 19
1732440874211 1.2583601474761963 20
1732440874270 1.3787200450897217 21
1732440874323 1.3882747888565063 22
1732440874378 1.4173880815505981 23
1732440874625 1.285801887512207 24
1732440874686 1.1547837257385254 25
1732440874744 1.3965389728546143 26
1732440874797 1.2167644500732422 27
1732440875049 1.2592737674713135 28
1732440875103 1.3903170824050903 29
1732440875156 1.1969597339630127 30
1732440875218 1.2837905883789062 31
1732440875466 1.3381906747817993 32
1732440875521 1.2372151613235474 33
1732440875596 1.191406488418579 34
1732440875653 1.3004868030548096 35
1732440875908 1.1910638809204102 36
1732440875965 1.4284381866455078 37
1732440876025 1.38401198387146 38
1732440876086 1.2271195650100708 39
1732440876265 1.398540735244751 40
1732440876318 1.2805464267730713 41
1732440876370 1.4670743942260742 42
1732440876428 1.364275574684143 43
1732440876669 1.2747899293899536 44
1732440876723 1.2376108169555664 45
1732440876781 1.281461477279663 46
1732440876842 1.2785224914550781 47
1732440877127 1.1843135356903076 48
1732440877195 1.362998366355896 49
1732440877245 1.3606476783752441 50
1732440877304 1.3674063682556152 51
1732440877528 1.3180644512176514 52
1732440877586 1.226777195930481 53
1732440877631 1.228562593460083 54
1732440877683 1.2789562940597534 55
1732440879651 1.3755571842193604 0
1732440879707 1.2744226455688477 1
1732440879761 1.1089426279067993 2
1732440879821 1.099394679069519 3
1732440880066 1.3090710639953613 4
1732440880122 1.446590781211853 5
1732440880168 1.3887944221496582 6
1732440880222 1.2812795639038086 7
1732440880463 1.2826060056686401 8
1732440880522 1.1472617387771606 9
1732440880572 1.2059826850891113 10
1732440880626 1.1260924339294434 11
1732440880838 1.242586374282837 12
1732440880898 1.2362990379333496 13
1732440880965 1.2433538436889648 14
1732440881019 1.3261903524398804 15
1732440881265 1.3810832500457764 16
1732440881320 1.2919797897338867 17
1732440881376 1.1256346702575684 18
1732440881441 1.1635733842849731 19
1732440881653 1.3314714431762695 20
1732440881713 1.1965301036834717 21
1732440881765 1.1633269786834717 22
1732440881886 1.174635410308838 23
1732440881998 1.130112886428833 24
1732440882052 1.207702875137329 25
1732440882130 1.2561485767364502 26
1732440882271 1.2908879518508911 27
1732440882463 1.196875810623169 28
1732440882519 1.399843454360962 29
1732440882577 1.0938270092010498 30
1732440882639 1.3161475658416748 31
1732440882889 1.223982572555542 32
1732440882945 1.4037115573883057 33
1732440882991 1.1864473819732666 34
1732440883049 1.319265365600586 35
1732440883308 1.1196151971817017 36
1732440883361 1.2568224668502808 37
1732440883410 1.2681676149368286 38
1732440883464 1.1850330829620361 39
1732440883725 1.1965476274490356 40
1732440883777 1.2711580991744995 41
1732440883828 1.1360465288162231 42
1732440883894 1.2577438354492188 43
1732440884133 1.1943296194076538 44
1732440884191 1.3285703659057617 45
1732440884246 1.1564888954162598 46
1732440884306 1.1829279661178589 47
1732440884516 1.23618745803833 48
1732440884577 1.3653794527053833 49
1732440884632 1.144371509552002 50
1732440884697 1.1638967990875244 51
1732440884966 1.1349645853042603 52
1732440885024 1.202919363975525 53
1732440885067 1.3524134159088135 54
1732440885126 1.1897318363189697 55
1732440887086 1.1196361780166626 0
1732440887157 1.3146295547485352 1
1732440887211 1.1370810270309448 2
1732440887270 1.175955057144165 3
1732440887535 1.1914701461791992 4
1732440887591 1.1967400312423706 5
1732440887640 1.162304162979126 6
1732440887696 1.1701844930648804 7
1732440887928 1.2272377014160156 8
1732440887999 1.1526367664337158 9
1732440888067 1.2808806896209717 10
1732440888123 1.3044700622558594 11
1732440888365 1.0776921510696411 12
1732440888433 1.1683416366577148 13
1732440888484 1.202872633934021 14
1732440888538 1.236182689666748 15
1732440888784 1.1202260255813599 16
1732440888846 1.224564552307129 17
1732440888899 1.219040870666504 18
1732440888949 1.2979974746704102 19
1732440889167 1.1833199262619019 20
1732440889233 1.0734286308288574 21
1732440889285 1.1673979759216309 22
1732440889339 1.1749441623687744 23
1732440889617 1.1043504476547241 24
1732440889674 1.1226551532745361 25
1732440889725 1.18825101852417 26
1732440889788 1.2098667621612549 27
1732440890012 1.108089804649353 28
1732440890068 1.1641514301300049 29
1732440890121 1.20033597946167 30
1732440890178 1.1527321338653564 31
1732440890408 1.155861735343933 32
1732440890474 1.213505506515503 33
1732440890542 1.139487862586975 34
1732440890597 1.1583590507507324 35
1732440890827 1.1606330871582031 36
1732440890881 1.258781909942627 37
1732440890933 1.1456384658813477 38
1732440890992 1.1488755941390991 39
1732440891235 1.2410569190979004 40
1732440891289 1.1702542304992676 41
1732440891344 1.301249623298645 42
1732440891404 1.2013237476348877 43
1732440891686 1.1605675220489502 44
1732440891745 1.0996636152267456 45
1732440891800 1.196856141090393 46
1732440891854 1.1906285285949707 47
1732440892102 0.9987211227416992 48
1732440892153 1.282845377922058 49
1732440892219 1.0434796810150146 50
1732440892274 1.12599515914917 51
1732440892486 1.002673625946045 52
1732440892538 1.0814545154571533 53
1732440892594 1.1056938171386719 54
1732440892654 1.180726170539856 55
1732440894581 1.2353119850158691 0
1732440894632 1.2376635074615479 1
1732440894684 1.1143866777420044 2
1732440894743 1.143446445465088 3
1732440894940 1.1444220542907715 4
1732440894998 1.1491743326187134 5
1732440895049 1.1383049488067627 6
