1732440850048 0.001 3
1732440850420 0.001 7
1732440850954 0.001 11
1732440851371 0.001 15
1732440851730 0.001 19
1732440852111 0.001 23
1732440852503 0.001 27
1732440852876 0.001 31
1732440853313 0.001 35
1732440853777 0.001 39
1732440854125 0.001 43
1732440854494 0.001 47
1732440854892 0.001 51
1732440855195 0.001 55
1732440857505 0.001 59
1732440857946 0.001 63
1732440858366 0.001 67
1732440858779 0.001 71
1732440859156 0.001 75
1732440859537 0.001 79
1732440859892 0.001 83
1732440860293 0.001 87
1732440860695 0.001 91
1732440861093 0.001 95
1732440861501 0.001 99
1732440861941 0.001 103
1732440862364 0.001 107
1732440862776 0.001 111
1732440865010 0.001 115
1732440865384 0.001 119
1732440865831 0.001 123
1732440866172 0.001 127
1732440866583 0.001 131
1732440866963 0.001 135
1732440867418 0.001 139
1732440867786 0.001 143
1732440868166 0.001 147
1732440868599 0.001 151
1732440869009 0.001 155
1732440869425 0.001 159
1732440869874 0.001 163
1732440870226 0.001 167
1732440872454 0.001 171
1732440872824 0.001 175
1732440873192 0.001 179
1732440873581 0.001 183
1732440873974 0.001 187
1732440874372 0.001 191
1732440874790 0.001 195
1732440875210 0.001 199
1732440875645 0.001 203
1732440876079 0.001 207
1732440876420 0.001 211
1732440876835 0.001 215
1732440877298 0.001 219
1732440877677 0.001 223
1732440879814 0.001 227
1732440880215 0.001 231
1732440880620 0.001 235
1732440881012 0.001 239
1732440881435 0.001 243
1732440881879 0.001 247
1732440882265 0.001 251
1732440882633 0.001 255
1732440883043 0.001 259
1732440883458 0.001 263
1732440883887 0.001 267
1732440884300 0.001 271
1732440884690 0.001 275
1732440885119 0.001 279
1732440887264 0.001 283
1732440887689 0.001 287
1732440888117 0.001 291
1732440888531 0.001 295
1732440888943 0.001 299
1732440889332 0.001 303
1732440889781 0.001 307
1732440890171 0.001 311
1732440890588 0.001 315
1732440890986 0.001 319
1732440891397 0.001 323
1732440891847 0.001 327
1732440892267 0.001 331
1732440892647 0.001 335
1732440894737 0.001 339
