1732440850074 0.0 3
1732440850439 0.0 7
1732440850973 0.0 11
1732440851390 0.0 15
1732440851751 0.0 19
1732440852133 0.0 23
1732440852527 0.0 27
1732440852899 0.0 31
1732440853337 0.0 35
1732440853797 0.0 39
1732440854145 0.0 43
1732440854513 0.0 47
1732440854913 0.0 51
1732440855278 0.0 55
1732440857528 0.0 59
1732440857968 0.0 63
1732440858384 0.0 67
1732440858799 0.0 71
1732440859175 0.0 75
1732440859555 0.0 79
1732440859911 0.0 83
1732440860315 0.0 87
1732440860713 0.0 91
1732440861112 0.0 95
1732440861519 0.0 99
1732440861962 0.0 103
1732440862393 0.0 107
1732440862798 0.0 111
1732440865036 0.0 115
1732440865402 0.0 119
1732440865849 0.0 123
1732440866191 0.0 127
1732440866606 0.0 131
1732440866983 0.0 135
1732440867445 0.0 139
1732440867805 0.0 143
1732440868190 0.0 147
1732440868617 0.0 151
1732440869033 0.0 155
1732440869445 0.0 159
1732440869891 0.0 163
1732440870244 0.0 167
1732440872477 0.0 171
1732440872844 0.0 175
1732440873211 0.0 179
1732440873603 0.0 183
1732440873998 0.0 187
1732440874390 0.0 191
1732440874812 0.0 195
1732440875240 0.0 199
1732440875665 0.0 203
1732440876099 0.0 207
1732440876446 0.0 211
1732440876855 0.0 215
1732440877317 0.0 219
1732440877694 0.0 223
1732440879836 0.0 227
1732440880234 0.0 231
1732440880642 0.0 235
1732440881030 0.0 239
1732440881452 0.0 243
1732440881899 0.0 247
1732440882287 0.0 251
1732440882657 0.0 255
1732440883063 0.0 259
1732440883481 0.0 263
1732440883908 0.0 267
1732440884323 0.0 271
1732440884709 0.0 275
1732440885144 0.0 279
1732440887288 0.0 283
1732440887712 0.0 287
1732440888135 0.0 291
1732440888548 0.0 295
1732440888962 0.0 299
1732440889352 0.0 303
1732440889801 0.0 307
1732440890188 0.0 311
1732440890608 0.0 315
1732440891005 0.0 319
1732440891415 0.0 323
1732440891866 0.0 327
1732440892285 0.0 331
1732440892666 0.0 335
1732440894756 0.0 339
