1732385903561 0.0 1
1732385903684 0.0 3
1732385904013 0.0 5
1732385904141 0.0 7
1732385904589 0.0 9
1732385904742 0.0 11
1732385905227 0.0 13
1732385905371 0.0 15
1732385905870 0.0 17
1732385905982 0.0 19
1732385906439 0.0 21
1732385906549 0.0 23
1732385907160 0.0 25
1732385907275 0.0 27
1732385907721 0.0 29
1732385907833 0.0 31
1732385908339 0.0 33
1732385908450 0.0 35
1732385908957 0.0 37
1732385909073 0.0 39
1732385909586 0.0 41
1732385909707 0.0 43
1732385910230 0.0 45
1732385910352 0.0 47
1732385910882 0.0 49
1732385910995 0.0 51
1732385911437 0.0 53
1732385911547 0.0 55
1732385911961 0.0 57
1732385912075 0.0 59
1732385912651 0.0 61
1732385912774 0.0 63
1732385913269 0.0 65
1732385913393 0.0 67
1732385913845 0.0 69
1732385913964 0.0 71
1732385914469 0.0 73
1732385914574 0.0 75
1732385914872 0.0 77
1732385917120 0.0 77
1732385917138 0.0 77
1732385917821 1.0 79
1732385917926 1.0 81
1732385918421 1.0 83
1732385918580 1.0 85
1732385919061 1.0 87
1732385919301 1.0 89
1732385919697 1.0 91
1732385919859 1.0 93
1732385920430 1.0 95
1732385920542 1.0 97
1732385921000 1.0 99
1732385921152 1.0 101
1732385921625 1.0 103
1732385921824 1.0 105
1732385922235 1.0 107
1732385922541 1.0 109
1732385922838 1.0 111
1732385923212 1.0 113
1732385923325 1.0 115
1732385923796 1.0 117
1732385923910 1.0 119
1732385924427 1.0 121
1732385924535 1.0 123
1732385925033 1.0 125
1732385925149 1.0 127
1732385925578 1.0 129
1732385925724 1.0 131
1732385926158 1.0 133
1732385926265 1.0 135
1732385926766 1.0 137
1732385926875 1.0 139
1732385927404 1.0 141
1732385927514 1.0 143
1732385928032 1.0 145
1732385928136 1.0 147
1732385928739 1.0 149
1732385928847 1.0 151
1732385929307 1.0 153
1732385929407 1.0 155
1732385931482 1.0 155
1732385931500 1.0 155
1732385932188 2.0 157
1732385932293 2.0 159
1732385932772 2.0 161
1732385932874 2.0 163
1732385933341 2.0 165
1732385933486 2.0 167
1732385934009 2.0 169
1732385934112 2.0 171
1732385934630 2.0 173
1732385934736 2.0 175
1732385935255 2.0 177
1732385935435 2.0 179
1732385935775 2.0 181
1732385935965 2.0 183
1732385936402 2.0 185
1732385936600 2.0 187
1732385937085 2.0 189
1732385937239 2.0 191
1732385937712 2.0 193
1732385937822 2.0 195
1732385938324 2.0 197
