1732385903283 1.3879269361495972 0
1732385903533 1.6811683177947998 0
1732385903612 1.6186683177947998 0
1732385903663 1.4311683177947998 0
1732385903935 1.4936683177947998 0
1732385903994 1.4936683177947998 0
1732385904072 1.6186683177947998 0
1732385904128 1.6186683177947998 0
1732385904457 1.4936683177947998 0
1732385904570 1.5561683177947998 0
1732385904666 1.4936683177947998 0
1732385904721 1.3061683177947998 0
1732385905093 1.6186683177947998 0
1732385905211 1.2436683177947998 0
1732385905293 1.5561683177947998 0
1732385905356 1.4936683177947998 0
1732385905731 1.4311683177947998 0
1732385905853 1.5561683177947998 0
1732385905913 1.4311683177947998 0
1732385905966 1.5561683177947998 0
1732385906285 1.4311683177947998 0
1732385906423 1.4311683177947998 0
1732385906482 1.4311683177947998 0
1732385906532 1.4311683177947998 0
1732385906949 1.4311683177947998 0
1732385907140 1.2436683177947998 0
1732385907206 1.4936683177947998 0
1732385907261 1.4936683177947998 0
1732385907509 1.3686683177947998 0
1732385907705 1.5561683177947998 0
1732385907763 1.3061683177947998 0
1732385907815 1.6186683177947998 0
1732385908122 1.5561683177947998 0
1732385908323 1.4936683177947998 0
1732385908382 1.4311683177947998 0
1732385908433 1.4311683177947998 0
1732385908802 1.7436683177947998 0
1732385908940 1.5561683177947998 0
1732385909004 1.4311683177947998 0
1732385909056 1.4936683177947998 0
1732385909301 1.6186683177947998 0
1732385909566 1.5561683177947998 0
1732385909633 1.5561683177947998 0
1732385909689 1.6186683177947998 0
1732385909896 1.6186683177947998 0
1732385910213 1.5561683177947998 0
1732385910278 1.4936683177947998 0
1732385910334 1.2436683177947998 0
1732385910464 1.4311683177947998 0
1732385910863 1.3061683177947998 0
1732385910930 1.2436683177947998 0
1732385910981 1.3061683177947998 0
1732385911036 1.4936683177947998 0
1732385911420 1.4936683177947998 0
1732385911481 1.2436683177947998 0
1732385911531 1.5561683177947998 0
1732385911652 1.4311683177947998 0
1732385911943 1.3686683177947998 0
1732385912007 1.4936683177947998 0
1732385912056 1.3686683177947998 0
1732385912243 1.4936683177947998 0
1732385912633 1.2436683177947998 0
1732385912695 1.4311683177947998 0
1732385912755 1.3686683177947998 0
1732385912814 1.5561683177947998 0
1732385913252 1.4311681985855103 0
1732385913315 1.4311683177947998 0
1732385913373 1.4311683177947998 0
1732385913438 1.3686683177947998 0
1732385913828 1.4311683177947998 0
1732385913893 1.5561683177947998 0
1732385913948 1.3686683177947998 0
1732385914144 1.4311683177947998 0
1732385914453 1.4936683177947998 0
1732385914509 1.4936683177947998 0
1732385914556 1.4311683177947998 0
1732385914795 1.4311683177947998 0
1732385914845 1.4936683177947998 0
1732385917731 1.3686683177947998 0
1732385917805 1.4936683177947998 0
1732385917862 1.4936683177947998 0
1732385917910 1.5561683177947998 0
1732385918340 1.4936683177947998 0
1732385918399 1.3061683177947998 0
1732385918509 1.3686683177947998 0
1732385918562 1.4311683177947998 0
1732385918961 1.5561683177947998 0
1732385919047 1.3061683177947998 0
1732385919214 1.3686683177947998 0
1732385919275 1.2436683177947998 0
1732385919609 1.3686683177947998 0
1732385919683 1.6186683177947998 0
1732385919775 1.6811683177947998 0
1732385919835 1.1811683177947998 0
1732385920351 1.3061683177947998 0
1732385920408 1.3686683177947998 0
1732385920473 1.6811683177947998 0
1732385920524 1.5561683177947998 0
1732385920929 1.5561683177947998 0
1732385920980 1.5561683177947998 0
1732385921078 1.3061683177947998 0
1732385921129 1.4311683177947998 0
1732385921560 1.6186683177947998 0
1732385921609 1.7436683177947998 0
1732385921752 1.1811683177947998 0
1732385921809 1.6186683177947998 0
1732385922140 1.6186683177947998 0
1732385922212 1.4311683177947998 0
1732385922470 1.4311683177947998 0
1732385922527 1.6186683177947998 0
1732385922765 1.4311683177947998 0
1732385922816 1.4936683177947998 0
1732385923144 1.2436683177947998 0
1732385923196 1.3686683177947998 0
1732385923261 1.4311683177947998 0
1732385923308 1.4936683177947998 0
1732385923727 1.3686683177947998 0
1732385923782 1.3686683177947998 0
1732385923843 1.4311683177947998 0
1732385923890 1.5561683177947998 0
1732385924355 1.4311683177947998 0
1732385924408 1.6186683177947998 0
1732385924470 1.3686683177947998 0
1732385924519 1.6811683177947998 0
1732385924961 1.5561683177947998 0
1732385925016 1.6186683177947998 0
1732385925077 1.4936683177947998 0
1732385925130 1.6186683177947998 0
1732385925503 1.6186683177947998 0
1732385925563 1.3686683177947998 0
1732385925663 1.6186683177947998 0
1732385925710 1.5561683177947998 0
1732385926096 1.4936683177947998 0
1732385926145 1.5561683177947998 0
1732385926201 1.5561683177947998 0
1732385926250 1.3686683177947998 0
1732385926694 1.4311683177947998 0
1732385926748 1.4936683177947998 0
1732385926808 1.5561683177947998 0
1732385926858 1.3686683177947998 0
1732385927339 1.4311683177947998 0
1732385927389 1.4936683177947998 0
1732385927452 1.5561683177947998 0
1732385927500 1.3686683177947998 0
1732385927961 1.4311683177947998 0
1732385928014 1.5561683177947998 0
1732385928074 1.4311683177947998 0
1732385928122 1.5561683177947998 0
1732385928670 1.1811683177947998 0
1732385928722 1.3686683177947998 0
1732385928783 1.4311683177947998 0
1732385928831 1.3686681985855103 0
1732385929249 1.6186683177947998 0
1732385929294 1.4311683177947998 0
1732385929346 1.2436683177947998 0
1732385929395 1.2436683177947998 0
1732385932122 1.3686683177947998 0
1732385932173 1.5561683177947998 0
1732385932229 1.5561683177947998 0
1732385932276 1.6186683177947998 0
1732385932699 1.3686683177947998 0
1732385932756 1.4936683177947998 0
1732385932814 1.5561683177947998 0
1732385932860 1.4936683177947998 0
1732385933255 1.4311683177947998 0
1732385933322 1.4311683177947998 0
1732385933388 1.4936683177947998 0
1732385933455 1.5561683177947998 0
1732385933858 1.3061683177947998 0
1732385933992 1.4311683177947998 0
1732385934049 1.5561683177947998 0
1732385934098 1.6186683177947998 0
1732385934551 1.3061683177947998 0
1732385934614 1.4936683177947998 0
1732385934672 1.4311683177947998 0
1732385934719 1.3686683177947998 0
1732385935180 1.3061683177947998 0
1732385935237 1.4936683177947998 0
1732385935307 1.3686683177947998 0
1732385935419 1.2436683177947998 0
1732385935707 1.3686683177947998 0
1732385935754 1.5561683177947998 0
1732385935897 1.4936683177947998 0
1732385935948 1.4936683177947998 0
1732385936331 1.4936683177947998 0
1732385936385 1.3686683177947998 0
1732385936531 1.4311683177947998 0
1732385936585 1.5561683177947998 0
1732385936908 1.4311683177947998 0
1732385937060 1.4936683177947998 0
1732385937127 1.3686683177947998 0
1732385937223 1.4311683177947998 0
1732385937411 1.3686681985855103 0
1732385937696 1.4311683177947998 0
1732385937753 1.3686683177947998 0
1732385937804 1.6186683177947998 0
1732385938069 1.4311683177947998 0
1732385938307 1.4936683177947998 0
1732385938367 1.4311683177947998 0
