1732385903561 0.015625 1
1732385903684 0.65625 3
1732385904013 0.625 5
1732385904141 0.5625 7
1732385904589 0.59375 9
1732385904742 0.71875 11
1732385905227 0.75 13
1732385905371 0.625 15
1732385905870 0.59375 17
1732385905982 0.59375 19
1732385906439 0.65625 21
1732385906549 0.65625 23
1732385907160 0.75 25
1732385907275 0.625 27
1732385907721 0.59375 29
1732385907833 0.5625 31
1732385908339 0.625 33
1732385908450 0.65625 35
1732385908957 0.59375 37
1732385909073 0.625 39
1732385909586 0.59375 41
1732385909707 0.5625 43
1732385910230 0.59375 45
1732385910352 0.75 47
1732385910882 0.71875 49
1732385910995 0.71875 51
1732385911437 0.625 53
1732385911547 0.59375 55
1732385911961 0.6875 57
1732385912075 0.6875 59
1732385912651 0.75 61
1732385912774 0.6875 63
1732385913269 0.65625 65
1732385913393 0.65625 67
1732385913845 0.65625 69
1732385913964 0.6875 71
1732385914469 0.625 73
1732385914574 0.65625 75
1732385914872 0.625 77
1732385917138 1.0930128021733573e-43 77
1732385917821 0.625 79
1732385917926 0.59375 81
1732385918421 0.71875 83
1732385918580 0.65625 85
1732385919061 0.71875 87
1732385919301 0.75 89
1732385919697 0.5625 91
1732385919859 0.78125 93
1732385920430 0.6875 95
1732385920542 0.59375 97
1732385921000 0.59375 99
1732385921152 0.65625 101
1732385921625 0.5 103
1732385921824 0.5625 105
1732385922235 0.65625 107
1732385922541 0.5625 109
1732385922838 0.625 111
1732385923212 0.6875 113
1732385923325 0.625 115
1732385923796 0.6875 117
1732385923910 0.59375 119
1732385924427 0.5625 121
1732385924535 0.53125 123
1732385925033 0.5625 125
1732385925149 0.5625 127
1732385925578 0.6875 129
1732385925724 0.59375 131
1732385926158 0.59375 133
1732385926265 0.6875 135
1732385926766 0.625 137
1732385926875 0.6875 139
1732385927404 0.625 141
1732385927514 0.6875 143
1732385928032 0.59375 145
1732385928136 0.59375 147
1732385928739 0.6875 149
1732385928847 0.6875 151
1732385929307 0.65625 153
1732385929407 0.75 155
1732385931500 2.1860256043467146e-43 155
1732385932188 0.59375 157
1732385932293 0.5625 159
1732385932772 0.625 161
1732385932874 0.625 163
1732385933341 0.65625 165
1732385933486 0.59375 167
1732385934009 0.65625 169
1732385934112 0.5625 171
1732385934630 0.625 173
1732385934736 0.6875 175
1732385935255 0.625 177
1732385935435 0.75 179
1732385935775 0.59375 181
1732385935965 0.625 183
1732385936402 0.6875 185
1732385936600 0.59375 187
1732385937085 0.625 189
1732385937239 0.65625 191
1732385937712 0.65625 193
1732385937822 0.5625 195
1732385938324 0.625 197
