1732440411507 0.0 3
1732440411915 0.0 7
1732440412316 0.0 11
1732440412738 0.0 15
1732440413149 0.0 19
1732440413521 0.0 23
1732440413953 0.0 27
1732440414438 0.0 31
1732440414868 0.0 35
1732440415261 0.0 39
1732440415629 0.0 43
1732440416043 0.0 47
1732440416427 0.0 51
1732440417001 0.0 55
1732440418590 0.0 55
1732440418612 0.0 55
1732440419478 1.0 59
1732440419886 1.0 63
1732440420292 1.0 67
1732440420713 1.0 71
1732440421135 1.0 75
1732440421588 1.0 79
1732440421972 1.0 83
1732440422418 1.0 87
1732440422795 1.0 91
1732440423278 1.0 95
1732440423653 1.0 99
1732440424118 1.0 103
1732440424478 1.0 107
1732440424886 1.0 111
1732440426496 1.0 111
1732440426520 1.0 111
1732440427168 2.0 115
1732440427609 2.0 119
1732440428111 2.0 123
1732440428534 2.0 127
1732440428924 2.0 131
1732440429368 2.0 135
1732440429861 2.0 139
1732440430270 2.0 143
1732440430695 2.0 147
1732440431103 2.0 151
1732440431540 2.0 155
1732440431937 2.0 159
1732440432404 2.0 163
1732440432811 2.0 167
1732440434542 2.0 167
1732440434563 2.0 167
1732440435314 3.0 171
1732440435822 3.0 175
1732440436211 3.0 179
1732440436657 3.0 183
1732440437050 3.0 187
1732440437470 3.0 191
1732440437885 3.0 195
1732440438284 3.0 199
1732440438688 3.0 203
1732440439123 3.0 207
1732440439545 3.0 211
1732440439986 3.0 215
1732440440448 3.0 219
1732440440862 3.0 223
1732440442474 3.0 223
1732440442499 3.0 223
1732440443119 4.0 227
1732440443568 4.0 231
1732440443972 4.0 235
1732440444438 4.0 239
1732440444908 4.0 243
1732440445436 4.0 247
1732440445978 4.0 251
1732440446426 4.0 255
1732440446878 4.0 259
1732440447378 4.0 263
1732440447724 4.0 267
1732440448145 4.0 271
1732440448559 4.0 275
1732440448972 4.0 279
1732440450655 4.0 279
1732440450678 4.0 279
1732440451320 5.0 283
1732440451704 5.0 287
1732440452119 5.0 291
1732440452551 5.0 295
1732440452987 5.0 299
1732440453379 5.0 303
1732440453772 5.0 307
1732440454220 5.0 311
1732440454654 5.0 315
1732440455071 5.0 319
1732440455459 5.0 323
1732440455877 5.0 327
1732440456341 5.0 331
1732440456779 5.0 335
1732440458328 5.0 335
1732440458348 5.0 335
1732440459032 6.0 339
1732440459534 6.0 343
1732440459984 6.0 347
1732440460419 6.0 351
1732440460889 6.0 355
1732440461383 6.0 359
1732440461739 6.0 363
1732440462202 6.0 367
1732440462644 6.0 371
1732440463081 6.0 375
1732440463472 6.0 379
1732440463951 6.0 383
1732440464424 6.0 387
1732440464848 6.0 391
1732440466368 6.0 391
1732440466389 6.0 391
1732440467229 7.0 395
1732440467625 7.0 399
1732440468113 7.0 403
1732440468520 7.0 407
1732440468996 7.0 411
1732440469498 7.0 415
1732440469920 7.0 419
1732440470318 7.0 423
1732440470706 7.0 427
1732440471241 7.0 431
1732440471696 7.0 435
1732440472059 7.0 439
1732440472460 7.0 443
1732440472897 7.0 447
1732440474574 7.0 447
1732440474597 7.0 447
1732440475233 8.0 451
1732440475665 8.0 455
1732440476096 8.0 459
1732440476507 8.0 463
1732440476962 8.0 467
1732440477472 8.0 471
1732440477965 8.0 475
1732440478352 8.0 479
1732440478801 8.0 483
1732440479216 8.0 487
1732440479616 8.0 491
1732440480082 8.0 495
1732440480473 8.0 499
1732440480886 8.0 503
1732440482663 8.0 503
1732440482685 8.0 503
1732440483328 9.0 507
1732440483818 9.0 511
1732440484192 9.0 515
1732440484661 9.0 519
1732440485130 9.0 523
1732440485556 9.0 527
1732440485987 9.0 531
1732440486437 9.0 535
1732440486848 9.0 539
1732440487241 9.0 543
1732440487590 9.0 547
1732440488035 9.0 551
1732440488476 9.0 555
1732440488978 9.0 559
1732440490751 9.0 559
1732440490775 9.0 559
1732440491487 10.0 563
1732440491926 10.0 567
1732440492344 10.0 571
1732440492744 10.0 575
1732440493169 10.0 579
1732440493601 10.0 583
1732440494142 10.0 587
1732440494649 10.0 591
1732440495127 10.0 595
1732440495525 10.0 599
1732440495883 10.0 603
1732440496376 10.0 607
1732440496818 10.0 611
1732440497335 10.0 615
1732440499023 10.0 615
1732440499045 10.0 615
1732440499703 11.0 619
1732440500132 11.0 623
1732440500617 11.0 627
1732440501120 11.0 631
1732440501530 11.0 635
1732440501967 11.0 639
1732440502405 11.0 643
1732440502817 11.0 647
1732440503249 11.0 651
1732440503640 11.0 655
1732440504075 11.0 659
1732440504541 11.0 663
1732440504999 11.0 667
1732440505427 11.0 671
1732440506942 11.0 671
1732440506962 11.0 671
1732440507653 12.0 675
1732440508052 12.0 679
1732440508484 12.0 683
1732440508972 12.0 687
1732440509400 12.0 691
1732440509841 12.0 695
1732440510268 12.0 699
1732440510690 12.0 703
1732440511156 12.0 707
1732440511577 12.0 711
1732440512016 12.0 715
1732440512465 12.0 719
1732440512896 12.0 723
1732440513332 12.0 727
1732440514893 12.0 727
1732440514925 12.0 727
1732440515641 13.0 731
1732440516191 13.0 735
1732440516708 13.0 739
1732440517102 13.0 743
1732440517526 13.0 747
1732440517961 13.0 751
1732440518393 13.0 755
1732440518805 13.0 759
1732440519243 13.0 763
1732440519602 13.0 767
1732440520054 13.0 771
1732440520488 13.0 775
1732440520886 13.0 779
1732440521345 13.0 783
1732440523001 13.0 783
1732440523024 13.0 783
1732440523706 14.0 787
1732440524135 14.0 791
1732440524549 14.0 795
1732440525052 14.0 799
1732440525426 14.0 803
1732440525881 14.0 807
1732440526276 14.0 811
1732440526716 14.0 815
1732440527096 14.0 819
1732440527503 14.0 823
1732440527913 14.0 827
1732440528336 14.0 831
1732440528806 14.0 835
1732440529181 14.0 839
1732440530911 14.0 839
1732440530932 14.0 839
1732440531609 15.0 843
1732440532027 15.0 847
1732440532520 15.0 851
1732440532949 15.0 855
1732440533409 15.0 859
1732440533848 15.0 863
1732440534224 15.0 867
1732440534682 15.0 871
1732440535165 15.0 875
1732440535546 15.0 879
1732440536041 15.0 883
1732440536492 15.0 887
1732440536952 15.0 891
1732440537329 15.0 895
1732440539062 15.0 895
1732440539082 15.0 895
1732440539818 16.0 899
1732440540278 16.0 903
1732440540652 16.0 907
1732440541125 16.0 911
1732440541620 16.0 915
1732440542032 16.0 919
1732440542424 16.0 923
1732440542918 16.0 927
1732440543360 16.0 931
1732440543820 16.0 935
1732440544208 16.0 939
1732440544623 16.0 943
1732440545014 16.0 947
1732440545449 16.0 951
1732440547016 16.0 951
1732440547038 16.0 951
1732440547669 17.0 955
1732440548168 17.0 959
1732440548512 17.0 963
1732440548972 17.0 967
1732440549347 17.0 971
1732440549806 17.0 975
1732440550233 17.0 979
1732440550669 17.0 983
1732440551193 17.0 987
1732440551566 17.0 991
1732440551943 17.0 995
1732440552394 17.0 999
1732440552825 17.0 1003
1732440553266 17.0 1007
1732440554810 17.0 1007
1732440554833 17.0 1007
1732440555512 18.0 1011
1732440555924 18.0 1015
1732440556337 18.0 1019
1732440556803 18.0 1023
1732440557232 18.0 1027
1732440557632 18.0 1031
1732440558047 18.0 1035
1732440558514 18.0 1039
1732440558928 18.0 1043
1732440559351 18.0 1047
1732440559817 18.0 1051
1732440560362 18.0 1055
1732440560791 18.0 1059
1732440561253 18.0 1063
1732440562847 18.0 1063
1732440562873 18.0 1063
1732440563527 19.0 1067
1732440563963 19.0 1071
1732440564449 19.0 1075
1732440564901 19.0 1079
