1732440411123 1.3876218795776367 0
1732440411352 1.3787797689437866 1
1732440411422 1.3678393363952637 2
1732440411488 1.3275978565216064 3
1732440411729 1.3567299842834473 4
1732440411788 1.2687351703643799 5
1732440411843 1.2783558368682861 6
1732440411899 1.3485480546951294 7
1732440412121 1.5311614274978638 8
1732440412191 1.490452527999878 9
1732440412246 1.297365427017212 10
1732440412297 1.114979863166809 11
1732440412538 1.307011365890503 12
1732440412613 1.249475359916687 13
1732440412668 1.352754831314087 14
1732440412727 1.1952284574508667 15
1732440412927 1.4079492092132568 16
1732440413022 1.2455244064331055 17
1732440413078 1.252387523651123 18
1732440413132 1.3553361892700195 19
1732440413328 1.3555340766906738 20
1732440413406 1.3587678670883179 21
1732440413458 1.2465052604675293 22
1732440413507 1.3581652641296387 23
1732440413764 1.3534183502197266 24
1732440413826 1.410701870918274 25
1732440413884 1.3557322025299072 26
1732440413941 1.3033437728881836 27
1732440414135 1.4101805686950684 28
1732440414306 1.4125884771347046 29
1732440414361 1.2982852458953857 30
1732440414419 1.3950303792953491 31
1732440414539 1.2994190454483032 32
1732440414736 1.243121862411499 33
1732440414791 1.3467401266098022 34
1732440414852 1.1722980737686157 35
1732440414975 1.3956608772277832 36
1732440415137 1.4027469158172607 37
1732440415196 1.1682369709014893 38
1732440415248 1.292978286743164 39
1732440415383 1.307541012763977 40
1732440415514 1.382950782775879 41
1732440415565 1.2991187572479248 42
1732440415616 1.2838739156723022 43
1732440415764 1.4485533237457275 44
1732440415917 1.1804115772247314 45
1732440415973 1.231480360031128 46
1732440416026 1.27153742313385 47
1732440416248 1.250160574913025 48
1732440416318 1.3966299295425415 49
1732440416370 1.3105990886688232 50
1732440416415 1.3445191383361816 51
1732440416752 1.3469760417938232 52
1732440416809 1.1583364009857178 53
1732440416865 1.3616762161254883 54
1732440416956 1.5659615993499756 55
1732440419280 1.4514977931976318 0
1732440419351 1.4563809633255005 1
1732440419414 1.1481504440307617 2
1732440419465 1.3589646816253662 3
1732440419662 1.253345012664795 4
1732440419752 1.254836916923523 5
1732440419807 1.4570883512496948 6
1732440419872 1.3652379512786865 7
1732440420016 1.5180511474609375 8
1732440420166 1.3015308380126953 9
1732440420219 1.4708813428878784 10
1732440420281 1.206732153892517 11
1732440420508 1.3436696529388428 12
1732440420578 1.3420312404632568 13
1732440420634 1.308286190032959 14
1732440420696 1.4338080883026123 15
1732440420936 1.1737382411956787 16
1732440421004 1.311484456062317 17
1732440421061 1.2309318780899048 18
1732440421118 1.2604563236236572 19
1732440421380 1.3462026119232178 20
1732440421461 1.09455144405365 21
1732440421519 1.200778603553772 22
1732440421575 1.3129427433013916 23
1732440421794 1.4510979652404785 24
1732440421853 1.2546463012695312 25
1732440421904 1.249645471572876 26
1732440421959 1.2515172958374023 27
1732440422235 1.4554662704467773 28
1732440422295 1.2479321956634521 29
1732440422346 1.1976971626281738 30
1732440422406 1.4671796560287476 31
1732440422615 1.3574129343032837 32
1732440422667 1.3573250770568848 33
1732440422722 1.5781844854354858 34
1732440422778 1.1355433464050293 35
1732440423088 1.2479655742645264 36
1732440423146 1.1879606246948242 37
1732440423204 1.241912841796875 38
1732440423261 1.4682064056396484 39
1732440423472 1.3050565719604492 40
1732440423526 1.5242582559585571 41
1732440423583 1.2448843717575073 42
1732440423638 1.3044382333755493 43
1732440423931 1.304530382156372 44
1732440423989 1.2985841035842896 45
1732440424048 1.509185791015625 46
1732440424106 1.242271900177002 47
1732440424297 1.4043612480163574 48
1732440424358 1.3661227226257324 49
1732440424408 1.3977851867675781 50
1732440424463 1.353164792060852 51
1732440424705 1.3027207851409912 52
1732440424755 1.3445971012115479 53
1732440424807 1.1617447137832642 54
1732440424869 1.1756709814071655 55
1732440426978 1.3570665121078491 0
1732440427032 1.397465467453003 1
1732440427089 1.2530534267425537 2
1732440427149 1.303518533706665 3
1732440427435 1.2561665773391724 4
1732440427497 1.3037302494049072 5
1732440427548 1.393629550933838 6
1732440427597 1.2550580501556396 7
1732440427932 1.3432387113571167 8
1732440427987 1.2562510967254639 9
1732440428043 1.3451015949249268 10
1732440428098 1.4333863258361816 11
1732440428348 1.261627435684204 12
1732440428404 1.3947315216064453 13
1732440428466 1.2912776470184326 14
1732440428518 1.4352006912231445 15
1732440428731 1.3808637857437134 16
1732440428790 1.2954620122909546 17
1732440428857 1.3495416641235352 18
1732440428908 1.239035964012146 19
1732440429206 1.2422654628753662 20
1732440429263 1.3665093183517456 21
1732440429310 1.347308874130249 22
1732440429359 1.298578143119812 23
1732440429678 1.227125883102417 24
1732440429736 1.307353138923645 25
1732440429787 1.3049838542938232 26
1732440429845 1.3834645748138428 27
1732440430069 1.1587616205215454 28
1732440430131 1.2905240058898926 29
1732440430198 1.0983302593231201 30
1732440430252 1.259409785270691 31
1732440430500 1.4588775634765625 32
1732440430564 1.4603917598724365 33
1732440430625 1.4044386148452759 34
1732440430682 1.4188613891601562 35
1732440430884 1.297555923461914 36
1732440430943 1.356255054473877 37
1732440431006 1.2401007413864136 38
1732440431087 1.3031578063964844 39
1732440431265 1.3008990287780762 40
1732440431332 1.4055012464523315 41
1732440431389 1.4552890062332153 42
1732440431524 1.1484489440917969 43
1732440431720 1.2973486185073853 44
1732440431788 1.2431206703186035 45
1732440431846 1.3526726961135864 46
1732440431926 1.3985546827316284 47
1732440432192 1.144439458847046 48
1732440432250 1.2933669090270996 49
1732440432305 1.2533648014068604 50
1732440432386 1.097409963607788 51
1732440432603 1.456017255783081 52
1732440432659 1.4514424800872803 53
1732440432719 1.444493293762207 54
1732440432794 1.3276079893112183 55
1732440435067 1.2454676628112793 0
1732440435181 1.3019962310791016 1
1732440435243 1.3071658611297607 2
1732440435303 1.3554253578186035 3
1732440435582 1.2697198390960693 4
1732440435671 1.3934447765350342 5
1732440435738 1.3079676628112793 6
1732440435802 1.2954109907150269 7
1732440435942 1.298114538192749 8
1732440436078 1.288262128829956 9
1732440436135 1.3002879619598389 10
1732440436200 1.3928241729736328 11
1732440436447 1.1579772233963013 12
1732440436510 1.290762186050415 13
1732440436571 1.2435386180877686 14
1732440436636 1.4075877666473389 15
1732440436846 1.4215871095657349 16
1732440436910 1.2908642292022705 17
1732440436973 1.504643440246582 18
1732440437031 1.4670383930206299 19
1732440437266 1.2723591327667236 20
1732440437353 1.3594694137573242 21
1732440437407 1.3495588302612305 22
1732440437460 1.29746413230896 23
1732440437705 1.4001094102859497 24
1732440437761 1.367710828781128 25
1732440437812 1.3481338024139404 26
1732440437871 1.4036504030227661 27
1732440438067 1.3545420169830322 28
1732440438153 1.3373279571533203 29
1732440438211 1.2648334503173828 30
1732440438270 1.3604768514633179 31
1732440438440 1.2437729835510254 32
1732440438562 1.3663523197174072 33
1732440438628 1.3200387954711914 34
1732440438674 1.1850054264068604 35
1732440438932 1.2246146202087402 36
1732440438998 1.1766080856323242 37
1732440439053 1.4905041456222534 38
1732440439105 1.3448734283447266 39
1732440439354 1.1916399002075195 40
1732440439414 1.2952086925506592 41
1732440439485 1.4048734903335571 42
1732440439534 1.2984066009521484 43
1732440439817 1.2970525026321411 44
1732440439873 1.416374683380127 45
1732440439925 1.4173197746276855 46
1732440439974 1.3529541492462158 47
1732440440220 1.1801949739456177 48
1732440440278 1.1832131147384644 49
1732440440381 1.2967464923858643 50
1732440440436 1.2391388416290283 51
1732440440598 1.2967019081115723 52
1732440440653 1.2978143692016602 53
1732440440774 1.300992488861084 54
1732440440848 1.2055416107177734 55
1732440442936 1.3599261045455933 0
1732440443000 1.2956937551498413 1
1732440443052 1.2912484407424927 2
1732440443107 1.3521792888641357 3
1732440443335 1.2342675924301147 4
1732440443445 1.4066224098205566 5
1732440443499 1.2280422449111938 6
1732440443551 1.347023844718933 7
1732440443801 1.2957758903503418 8
1732440443854 1.335618495941162 9
1732440443904 1.4900271892547607 10
1732440443956 1.2741249799728394 11
1732440444265 1.321675419807434 12
1732440444322 1.227738618850708 13
1732440444372 1.2528568506240845 14
1732440444422 1.246145248413086 15
1732440444715 1.172885775566101 16
1732440444777 1.169294834136963 17
1732440444834 1.3717906475067139 18
1732440444896 1.1925230026245117 19
1732440445225 1.1801726818084717 20
1732440445293 1.2201454639434814 21
1732440445355 1.3406071662902832 22
1732440445420 1.1838765144348145 23
1732440445746 1.3322463035583496 24
1732440445828 1.1505560874938965 25
1732440445904 1.1697301864624023 26
1732440445967 1.0219252109527588 27
1732440446131 1.257439136505127 28
1732440446279 1.3048847913742065 29
1732440446347 1.2256090641021729 30
1732440446413 1.0871000289916992 31
1732440446555 1.2264050245285034 32
1732440446733 1.1705513000488281 33
1732440446799 1.1841424703598022 34
1732440446860 1.0634353160858154 35
1732440446966 1.1608192920684814 36
1732440447237 1.0832304954528809 37
1732440447299 1.1197972297668457 38
1732440447365 1.03275465965271 39
1732440447438 1.142568588256836 40
1732440447583 1.120328426361084 41
1732440447652 1.1948084831237793 42
1732440447712 1.1102361679077148 43
1732440447946 1.1032596826553345 44
1732440448009 1.186250925064087 45
1732440448072 1.216526985168457 46
1732440448136 1.141016960144043 47
1732440448353 1.1275935173034668 48
1732440448413 1.122730016708374 49
1732440448482 1.130431890487671 50
1732440448542 1.1839160919189453 51
1732440448752 1.033835530281067 52
1732440448814 1.1201457977294922 53
1732440448870 1.0052075386047363 54
1732440448956 1.025400161743164 55
1732440451120 1.0942493677139282 0
1732440451189 1.0039942264556885 1
1732440451255 1.2116267681121826 2
1732440451309 1.2242896556854248 3
1732440451471 1.0897867679595947 4
1732440451578 1.0401132106781006 5
1732440451638 1.084424614906311 6
1732440451687 1.1854970455169678 7
1732440451915 1.084855079650879 8
1732440452002 1.021139144897461 9
1732440452058 1.0372366905212402 10
1732440452107 0.9754336476325989 11
1732440452307 1.1365978717803955 12
1732440452427 0.9510244131088257 13
1732440452485 1.1191680431365967 14
1732440452537 1.0412691831588745 15
1732440452686 1.131312608718872 16
1732440452854 1.0256130695343018 17
1732440452917 1.0074107646942139 18
1732440452971 1.1923272609710693 19
1732440453074 0.9564803242683411 20
1732440453259 1.1633820533752441 21
1732440453313 1.1875221729278564 22
1732440453364 0.9417423009872437 23
1732440453524 1.158329725265503 24
1732440453646 0.9658160209655762 25
1732440453706 1.0875391960144043 26
1732440453761 1.16905677318573 27
1732440453917 1.1476818323135376 28
1732440454094 1.0943808555603027 29
1732440454151 0.9402989149093628 30
1732440454200 1.0575530529022217 31
1732440454403 1.0039161443710327 32
1732440454536 1.0900726318359375 33
1732440454586 0.9793951511383057 34
1732440454635 0.9648553133010864 35
1732440454876 0.9478244185447693 36
1732440454963 1.119612216949463 37
1732440455013 1.077561616897583 38
1732440455060 1.0075210332870483 39
1732440455262 1.1890764236450195 40
1732440455342 1.10306978225708 41
1732440455391 0.9745795726776123 42
1732440455444 0.9802842140197754 43
1732440455708 1.2445251941680908 44
1732440455762 1.0923752784729004 45
1732440455815 1.0366675853729248 46
1732440455864 1.0596740245819092 47
1732440456145 1.1443748474121094 48
1732440456231 0.9150124192237854 49
1732440456283 1.0829410552978516 50
1732440456331 1.101074457168579 51
1732440456582 0.951968252658844 52
1732440456648 1.123645544052124 53
1732440456699 1.0009562969207764 54
1732440456770 1.0714911222457886 55
1732440458842 1.0049853324890137 0
1732440458911 1.0059309005737305 1
1732440458961 1.0125336647033691 2
1732440459013 0.9631998538970947 3
1732440459203 1.0315182209014893 4
1732440459401 1.1725053787231445 5
1732440459457 0.9375743269920349 6
1732440459520 1.0152111053466797 7
1732440459673 1.0772569179534912 8
1732440459854 1.0295665264129639 9
1732440459908 0.9701296091079712 10
1732440459966 1.128410816192627 11
1732440460087 1.0509977340698242 12
1732440460300 0.9777461886405945 13
1732440460350 0.9742112755775452 14
1732440460402 0.9585081934928894 15
1732440460604 0.9942079782485962 16
1732440460748 1.0237550735473633 17
1732440460807 1.0468740463256836 18
1732440460871 1.0149116516113281 19
1732440461031 1.1530710458755493 20
1732440461227 1.0576542615890503 21
1732440461309 0.8652981519699097 22
1732440461369 0.972788393497467 23
1732440461475 1.0953986644744873 24
1732440461605 0.9120966196060181 25
1732440461658 1.1690722703933716 26
1732440461726 1.0366082191467285 27
1732440461958 1.027942419052124 28
1732440462058 0.9879859685897827 29
1732440462113 0.9307630062103271 30
1732440462190 1.042770266532898 31
1732440462395 1.1069780588150024 32
1732440462498 1.0285608768463135 33
1732440462564 0.9820659756660461 34
1732440462634 0.9358986616134644 35
1732440462803 0.9250097274780273 36
1732440462942 1.0433290004730225 37
1732440463005 1.0001661777496338 38
1732440463069 1.0021518468856812 39
1732440463244 0.9900273680686951 40
1732440463315 1.0559521913528442 41
1732440463385 0.9131370782852173 42
1732440463455 0.9330264329910278 43
1732440463715 0.9366308450698853 44
1732440463808 0.8060697913169861 45
1732440463872 0.8758093118667603 46
1732440463940 1.0499343872070312 47
1732440464147 1.0493998527526855 48
1732440464278 1.0161560773849487 49
1732440464346 1.0559465885162354 50
1732440464412 1.0191292762756348 51
1732440464547 0.9998192191123962 52
1732440464688 0.9218015074729919 53
1732440464748 0.961567759513855 54
1732440464837 0.9423445463180542 55
1732440467020 0.9682232141494751 0
1732440467083 0.9443322420120239 1
1732440467141 0.9720600843429565 2
1732440467213 0.9988292455673218 3
1732440467435 0.7996826171875 4
1732440467493 0.8972997665405273 5
1732440467553 0.7819356322288513 6
1732440467613 1.0654089450836182 7
1732440467931 0.9408707618713379 8
1732440467986 0.922741174697876 9
1732440468040 0.8718700408935547 10
1732440468100 1.0021908283233643 11
1732440468339 0.8758037686347961 12
1732440468402 0.9178279042243958 13
1732440468461 0.9049825668334961 14
1732440468510 0.9652184247970581 15
1732440468823 0.8412457704544067 16
1732440468876 0.8451254367828369 17
1732440468929 0.9136252403259277 18
1732440468983 0.9506964683532715 19
1732440469302 1.006770372390747 20
1732440469367 0.9435511231422424 21
1732440469434 0.9249633550643921 22
1732440469485 0.9485220909118652 23
1732440469712 0.828886866569519 24
1732440469775 1.0702199935913086 25
1732440469833 0.9540377855300903 26
1732440469905 0.9208444952964783 27
1732440470108 0.8563847541809082 28
1732440470166 0.902930736541748 29
1732440470232 0.9079833030700684 30
1732440470304 0.8906415700912476 31
1732440470518 0.9103597402572632 32
1732440470572 0.9697247743606567 33
1732440470635 0.9207506775856018 34
1732440470693 0.8398779630661011 35
1732440471010 0.933025062084198 36
1732440471096 0.876833438873291 37
1732440471165 1.0015769004821777 38
1732440471227 0.8152107000350952 39
1732440471473 0.8900378942489624 40
1732440471555 0.9707765579223633 41
1732440471618 0.9379879236221313 42
1732440471678 0.8519058227539062 43
1732440471831 0.8400581479072571 44
1732440471898 0.9392305016517639 45
1732440471970 0.9483523368835449 46
1732440472048 0.9557985067367554 47
1732440472254 1.014384150505066 48
1732440472313 0.9052101373672485 49
1732440472376 0.9626224040985107 50
1732440472448 0.9044674038887024 51
1732440472685 0.7537723779678345 52
1732440472737 0.8414853811264038 53
1732440472791 0.8424248695373535 54
1732440472886 0.8930349946022034 55
1732440475068 0.9878772497177124 0
1732440475122 0.8937715888023376 1
1732440475172 0.8583462238311768 2
1732440475218 0.8102275133132935 3
1732440475495 0.9272947907447815 4
1732440475553 0.9717470407485962 5
1732440475604 0.8639435172080994 6
1732440475654 0.9359049201011658 7
1732440475931 0.8348547220230103 8
1732440475989 0.8158913254737854 9
1732440476036 0.8438229560852051 10
1732440476084 0.9540324211120605 11
1732440476306 0.8568928241729736 12
1732440476390 0.8722438216209412 13
1732440476442 0.8567463755607605 14
1732440476496 0.9579039812088013 15
1732440476759 0.8660759925842285 16
1732440476823 0.9490723609924316 17
1732440476880 0.7977376580238342 18
1732440476944 0.9690406918525696 19
1732440477143 0.7898683547973633 20
1732440477325 0.9004216194152832 21
1732440477380 0.8628219366073608 22
1732440477456 0.8284255266189575 23
1732440477582 0.8700869083404541 24
1732440477830 0.8506408333778381 25
1732440477893 0.7998087406158447 26
1732440477947 0.7810614705085754 27
1732440478005 0.8885339498519897 28
1732440478231 0.8218703269958496 29
1732440478284 0.9257581233978271 30
1732440478340 0.8407401442527771 31
1732440478395 0.8714403510093689 32
1732440478674 0.7776470184326172 33
1732440478730 0.8428235054016113 34
1732440478786 0.8097391128540039 35
1732440478848 0.9179397225379944 36
1732440479086 0.8600245714187622 37
1732440479144 0.7965243458747864 38
1732440479200 0.782616376876831 39
1732440479264 0.8646483421325684 40
1732440479486 0.7550488710403442 41
1732440479547 0.8701095581054688 42
1732440479605 0.8175991773605347 43
1732440479660 0.9327040910720825 44
1732440479943 0.8338484764099121 45
1732440480010 0.8967536091804504 46
1732440480068 0.8626833558082581 47
1732440480130 0.7571113109588623 48
1732440480328 0.870376706123352 49
1732440480392 0.8312256336212158 50
1732440480456 0.8005006313323975 51
1732440480526 0.8235796689987183 52
1732440480735 0.7505729794502258 53
1732440480794 0.8380218148231506 54
1732440480873 0.8204520344734192 55
1732440483154 0.8535073399543762 0
1732440483209 0.8886086344718933 1
1732440483264 0.9317101240158081 2
1732440483319 0.883876383304596 3
1732440483631 0.7894407510757446 4
1732440483690 0.7875354290008545 5
1732440483746 0.7519761919975281 6
1732440483804 0.8018503189086914 7
1732440484012 0.8251668214797974 8
1732440484071 0.7751708626747131 9
1732440484124 0.8133072257041931 10
1732440484181 0.845687747001648 11
1732440484489 0.7641008496284485 12
1732440484539 0.798401951789856 13
1732440484594 0.7726954817771912 14
1732440484644 0.7470752000808716 15
1732440484958 0.8004467487335205 16
1732440485011 0.8587157726287842 17
1732440485062 0.7752953767776489 18
1732440485118 0.8003065586090088 19
1732440485379 0.7623414993286133 20
1732440485431 0.8153663873672485 21
1732440485486 0.8260607719421387 22
1732440485540 0.7505427598953247 23
1732440485825 0.7893193960189819 24
1732440485876 0.756461501121521 25
1732440485928 0.8079200983047485 26
1732440485975 0.7832262516021729 27
1732440486263 0.7633916139602661 28
1732440486318 0.7672654390335083 29
1732440486373 0.7730537056922913 30
1732440486425 0.7618740797042847 31
1732440486674 0.7766090631484985 32
1732440486726 0.7651968002319336 33
1732440486778 0.8032954931259155 34
1732440486834 0.7720561027526855 35
1732440487065 0.7578355073928833 36
1732440487121 0.8516272902488708 37
1732440487173 0.8173466920852661 38
1732440487229 0.7900313138961792 39
1732440487426 0.8698627948760986 40
1732440487483 0.787386953830719 41
1732440487529 0.7860430479049683 42
1732440487577 0.7448870539665222 43
1732440487864 0.7533761262893677 44
1732440487916 0.8291046023368835 45
1732440487966 0.8051252961158752 46
1732440488019 0.7669914364814758 47
1732440488268 0.7472378611564636 48
1732440488327 0.9126062393188477 49
1732440488387 0.748090922832489 50
1732440488463 0.8517745137214661 51
1732440488774 0.8884394764900208 52
1732440488826 0.8079686760902405 53
1732440488877 0.7461353540420532 54
1732440488959 0.7482568025588989 55
1732440491315 0.762498140335083 0
1732440491370 0.7525532245635986 1
1732440491421 0.7453389763832092 2
1732440491475 0.8032413721084595 3
1732440491741 0.8957388401031494 4
1732440491801 0.7536508440971375 5
1732440491856 0.7471528053283691 6
1732440491911 0.7490869760513306 7
1732440492171 0.7801778316497803 8
1732440492226 0.7446381449699402 9
1732440492282 0.7534688115119934 10
1732440492330 0.7805185914039612 11
1732440492572 0.879259467124939 12
1732440492626 0.8006154894828796 13
1732440492681 0.7477706670761108 14
1732440492731 0.7574360370635986 15
1732440492966 0.7444690465927124 16
1732440493029 0.7806417942047119 17
1732440493086 0.7871873378753662 18
1732440493152 0.7490948438644409 19
1732440493436 0.782647430896759 20
1732440493490 0.7850968241691589 21
1732440493540 0.7595300674438477 22
1732440493590 0.8126821517944336 23
1732440493970 0.8956122994422913 24
1732440494020 0.8236064910888672 25
1732440494082 0.821074366569519 26
1732440494132 0.7545743584632874 27
1732440494452 0.8294796943664551 28
1732440494517 0.7797315716743469 29
1732440494578 0.7786200642585754 30
1732440494633 0.7445498108863831 31
1732440494932 0.7544395923614502 32
1732440494995 0.7888861894607544 33
1732440495046 0.7734134793281555 34
1732440495114 0.8393620252609253 35
1732440495332 0.79218989610672 36
1732440495391 0.7465933561325073 37
1732440495449 0.7500391006469727 38
1732440495512 0.7529298067092896 39
1732440495679 0.8472190499305725 40
1732440495739 0.7511062622070312 41
1732440495800 0.7455714344978333 42
1732440495864 0.7555530071258545 43
1732440496183 0.748560905456543 44
1732440496241 0.8021101951599121 45
1732440496300 0.7482725381851196 46
1732440496362 0.8323261737823486 47
1732440496634 0.7503944039344788 48
1732440496692 0.802976131439209 49
1732440496745 0.7547914981842041 50
1732440496803 0.8067405223846436 51
1732440497135 0.760466992855072 52
1732440497185 0.797114372253418 53
1732440497235 0.7508552074432373 54
1732440497326 0.7601257562637329 55
1732440499522 0.7634720206260681 0
1732440499577 0.8262844085693359 1
1732440499632 0.7504432201385498 2
1732440499685 0.7994555830955505 3
1732440499933 0.840939998626709 4
1732440500020 0.7455502152442932 5
1732440500073 0.7626615762710571 6
1732440500120 0.7464931607246399 7
1732440500427 0.7459067106246948 8
1732440500478 0.756843090057373 9
1732440500529 0.754856526851654 10
1732440500592 0.744686484336853 11
1732440500926 0.7453832030296326 12
1732440500985 0.7477995157241821 13
1732440501043 0.7462412714958191 14
1732440501103 0.7495418190956116 15
1732440501320 0.7658450603485107 16
1732440501383 0.7437801361083984 17
1732440501456 0.7487823963165283 18
1732440501513 0.8387620449066162 19
1732440501736 0.8548144102096558 20
1732440501792 0.7483886480331421 21
1732440501891 0.7462997436523438 22
1732440501951 0.7997887134552002 23
1732440502186 0.7460318803787231 24
1732440502257 0.801815390586853 25
1732440502336 0.7500304579734802 26
1732440502393 0.8691633939743042 27
1732440502605 0.7442668676376343 28
1732440502670 0.8165843486785889 29
1732440502747 0.7484499216079712 30
1732440502804 0.8035280108451843 31
1732440503024 0.7897874116897583 32
1732440503089 0.7451245188713074 33
1732440503174 0.746188223361969 34
1732440503236 0.7596508264541626 35
1732440503437 0.7797849178314209 36
1732440503501 0.7985619902610779 37
1732440503576 0.7956939935684204 38
1732440503628 0.7445170879364014 39
1732440503774 0.7474560737609863 40
1732440503833 0.7471349835395813 41
1732440503995 0.7959381341934204 42
1732440504060 0.7505813837051392 43
1732440504248 0.7682201862335205 44
1732440504309 0.8064762353897095 45
1732440504465 0.7443065643310547 46
1732440504528 0.8110095858573914 47
1732440504673 0.7453605532646179 48
1732440504735 0.751679539680481 49
1732440504915 0.7488088607788086 50
1732440504981 0.7493299841880798 51
1732440505086 0.745136559009552 52
1732440505144 0.7994197010993958 53
1732440505329 0.7451454401016235 54
1732440505411 0.7522162795066833 55
1732440507421 0.7452210187911987 0
1732440507523 0.7728747129440308 1
1732440507579 0.7448553442955017 2
1732440507638 0.7535730004310608 3
1732440507846 0.7598657608032227 4
1732440507938 0.7474551200866699 5
1732440507989 0.7833818793296814 6
1732440508040 0.7981705665588379 7
1732440508250 0.7477402687072754 8
1732440508368 0.9132333993911743 9
1732440508425 0.7468042373657227 10
1732440508473 0.7453486323356628 11
1732440508750 0.7464141845703125 12
1732440508830 0.7455734610557556 13
1732440508884 0.7475615739822388 14
1732440508959 0.8101605176925659 15
1732440509171 0.8125497102737427 16
1732440509268 0.8227022886276245 17
1732440509332 0.7628247141838074 18
1732440509385 0.7470480799674988 19
1732440509589 0.8340403437614441 20
1732440509696 0.7529821991920471 21
1732440509765 0.7567382454872131 22
1732440509827 0.7592170834541321 23
1732440509993 0.8690638542175293 24
1732440510135 0.7476584911346436 25
1732440510196 0.7437905073165894 26
1732440510257 0.7475194334983826 27
1732440510407 0.7554813623428345 28
1732440510564 0.7913798093795776 29
1732440510626 0.7485992908477783 30
1732440510678 0.7456349730491638 31
1732440510830 0.7537842988967896 32
1732440511023 0.750367283821106 33
1732440511088 0.8120592832565308 34
1732440511144 0.7439335584640503 35
1732440511354 0.7442324161529541 36
1732440511436 0.7503794431686401 37
1732440511504 0.7593581676483154 38
1732440511564 0.7438096404075623 39
1732440511780 0.7453691959381104 40
1732440511879 0.7570053339004517 41
1732440511944 0.7507209777832031 42
1732440511999 0.7476289868354797 43
1732440512180 0.74419105052948 44
1732440512322 0.8113502264022827 45
1732440512392 0.7448017597198486 46
1732440512451 0.7441893219947815 47
1732440512584 0.7438420057296753 48
1732440512739 0.768898606300354 49
1732440512807 0.8102357983589172 50
1732440512886 0.7438639402389526 51
1732440513046 0.7453794479370117 52
1732440513193 0.7443400621414185 53
1732440513251 0.7450380325317383 54
1732440513319 0.7546504735946655 55
1732440515396 0.7448266744613647 0
1732440515504 0.7474198341369629 1
1732440515571 0.744714081287384 2
1732440515628 0.7460753917694092 3
1732440515984 0.7628886699676514 4
1732440516049 0.7443495988845825 5
1732440516110 0.7517922520637512 6
1732440516177 0.8017112612724304 7
1732440516481 0.7686540484428406 8
1732440516535 0.799140453338623 9
1732440516598 0.8063741326332092 10
1732440516677 0.7461215257644653 11
1732440516927 0.7519179582595825 12
1732440516979 0.7447605133056641 13
1732440517029 0.7585327625274658 14
1732440517086 0.7565666437149048 15
1732440517354 0.75374835729599 16
1732440517406 0.743714451789856 17
1732440517458 0.7557215690612793 18
1732440517514 0.752669632434845 19
1732440517775 0.7460565567016602 20
1732440517828 0.744813084602356 21
1732440517885 0.7439149618148804 22
1732440517946 0.7666497230529785 23
1732440518207 0.8091108798980713 24
1732440518261 0.7473697662353516 25
1732440518318 0.7466983199119568 26
1732440518381 0.7467653155326843 27
1732440518624 0.7475079298019409 28
1732440518679 0.7448464632034302 29
1732440518736 0.7441390156745911 30
1732440518788 0.7442499399185181 31
1732440519080 0.7521290183067322 32
1732440519135 0.7558531761169434 33
1732440519186 0.7487273216247559 34
1732440519233 0.7969925403594971 35
1732440519404 0.8643692135810852 36
1732440519460 0.7489373683929443 37
1732440519541 0.7742752432823181 38
1732440519591 0.7446094155311584 39
1732440519867 0.7445919513702393 40
1732440519929 0.8053997755050659 41
1732440519986 0.7436962723731995 42
1732440520039 0.8072994947433472 43
1732440520304 0.7603390216827393 44
1732440520369 0.7747584581375122 45
1732440520422 0.7598675489425659 46
1732440520472 0.8045133352279663 47
1732440520713 0.8034670352935791 48
1732440520772 0.7516284584999084 49
1732440520822 0.7438210248947144 50
1732440520874 0.7439649105072021 51
1732440521146 0.7448611259460449 52
1732440521205 0.7441877722740173 53
1732440521259 0.745376706123352 54
1732440521333 0.7479703426361084 55
1732440523480 0.8053803443908691 0
1732440523570 0.7464456558227539 1
1732440523629 0.7467443943023682 2
1732440523694 0.7470039129257202 3
1732440523922 0.8018341064453125 4
1732440524013 0.7572649717330933 5
1732440524070 0.7444284558296204 6
1732440524119 0.7448874711990356 7
1732440524376 0.8060749769210815 8
1732440524433 0.7443113327026367 9
1732440524488 0.7453169822692871 10
1732440524536 0.7455391883850098 11
1732440524751 0.8092408180236816 12
1732440524932 0.7439566850662231 13
1732440524988 0.7442330121994019 14
1732440525041 0.7439818382263184 15
1732440525186 0.744491457939148 16
1732440525263 0.8126664161682129 17
1732440525319 0.8166452050209045 18
1732440525416 0.7496023774147034 19
1732440525689 0.7440895438194275 20
1732440525742 0.7460495829582214 21
1732440525797 0.7445727586746216 22
1732440525870 0.7437318563461304 23
1732440526077 0.7437372207641602 24
1732440526130 0.7438889145851135 25
1732440526185 0.7438405156135559 26
1732440526265 0.7444280385971069 27
1732440526492 0.7437547445297241 28
1732440526546 0.7439152598381042 29
1732440526596 0.7444618940353394 30
1732440526698 0.7581825256347656 31
1732440526899 0.7437999248504639 32
1732440526952 0.7561984062194824 33
1732440527002 0.7443251013755798 34
1732440527084 0.7438512444496155 35
1732440527328 0.809183657169342 36
1732440527382 0.7440283894538879 37
1732440527439 0.7732072472572327 38
1732440527491 0.816137433052063 39
1732440527700 0.8079272508621216 40
1732440527751 0.7463991641998291 41
1732440527802 0.7443243265151978 42
1732440527899 0.7465530037879944 43
1732440528161 0.8030037879943848 44
1732440528219 0.7441154718399048 45
1732440528268 0.7455615997314453 46
1732440528320 0.7644123435020447 47
1732440528628 0.751874566078186 48
1732440528685 0.748755156993866 49
1732440528737 0.7459033727645874 50
1732440528790 0.7438570261001587 51
1732440528996 0.7859073877334595 52
1732440529051 0.7439018487930298 53
1732440529098 0.8174917697906494 54
1732440529164 0.744071900844574 55
1732440531437 0.7455946803092957 0
1732440531493 0.7440179586410522 1
1732440531542 0.8415666222572327 2
1732440531598 0.7438161373138428 3
1732440531859 0.7438740730285645 4
1732440531913 0.7440881133079529 5
1732440531963 0.7469280958175659 6
1732440532017 0.7686929702758789 7
1732440532328 0.7454816102981567 8
1732440532384 0.7442403435707092 9
1732440532453 0.811415433883667 10
1732440532506 0.8050724864006042 11
1732440532771 0.7547288537025452 12
1732440532829 0.7905088067054749 13
1732440532881 0.7456716299057007 14
1732440532931 0.7568138241767883 15
1732440533229 0.7800357937812805 16
1732440533284 0.7448509931564331 17
1732440533343 0.7483965158462524 18
1732440533398 0.7446259260177612 19
1732440533663 0.7443274259567261 20
1732440533720 0.7514979839324951 21
1732440533773 0.7887074947357178 22
1732440533827 0.7495774030685425 23
1732440534045 0.772790253162384 24
1732440534107 0.743996262550354 25
1732440534162 0.7461104393005371 26
1732440534212 0.7440086603164673 27
1732440534484 0.7477941513061523 28
1732440534555 0.7455247640609741 29
1732440534617 0.7505451440811157 30
1732440534671 0.8485597372055054 31
1732440534969 0.7439082264900208 32
1732440535030 0.7441520094871521 33
1732440535094 0.7930128574371338 34
1732440535150 0.7453114986419678 35
1732440535343 0.7920540571212769 36
1732440535423 0.7793225049972534 37
1732440535477 0.7467997074127197 38
1732440535534 0.7442280054092407 39
1732440535853 0.7466140389442444 40
1732440535912 0.744159460067749 41
1732440535965 0.7555115222930908 42
1732440536023 0.7450627088546753 43
1732440536317 0.7438591718673706 44
1732440536374 0.7693524360656738 45
1732440536426 0.7454590797424316 46
1732440536481 0.7449455261230469 47
1732440536762 0.7452912330627441 48
1732440536820 0.7443669438362122 49
1732440536876 0.7457748055458069 50
1732440536940 0.7535912990570068 51
1732440537151 0.7456099390983582 52
1732440537204 0.744896411895752 53
1732440537253 0.7449513077735901 54
1732440537320 0.745766818523407 55
1732440539634 0.7513924837112427 0
1732440539689 0.7439761161804199 1
1732440539743 0.7735335826873779 2
1732440539800 0.7440920472145081 3
1732440540101 0.7645033001899719 4
1732440540158 0.8324617743492126 5
1732440540209 0.7443810701370239 6
1732440540266 0.7453343272209167 7
1732440540479 0.8022876977920532 8
1732440540537 0.7440929412841797 9
1732440540585 0.799014151096344 10
1732440540640 0.7512112259864807 11
1732440540864 0.7453753352165222 12
1732440541001 0.7440391778945923 13
1732440541056 0.7443435192108154 14
1732440541111 0.7496374845504761 15
1732440541314 0.777923583984375 16
1732440541485 0.7438977956771851 17
1732440541552 0.7546281218528748 18
1732440541608 0.7440558671951294 19
1732440541751 0.7510720491409302 20
1732440541895 0.8491122722625732 21
1732440541956 0.7453451156616211 22
1732440542021 0.7447757720947266 23
1732440542228 0.7440943121910095 24
1732440542291 0.7493090629577637 25
1732440542355 0.744457483291626 26
1732440542410 0.747684121131897 27
1732440542737 0.7462624311447144 28
1732440542795 0.7439250946044922 29
1732440542851 0.7746636867523193 30
1732440542906 0.7441747188568115 31
1732440543164 0.7784700393676758 32
1732440543223 0.7436767816543579 33
1732440543288 0.7453630566596985 34
1732440543346 0.746308445930481 35
1732440543628 0.8046447038650513 36
1732440543695 0.7456197738647461 37
1732440543754 0.744132936000824 38
1732440543808 0.7499318718910217 39
1732440544020 0.7443084120750427 40
1732440544078 0.8153879642486572 41
1732440544141 0.7439190149307251 42
1732440544193 0.7735453248023987 43
1732440544442 0.7441962957382202 44
1732440544497 0.7443510293960571 45
1732440544554 0.7700220346450806 46
1732440544608 0.7437609434127808 47
1732440544840 0.7446484565734863 48
1732440544894 0.8032336235046387 49
1732440544946 0.7448147535324097 50
1732440545002 0.744073748588562 51
1732440545224 0.8100029826164246 52
1732440545286 0.7583954334259033 53
1732440545349 0.7467395067214966 54
1732440545433 0.7478559613227844 55
1732440547484 0.7449336051940918 0
1732440547557 0.7587971687316895 1
1732440547609 0.7442991733551025 2
1732440547659 0.7438622117042542 3
1732440547927 0.7798583507537842 4
1732440548036 0.744819164276123 5
1732440548091 0.746549129486084 6
1732440548152 0.7438914775848389 7
1732440548320 0.7440050840377808 8
1732440548391 0.7483911514282227 9
1732440548445 0.747316837310791 10
1732440548500 0.8041198253631592 11
1732440548711 0.7612444162368774 12
1732440548841 0.7437940835952759 13
1732440548902 0.7464628219604492 14
1732440548960 0.7442981600761414 15
1732440549162 0.7473468780517578 16
1732440549221 0.7447949647903442 17
1732440549278 0.759590208530426 18
1732440549336 0.7441179752349854 19
1732440549596 0.7439841032028198 20
1732440549666 0.7461545467376709 21
1732440549732 0.7458717226982117 22
1732440549794 0.7440634965896606 23
1732440549972 0.7439900636672974 24
1732440550104 0.7448208332061768 25
1732440550167 0.7437384128570557 26
1732440550219 0.7455109357833862 27
1732440550337 0.7450293302536011 28
1732440550534 0.8043262362480164 29
1732440550596 0.7440798282623291 30
1732440550659 0.7439823150634766 31
1732440550714 0.8115866184234619 32
1732440551035 0.7440895438194275 33
1732440551121 0.7449637651443481 34
1732440551177 0.7438582181930542 35
1732440551244 0.8048930168151855 36
1732440551429 0.7452777624130249 37
1732440551489 0.8309427499771118 38
1732440551554 0.7439708709716797 39
1732440551710 0.7439066767692566 40
1732440551829 0.7579767107963562 41
1732440551880 0.7446097135543823 42
1732440551929 0.7510930299758911 43
1732440552150 0.745787501335144 44
1732440552277 0.7625387907028198 45
1732440552330 0.7442828416824341 46
1732440552382 0.7596464157104492 47
1732440552534 0.7449737787246704 48
1732440552703 0.7523874044418335 49
1732440552760 0.7456526756286621 50
1732440552813 0.7440121173858643 51
1732440552898 0.7444618940353394 52
1732440553123 0.7568365335464478 53
1732440553175 0.7449405193328857 54
1732440553255 0.7484771609306335 55
1732440555330 0.7865462303161621 0
1732440555388 0.8075775504112244 1
1732440555442 0.7438453435897827 2
1732440555500 0.7470444440841675 3
1732440555755 0.7449327707290649 4
1732440555812 0.743852436542511 5
1732440555863 0.7437968254089355 6
1732440555911 0.74381023645401 7
1732440556125 0.7912588119506836 8
1732440556209 0.7437707185745239 9
1732440556263 0.7734743356704712 10
1732440556322 0.7441246509552002 11
1732440556627 0.7446595430374146 12
1732440556682 0.7525152564048767 13
1732440556735 0.7834982872009277 14
1732440556792 0.7452732920646667 15
1732440557056 0.7465306520462036 16
1732440557108 0.7640783786773682 17
1732440557161 0.7533140778541565 18
1732440557216 0.7436863780021667 19
1732440557462 0.7447333335876465 20
1732440557516 0.744469404220581 21
1732440557566 0.7450851202011108 22
1732440557621 0.7512601017951965 23
1732440557881 0.7440537214279175 24
1732440557934 0.7440085411071777 25
1732440557988 0.7452389001846313 26
1732440558036 0.8479158282279968 27
1732440558345 0.7493141889572144 28
1732440558402 0.7437781691551208 29
1732440558455 0.7439749240875244 30
1732440558502 0.7974730730056763 31
1732440558755 0.7439024448394775 32
1732440558809 0.7438830137252808 33
1732440558869 0.7438988089561462 34
1732440558917 0.7436892986297607 35
1732440559179 0.7475477457046509 36
1732440559234 0.7441356182098389 37
1732440559287 0.7954157590866089 38
1732440559338 0.7440847158432007 39
1732440559651 0.7512415051460266 40
1732440559704 0.8013849258422852 41
1732440559757 0.7436830401420593 42
1732440559806 0.7438194155693054 43
1732440560173 0.7449656128883362 44
1732440560228 0.7727434635162354 45
1732440560281 0.7439895868301392 46
1732440560349 0.7437483072280884 47
1732440560602 0.744017481803894 48
1732440560663 0.7515568733215332 49
1732440560727 0.7437499761581421 50
1732440560780 0.8013103008270264 51
1732440561060 0.7437007427215576 52
1732440561116 0.8019440770149231 53
1732440561168 0.756438672542572 54
1732440561243 0.7449392676353455 55
1732440563340 0.7566827535629272 0
1732440563400 0.7450252771377563 1
1732440563460 0.7765874266624451 2
1732440563516 0.7442591190338135 3
1732440563768 0.7442861795425415 4
1732440563846 0.7438835501670837 5
1732440563897 0.7441533207893372 6
1732440563950 0.7446228265762329 7
1732440564200 0.8014593124389648 8
1732440564289 0.7441459894180298 9
1732440564372 0.7440641522407532 10
1732440564432 0.8012186288833618 11
1732440564584 0.7823429107666016 12
1732440564768 0.7437230348587036 13
1732440564828 0.7813413143157959 14
1732440564884 0.7441923022270203 15
