1732440411507 0.0 3
1732440411915 0.0 7
1732440412316 0.0 11
1732440412738 0.0 15
1732440413149 0.0 19
1732440413521 0.0 23
1732440413953 0.0 27
1732440414438 0.0 31
1732440414868 0.0 35
1732440415261 0.0 39
1732440415629 0.0 43
1732440416043 0.0 47
1732440416427 0.0 51
1732440417001 0.0 55
1732440419478 0.0 59
1732440419886 0.0 63
1732440420292 0.0 67
1732440420713 0.0 71
1732440421135 0.0 75
1732440421588 0.0 79
1732440421972 0.0 83
1732440422418 0.0 87
1732440422795 0.0 91
1732440423278 0.0 95
1732440423653 0.0 99
1732440424118 0.0 103
1732440424478 0.0 107
1732440424886 0.0 111
1732440427168 0.0 115
1732440427609 0.0 119
1732440428111 0.0 123
1732440428534 0.0 127
1732440428924 0.0 131
1732440429368 0.0 135
1732440429861 0.0 139
1732440430270 0.0 143
1732440430695 0.0 147
1732440431103 0.0 151
1732440431540 0.0 155
1732440431937 0.0 159
1732440432404 0.0 163
1732440432811 0.0 167
1732440435314 0.0 171
1732440435822 0.0 175
1732440436211 0.0 179
1732440436657 0.0 183
1732440437050 0.0 187
1732440437470 0.0 191
1732440437885 0.0 195
1732440438284 0.0 199
1732440438688 0.0 203
1732440439123 0.0 207
1732440439545 0.0 211
1732440439986 0.0 215
1732440440448 0.0 219
1732440440862 0.0 223
1732440443119 0.0 227
1732440443568 0.0 231
1732440443972 0.0 235
1732440444438 0.0 239
1732440444908 0.0 243
1732440445436 0.0 247
1732440445978 0.0 251
1732440446426 0.0 255
1732440446878 0.0 259
1732440447378 0.0 263
1732440447724 0.0 267
1732440448145 0.0 271
1732440448559 0.0 275
1732440448972 0.0 279
1732440451320 0.0 283
1732440451704 0.0 287
1732440452119 0.0 291
1732440452551 0.0 295
1732440452987 0.0 299
1732440453379 0.0 303
1732440453772 0.0 307
1732440454220 0.0 311
1732440454654 0.0 315
1732440455071 0.0 319
1732440455459 0.0 323
1732440455877 0.0 327
1732440456341 0.0 331
1732440456779 0.0 335
1732440459032 0.0 339
1732440459534 0.0 343
1732440459984 0.0 347
1732440460419 0.0 351
1732440460889 0.0 355
1732440461383 0.0 359
1732440461739 0.0 363
1732440462202 0.0 367
1732440462644 0.0 371
1732440463081 0.0 375
1732440463472 0.0 379
1732440463951 0.0 383
1732440464424 0.0 387
1732440464848 0.0 391
1732440467229 0.0 395
1732440467625 0.0 399
1732440468113 0.0 403
1732440468520 0.0 407
1732440468996 0.0 411
1732440469498 0.0 415
1732440469920 0.0 419
1732440470318 0.0 423
1732440470706 0.0 427
1732440471241 0.03125 431
1732440471696 0.0 435
1732440472059 0.015625 439
1732440472460 0.03125 443
1732440472897 0.01666666753590107 447
1732440475233 0.0 451
1732440475665 0.0 455
1732440476096 0.015625 459
1732440476507 0.0625 463
1732440476962 0.046875 467
1732440477472 0.046875 471
1732440477965 0.0625 475
1732440478352 0.015625 479
1732440478801 0.015625 483
1732440479216 0.015625 487
1732440479616 0.015625 491
1732440480082 0.0 495
1732440480473 0.0 499
1732440480886 0.0 503
1732440483328 0.015625 507
1732440483818 0.046875 511
1732440484192 0.015625 515
1732440484661 0.046875 519
1732440485130 0.046875 523
1732440485556 0.015625 527
1732440485987 0.046875 531
1732440486437 0.0625 535
1732440486848 0.03125 539
1732440487241 0.03125 543
1732440487590 0.046875 547
1732440488035 0.0625 551
1732440488476 0.015625 555
1732440488978 0.05000000074505806 559
1732440491487 0.015625 563
1732440491926 0.046875 567
1732440492344 0.0625 571
1732440492744 0.09375 575
1732440493169 0.046875 579
1732440493601 0.09375 583
1732440494142 0.078125 587
1732440494649 0.0625 591
1732440495127 0.015625 595
1732440495525 0.03125 599
1732440495883 0.015625 603
1732440496376 0.046875 607
1732440496818 0.03125 611
1732440497335 0.06666667014360428 615
1732440499703 0.03125 619
1732440500132 0.078125 623
1732440500617 0.046875 627
1732440501120 0.0625 631
1732440501530 0.125 635
1732440501967 0.046875 639
1732440502405 0.0625 643
1732440502817 0.046875 647
1732440503249 0.0625 651
1732440503640 0.0625 655
1732440504075 0.015625 659
1732440504541 0.046875 663
1732440504999 0.046875 667
1732440505427 0.06666667014360428 671
1732440507653 0.046875 675
1732440508052 0.140625 679
1732440508484 0.09375 683
1732440508972 0.0625 687
1732440509400 0.015625 691
1732440509841 0.078125 695
1732440510268 0.078125 699
1732440510690 0.0 703
1732440511156 0.0625 707
1732440511577 0.03125 711
1732440512016 0.046875 715
1732440512465 0.09375 719
1732440512896 0.125 723
1732440513332 0.0833333358168602 727
1732440515641 0.03125 731
1732440516191 0.140625 735
1732440516708 0.0625 739
1732440517102 0.0625 743
1732440517526 0.0625 747
1732440517961 0.046875 751
1732440518393 0.046875 755
1732440518805 0.09375 759
1732440519243 0.046875 763
1732440519602 0.078125 767
1732440520054 0.09375 771
1732440520488 0.0625 775
1732440520886 0.09375 779
1732440521345 0.05000000074505806 783
1732440523706 0.03125 787
1732440524135 0.03125 791
1732440524549 0.046875 795
1732440525052 0.109375 799
1732440525426 0.0625 803
1732440525881 0.125 807
1732440526276 0.125 811
1732440526716 0.09375 815
1732440527096 0.09375 819
1732440527503 0.0625 823
1732440527913 0.078125 827
1732440528336 0.03125 831
1732440528806 0.0 835
1732440529181 0.06666667014360428 839
1732440531609 0.03125 843
1732440532027 0.109375 847
1732440532520 0.0625 851
1732440532949 0.0625 855
1732440533409 0.078125 859
1732440533848 0.046875 863
1732440534224 0.125 867
1732440534682 0.03125 871
1732440535165 0.109375 875
1732440535546 0.109375 879
1732440536041 0.0625 883
1732440536492 0.046875 887
1732440536952 0.140625 891
1732440537329 0.05000000074505806 895
1732440539818 0.0625 899
1732440540278 0.0625 903
1732440540652 0.078125 907
1732440541125 0.078125 911
1732440541620 0.078125 915
1732440542032 0.03125 919
1732440542424 0.03125 923
1732440542918 0.109375 927
1732440543360 0.078125 931
1732440543820 0.0625 935
1732440544208 0.0625 939
1732440544623 0.140625 943
1732440545014 0.125 947
1732440545449 0.15000000596046448 951
1732440547669 0.0625 955
1732440548168 0.09375 959
1732440548512 0.109375 963
1732440548972 0.09375 967
1732440549347 0.171875 971
1732440549806 0.03125 975
1732440550233 0.109375 979
1732440550669 0.140625 983
1732440551193 0.109375 987
1732440551566 0.015625 991
1732440551943 0.078125 995
1732440552394 0.078125 999
1732440552825 0.078125 1003
1732440553266 0.06666667014360428 1007
1732440555512 0.078125 1011
1732440555924 0.140625 1015
1732440556337 0.046875 1019
1732440556803 0.140625 1023
1732440557232 0.109375 1027
1732440557632 0.109375 1031
1732440558047 0.078125 1035
1732440558514 0.046875 1039
1732440558928 0.125 1043
1732440559351 0.125 1047
1732440559817 0.078125 1051
1732440560362 0.09375 1055
1732440560791 0.140625 1059
1732440561253 0.10000000149011612 1063
1732440563527 0.078125 1067
1732440563963 0.078125 1071
1732440564449 0.046875 1075
1732440564901 0.046875 1079
