1732440418612 7.006492321624085e-45 55
1732440426520 1.5694542800437951e-43 111
1732440434563 2.3541814200656927e-43 167
1732440442499 3.1389085600875902e-43 223
1732440450678 0.0 279
1732440458348 0.0 335
1732440466389 0.0 391
1732440474597 6.2778171201751805e-43 447
1732440482685 0.0 503
1732440490775 0.0 559
1732440499045 0.0 615
1732440506962 9.41672568026277e-43 671
1732440514925 1.0201452820284668e-42 727
1732440523024 3.9967461374430975e-16 783
1732440530932 1.1770907100328463e-42 839
1732440539082 0.0 895
1732440547038 1.3340361380372259e-42 951
1732440554833 0.0 1007
1732440562873 0.0 1063
