1732440418612 0.0 55
1732440426520 1.401298464324817e-45 111
1732440434563 2.802596928649634e-45 167
1732440442499 4.203895392974451e-45 223
1732440450678 5.605193857299268e-45 279
1732440458348 7.006492321624085e-45 335
1732440466389 8.407790785948902e-45 391
1732440474597 9.80908925027372e-45 447
1732440482685 7.006492321624085e-45 503
1732440490775 0.0 559
1732440499045 1.401298464324817e-44 615
1732440506962 1.5414283107572988e-44 671
1732440514925 1.6815581571897805e-44 727
1732440523024 0.0 783
1732440530932 1.961817850054744e-44 839
1732440539082 7.006492321624085e-45 895
1732440547038 2.2420775429197073e-44 951
1732440554833 2.382207389352189e-44 1007
1732440562873 7.006492321624085e-45 1063
