1732440418612 7.847271400218976e-44 55
1732440426520 1.5694542800437951e-43 111
1732440434563 2.3541814200656927e-43 167
1732440442499 3.1389085600875902e-43 223
1732440450678 3.923635700109488e-43 279
1732440458348 4.708362840131385e-43 335
1732440466389 5.493089980153283e-43 391
1732440474597 6.2778171201751805e-43 447
1732440482685 7.062544260197078e-43 503
1732440490775 7.847271400218976e-43 559
1732440499045 8.631998540240873e-43 615
1732440506962 9.41672568026277e-43 671
1732440514925 1.0201452820284668e-42 727
1732440523024 1.0986179960306566e-42 783
1732440530932 1.1770907100328463e-42 839
1732440539082 0.0 895
1732440547038 1.3340361380372259e-42 951
1732440554833 1.4125088520394156e-42 1007
1732440562873 1.4909815660416054e-42 1063
