1732433433548 0.0 1
1732433434144 0.0 3
1732433434485 0.0 5
1732433434706 0.0 7
1732433435532 0.0 9
1732433435791 0.0 11
1732433436329 0.0 13
1732433436667 0.0 15
1732433437040 0.0 17
1732433437302 0.0 19
1732433437797 0.0 21
1732433438157 0.0 23
1732433438588 0.0 25
1732433438992 0.0 27
1732433439337 0.0 29
1732433439719 0.0 31
1732433440008 0.0 33
1732433440324 0.0 35
1732433440724 0.0 37
1732433441015 0.0 39
1732433441439 0.0 41
1732433441675 0.0 43
1732433442163 0.0 45
1732433442564 0.0 47
1732433442959 0.0 49
1732433443170 0.0 51
1732433443517 0.0 53
1732433443814 0.0 55
1732433447263 0.0 55
1732433447307 0.0 55
1732433449669 1.0 57
1732433450152 1.0 59
1732433450393 1.0 61
1732433450864 1.0 63
1732433451241 1.0 65
1732433451656 1.0 67
1732433452201 1.0 69
1732433452898 1.0 71
1732433453133 1.0 73
1732433453754 1.0 75
1732433453973 1.0 77
1732433454361 1.0 79
1732433454664 1.0 81
1732433454905 1.0 83
1732433455275 1.0 85
1732433455496 1.0 87
1732433455754 1.0 89
1732433456039 1.0 91
1732433456468 1.0 93
1732433456765 1.0 95
1732433456978 1.0 97
1732433457503 1.0 99
1732433457731 1.0 101
1732433458168 1.0 103
1732433458394 1.0 105
1732433458766 1.0 107
1732433458980 1.0 109
1732433459276 1.0 111
1732433462980 1.0 111
1732433463020 1.0 111
1732433465133 2.0 113
1732433465928 2.0 115
1732433466163 2.0 117
1732433466390 2.0 119
1732433466963 2.0 121
1732433467291 2.0 123
1732433467619 2.0 125
1732433468080 2.0 127
1732433468403 2.0 129
1732433468746 2.0 131
1732433469098 2.0 133
1732433469423 2.0 135
1732433469841 2.0 137
1732433470143 2.0 139
1732433470474 2.0 141
1732433470761 2.0 143
1732433471050 2.0 145
1732433471345 2.0 147
1732433471646 2.0 149
1732433471985 2.0 151
1732433472214 2.0 153
1732433472449 2.0 155
1732433472877 2.0 157
1732433473329 2.0 159
1732433473582 2.0 161
1732433473832 2.0 163
1732433474228 2.0 165
1732433474400 2.0 167
1732433478202 2.0 167
1732433478248 2.0 167
1732433480278 3.0 169
1732433481065 3.0 171
1732433481385 3.0 173
1732433481619 3.0 175
1732433482276 3.0 177
1732433482598 3.0 179
1732433483049 3.0 181
1732433483531 3.0 183
1732433483870 3.0 185
1732433484424 3.0 187
1732433484742 3.0 189
1732433485047 3.0 191
1732433485489 3.0 193
1732433485838 3.0 195
1732433486185 3.0 197
1732433486529 3.0 199
1732433486907 3.0 201
1732433487275 3.0 203
1732433487595 3.0 205
1732433487847 3.0 207
1732433488313 3.0 209
1732433488646 3.0 211
1732433489024 3.0 213
1732433489344 3.0 215
1732433489727 3.0 217
1732433489956 3.0 219
1732433490219 3.0 221
1732433490414 3.0 223
1732433494235 3.0 223
1732433494276 3.0 223
1732433496100 4.0 225
1732433496447 4.0 227
1732433497001 4.0 229
1732433497356 4.0 231
1732433497769 4.0 233
1732433498154 4.0 235
1732433498504 4.0 237
1732433498832 4.0 239
1732433499461 4.0 241
1732433499701 4.0 243
1732433500292 4.0 245
1732433500535 4.0 247
1732433500992 4.0 249
1732433501288 4.0 251
1732433501792 4.0 253
1732433502027 4.0 255
1732433502567 4.0 257
1732433502848 4.0 259
1732433503294 4.0 261
1732433503575 4.0 263
1732433504090 4.0 265
1732433504439 4.0 267
1732433504886 4.0 269
1732433505174 4.0 271
1732433505435 4.0 273
1732433505655 4.0 275
1732433505881 4.0 277
1732433506103 4.0 279
1732433510017 4.0 279
1732433510067 4.0 279
1732433511886 5.0 281
1732433512579 5.0 283
1732433513069 5.0 285
1732433513748 5.0 287
1732433514036 5.0 289
1732433514600 5.0 291
1732433514843 5.0 293
1732433515207 5.0 295
1732433515533 5.0 297
1732433515837 5.0 299
1732433516136 5.0 301
1732433516354 5.0 303
1732433516663 5.0 305
1732433517023 5.0 307
1732433517296 5.0 309
1732433517572 5.0 311
1732433517986 5.0 313
1732433518295 5.0 315
1732433518735 5.0 317
1732433519145 5.0 319
1732433519444 5.0 321
1732433519710 5.0 323
1732433520211 5.0 325
1732433520470 5.0 327
1732433520723 5.0 329
1732433520936 5.0 331
1732433521266 5.0 333
1732433521452 5.0 335
1732433524760 5.0 335
1732433524802 5.0 335
1732433526715 6.0 337
1732433527412 6.0 339
1732433527839 6.0 341
1732433528069 6.0 343
1732433528626 6.0 345
1732433528912 6.0 347
1732433529530 6.0 349
1732433529770 6.0 351
1732433530274 6.0 353
1732433530570 6.0 355
1732433530988 6.0 357
1732433531378 6.0 359
1732433531741 6.0 361
1732433532074 6.0 363
1732433532473 6.0 365
1732433532767 6.0 367
1732433533219 6.0 369
1732433533475 6.0 371
1732433533912 6.0 373
1732433534240 6.0 375
1732433534785 6.0 377
1732433535012 6.0 379
1732433535531 6.0 381
1732433535747 6.0 383
1732433536073 6.0 385
1732433536289 6.0 387
1732433536615 6.0 389
1732433536814 6.0 391
1732433540159 6.0 391
1732433540199 6.0 391
1732433542029 7.0 393
1732433542758 7.0 395
1732433543066 7.0 397
1732433543299 7.0 399
1732433543996 7.0 401
1732433544381 7.0 403
1732433544635 7.0 405
1732433545029 7.0 407
1732433545265 7.0 409
1732433545711 7.0 411
1732433546001 7.0 413
1732433546523 7.0 415
1732433546799 7.0 417
1732433547279 7.0 419
1732433547522 7.0 421
1732433548116 7.0 423
1732433548347 7.0 425
1732433548834 7.0 427
1732433549088 7.0 429
1732433549585 7.0 431
1732433549926 7.0 433
1732433550377 7.0 435
1732433550705 7.0 437
1732433551177 7.0 439
1732433551443 7.0 441
1732433551661 7.0 443
1732433551867 7.0 445
1732433552070 7.0 447
1732433555430 7.0 447
1732433555473 7.0 447
1732433557155 8.0 449
1732433557530 8.0 451
1732433557849 8.0 453
1732433558390 8.0 455
1732433558786 8.0 457
1732433559140 8.0 459
1732433559540 8.0 461
1732433559910 8.0 463
1732433560198 8.0 465
1732433560431 8.0 467
1732433560763 8.0 469
1732433561095 8.0 471
1732433561475 8.0 473
1732433561700 8.0 475
1732433561985 8.0 477
1732433562293 8.0 479
1732433562640 8.0 481
1732433562879 8.0 483
1732433563231 8.0 485
1732433563442 8.0 487
1732433563662 8.0 489
1732433563902 8.0 491
1732433564134 8.0 493
1732433564676 8.0 495
1732433564888 8.0 497
1732433565167 8.0 499
1732433565343 8.0 501
1732433565719 8.0 503
1732433568922 8.0 503
1732433568967 8.0 503
1732433571254 9.0 505
1732433571788 9.0 507
1732433572239 9.0 509
1732433572671 9.0 511
1732433572950 9.0 513
1732433573311 9.0 515
1732433573572 9.0 517
1732433573983 9.0 519
1732433574293 9.0 521
1732433574613 9.0 523
1732433574851 9.0 525
1732433575243 9.0 527
1732433575498 9.0 529
1732433575762 9.0 531
1732433576142 9.0 533
1732433576363 9.0 535
1732433576832 9.0 537
1732433577130 9.0 539
1732433577653 9.0 541
1732433577909 9.0 543
1732433578427 9.0 545
1732433578792 9.0 547
1732433579265 9.0 549
1732433579740 9.0 551
1732433580074 9.0 553
1732433580302 9.0 555
1732433580558 9.0 557
1732433580768 9.0 559
1732433584521 9.0 559
1732433584574 9.0 559
1732433586545 10.0 561
1732433587350 10.0 563
1732433587643 10.0 565
1732433587868 10.0 567
1732433588358 10.0 569
1732433588583 10.0 571
1732433588881 10.0 573
1732433589087 10.0 575
1732433589505 10.0 577
1732433589719 10.0 579
1732433590078 10.0 581
1732433590308 10.0 583
1732433590659 10.0 585
1732433590924 10.0 587
1732433591245 10.0 589
1732433591538 10.0 591
1732433591883 10.0 593
1732433592250 10.0 595
1732433592483 10.0 597
1732433592802 10.0 599
1732433593161 10.0 601
1732433593410 10.0 603
1732433593727 10.0 605
1732433593956 10.0 607
1732433594317 10.0 609
1732433594565 10.0 611
1732433594862 10.0 613
1732433595108 10.0 615
1732433598735 10.0 615
1732433598780 10.0 615
1732433600947 11.0 617
1732433601691 11.0 619
1732433601922 11.0 621
1732433602156 11.0 623
1732433602656 11.0 625
1732433603140 11.0 627
1732433603433 11.0 629
1732433603837 11.0 631
1732433604175 11.0 633
1732433604528 11.0 635
1732433604870 11.0 637
1732433605164 11.0 639
1732433605478 11.0 641
1732433605830 11.0 643
1732433606157 11.0 645
1732433606478 11.0 647
1732433606788 11.0 649
1732433607115 11.0 651
1732433607432 11.0 653
1732433607832 11.0 655
1732433608080 11.0 657
1732433608302 11.0 659
1732433608683 11.0 661
1732433608881 11.0 663
1732433609297 11.0 665
1732433609494 11.0 667
1732433609757 11.0 669
1732433609920 11.0 671
1732433613288 11.0 671
1732433613331 11.0 671
1732433615381 12.0 673
1732433615953 12.0 675
1732433616218 12.0 677
1732433616462 12.0 679
1732433617050 12.0 681
1732433617402 12.0 683
1732433617775 12.0 685
1732433618010 12.0 687
1732433618476 12.0 689
1732433618720 12.0 691
1732433619253 12.0 693
1732433619714 12.0 695
1732433619952 12.0 697
1732433620361 12.0 699
1732433620717 12.0 701
1732433621062 12.0 703
1732433621367 12.0 705
1732433621688 12.0 707
1732433621984 12.0 709
1732433622329 12.0 711
1732433622608 12.0 713
1732433622903 12.0 715
1732433623167 12.0 717
1732433623512 12.0 719
1732433623735 12.0 721
1732433623963 12.0 723
1732433624192 12.0 725
1732433624377 12.0 727
1732433627519 12.0 727
1732433627559 12.0 727
1732433629120 13.0 729
1732433629816 13.0 731
1732433630091 13.0 733
1732433630498 13.0 735
1732433631082 13.0 737
1732433631351 13.0 739
1732433631640 13.0 741
1732433631843 13.0 743
1732433632274 13.0 745
1732433632493 13.0 747
1732433632869 13.0 749
1732433633043 13.0 751
1732433633439 13.0 753
1732433633614 13.0 755
1732433634052 13.0 757
1732433634253 13.0 759
1732433634611 13.0 761
1732433634833 13.0 763
1732433635235 13.0 765
1732433635506 13.0 767
1732433635820 13.0 769
1732433636081 13.0 771
1732433636368 13.0 773
1732433636671 13.0 775
1732433636968 13.0 777
1732433637216 13.0 779
1732433637476 13.0 781
1732433637650 13.0 783
1732433641218 13.0 783
1732433641265 13.0 783
1732433643396 14.0 785
1732433644128 14.0 787
1732433644414 14.0 789
1732433644901 14.0 791
1732433645755 14.0 793
1732433646412 14.0 795
1732433646756 14.0 797
1732433647284 14.0 799
1732433647561 14.0 801
1732433647962 14.0 803
1732433648306 14.0 805
1732433648609 14.0 807
1732433648882 14.0 809
1732433649184 14.0 811
1732433649507 14.0 813
1732433649924 14.0 815
1732433650146 14.0 817
1732433650567 14.0 819
1732433650895 14.0 821
1732433651265 14.0 823
1732433651570 14.0 825
1732433651947 14.0 827
1732433652426 14.0 829
1732433652850 14.0 831
1732433653146 14.0 833
1732433653368 14.0 835
1732433653685 14.0 837
1732433653870 14.0 839
1732433657534 14.0 839
1732433657575 14.0 839
1732433659429 15.0 841
1732433660136 15.0 843
1732433660434 15.0 845
1732433660833 15.0 847
1732433661293 15.0 849
1732433661556 15.0 851
1732433661815 15.0 853
1732433662232 15.0 855
1732433662502 15.0 857
1732433662972 15.0 859
1732433663225 15.0 861
1732433663690 15.0 863
1732433664041 15.0 865
1732433664329 15.0 867
1732433664720 15.0 869
1732433664967 15.0 871
1732433665182 15.0 873
1732433665565 15.0 875
1732433665769 15.0 877
1732433666075 15.0 879
1732433666283 15.0 881
1732433666697 15.0 883
1732433666911 15.0 885
1732433667248 15.0 887
1732433667434 15.0 889
1732433667727 15.0 891
1732433667915 15.0 893
1732433668217 15.0 895
1732433671960 15.0 895
1732433672004 15.0 895
1732433674128 16.0 897
1732433674908 16.0 899
1732433675192 16.0 901
1732433675417 16.0 903
1732433676114 16.0 905
1732433676585 16.0 907
1732433676877 16.0 909
1732433677176 16.0 911
1732433677607 16.0 913
1732433677872 16.0 915
1732433678310 16.0 917
1732433678605 16.0 919
1732433678980 16.0 921
1732433679291 16.0 923
1732433679631 16.0 925
1732433679947 16.0 927
1732433680307 16.0 929
1732433680681 16.0 931
1732433681144 16.0 933
1732433681500 16.0 935
1732433681824 16.0 937
1732433682148 16.0 939
1732433682467 16.0 941
1732433682796 16.0 943
1732433683089 16.0 945
1732433683392 16.0 947
1732433683627 16.0 949
1732433683836 16.0 951
