1732433432832 1.3847061395645142 0
1732433433515 1.3686531782150269 1
1732433433806 1.4311684370040894 2
1732433434121 1.5561683177947998 3
1732433434347 1.2436683177947998 4
1732433434464 1.2436683177947998 5
1732433434577 1.3061683177947998 6
1732433434684 1.2436683177947998 7
1732433434780 1.1811683177947998 8
1732433435510 1.3061683177947998 9
1732433435625 1.0561683177947998 10
1732433435767 1.1811683177947998 11
1732433436116 1.2436683177947998 12
1732433436308 1.3061683177947998 13
1732433436445 1.4936683177947998 14
1732433436645 1.2436683177947998 15
1732433436857 1.3686683177947998 16
1732433437016 1.3061683177947998 17
1732433437147 1.3061683177947998 18
1732433437278 1.3686683177947998 19
1732433437573 1.1811683177947998 20
1732433437770 1.4936683177947998 21
1732433437896 1.3686683177947998 22
1732433438136 1.3686683177947998 23
1732433438459 1.4311683177947998 24
1732433438566 1.2436683177947998 25
1732433438723 1.2436683177947998 26
1732433438968 1.1811683177947998 27
1732433439171 1.4311683177947998 28
1732433439321 1.3061683177947998 29
1732433439490 1.2436683177947998 30
1732433439695 1.3686683177947998 31
1732433439855 1.3686683177947998 32
1732433439989 1.4936683177947998 33
1732433440180 1.1186683177947998 34
1732433440300 1.4311683177947998 35
1732433440570 1.4311683177947998 36
1732433440702 1.4936683177947998 37
1732433440884 1.1811683177947998 38
1732433440994 1.3061683177947998 39
1732433441187 1.3061683177947998 40
1732433441418 1.1811683177947998 41
1732433441548 1.3686683177947998 42
1732433441648 1.4936683177947998 43
1732433441819 1.2436683177947998 44
1732433442138 1.3686683177947998 45
1732433442394 1.2436683177947998 46
1732433442537 1.4311683177947998 47
1732433442754 1.3061683177947998 48
1732433442937 1.4311683177947998 49
1732433443050 1.5561683177947998 50
1732433443148 1.1186683177947998 51
1732433443268 1.1811683177947998 52
1732433443490 1.4311683177947998 53
1732433443619 1.3686683177947998 54
1732433443767 1.477001667022705 55
1732433448973 1.1811683177947998 0
1732433449640 1.5561683177947998 1
1732433449963 1.3061683177947998 2
1732433450128 1.2436683177947998 3
1732433450239 1.3686683177947998 4
1732433450372 1.1186683177947998 5
1732433450532 1.3061683177947998 6
1732433450841 1.1811683177947998 7
1732433451099 1.5561683177947998 8
1732433451219 1.1811683177947998 9
1732433451373 1.1811683177947998 10
1732433451631 1.1186683177947998 11
1732433452052 1.2436683177947998 12
1732433452180 1.3061681985855103 13
1732433452302 1.3686683177947998 14
1732433452873 1.3686683177947998 15
1732433452992 1.3061683177947998 16
1732433453112 1.1811683177947998 17
1732433453226 1.2436683177947998 18
1732433453726 1.4311683177947998 19
1732433453844 1.2436683177947998 20
1732433453952 1.3686683177947998 21
1732433454058 1.5561683177947998 22
1732433454304 1.4311683177947998 23
1732433454530 1.1186683177947998 24
1732433454643 1.3686683177947998 25
1732433454745 1.1811683177947998 26
1732433454878 1.4311683177947998 27
1732433455108 1.2436683177947998 28
1732433455254 1.3061683177947998 29
1732433455353 1.4311683177947998 30
1732433455475 1.6186683177947998 31
1732433455590 1.3061683177947998 32
1732433455727 1.4311683177947998 33
1732433455893 1.3061683177947998 34
1732433456016 1.3686683177947998 35
1732433456291 1.1186683177947998 36
1732433456440 1.1186683177947998 37
1732433456622 1.3061683177947998 38
1732433456743 1.4936683177947998 39
1732433456858 1.4936683177947998 40
1732433456956 1.3061683177947998 41
1732433457299 1.4936683177947998 42
1732433457481 1.4311683177947998 43
1732433457591 1.3686681985855103 44
1732433457705 1.1186683177947998 45
1732433458005 1.4311683177947998 46
1732433458147 1.4936683177947998 47
1732433458269 1.3061683177947998 48
1732433458369 1.3686683177947998 49
1732433458616 1.4936683177947998 50
1732433458738 1.2436683177947998 51
1732433458879 1.3061683177947998 52
1732433458958 1.3061683177947998 53
1732433459167 1.3686683177947998 54
1732433459259 1.2770017385482788 55
1732433464786 1.3061683177947998 0
1732433465105 1.4936683177947998 1
1732433465589 1.3061683177947998 2
1732433465900 1.2436683177947998 3
1732433466041 1.1811683177947998 4
1732433466143 1.4936683177947998 5
1732433466254 1.3686683177947998 6
1732433466369 1.2436683177947998 7
1732433466811 1.2436683177947998 8
1732433466945 1.3061683177947998 9
1732433467065 1.2436683177947998 10
1732433467270 1.4311683177947998 11
1732433467465 1.2436683177947998 12
1732433467597 1.3061683177947998 13
1732433467767 1.2436683177947998 14
1732433468058 1.5561683177947998 15
1732433468245 1.3061683177947998 16
1732433468382 1.2436683177947998 17
1732433468502 1.2436683177947998 18
1732433468718 1.1186683177947998 19
1732433468903 1.6186683177947998 20
1732433469078 1.1811683177947998 21
1732433469204 1.3686683177947998 22
1732433469391 1.3686683177947998 23
1732433469603 1.3061683177947998 24
1732433469815 1.4311683177947998 25
1732433469941 1.2436681985855103 26
1732433470110 1.4936683177947998 27
1732433470256 1.4936683177947998 28
1732433470451 1.3686683177947998 29
1732433470591 1.1811683177947998 30
1732433470733 1.1811683177947998 31
1732433470872 1.2436683177947998 32
1732433471025 1.3686683177947998 33
1732433471197 1.3061683177947998 34
1732433471323 1.3686683177947998 35
1732433471437 1.1811683177947998 36
1732433471622 1.3061683177947998 37
1732433471836 1.1186683177947998 38
1732433471962 1.5561683177947998 39
1732433472081 1.3061683177947998 40
1732433472193 1.3061683177947998 41
1732433472313 1.2436683177947998 42
1732433472423 1.6186683177947998 43
1732433472728 1.4311683177947998 44
1732433472855 1.3061683177947998 45
1732433473100 1.5561683177947998 46
1732433473307 1.0561683177947998 47
1732433473428 1.3061683177947998 48
1732433473557 1.4311683177947998 49
1732433473693 1.4936683177947998 50
1732433473810 1.3061683177947998 51
1732433474098 1.2436683177947998 52
1732433474208 1.4311683177947998 53
1732433474300 1.2436683177947998 54
1732433474386 1.2103350162506104 55
1732433480009 1.3686683177947998 0
1732433480247 1.4936683177947998 1
1732433480592 1.1811683177947998 2
1732433481026 1.1186683177947998 3
1732433481260 1.4311683177947998 4
1732433481363 1.4311683177947998 5
1732433481471 1.3686683177947998 6
1732433481597 1.3686683177947998 7
1732433482104 1.3686683177947998 8
1732433482254 1.4936683177947998 9
1732433482428 1.0561683177947998 10
1732433482572 1.3061683177947998 11
1732433482833 1.2436683177947998 12
1732433483023 1.2436683177947998 13
1732433483146 1.1811683177947998 14
1732433483514 1.4936683177947998 15
1732433483724 1.2436683177947998 16
1732433483849 1.3061683177947998 17
1732433483971 1.3686683177947998 18
1732433484381 1.3686683177947998 19
1732433484602 1.3061683177947998 20
1732433484720 1.5561683177947998 21
1732433484836 1.3686683177947998 22
1732433485013 1.1186683177947998 23
1732433485351 1.3061683177947998 24
1732433485468 1.4311683177947998 25
1732433485584 1.4311683177947998 26
1732433485804 1.3061683177947998 27
1732433486048 1.2436683177947998 28
1732433486164 1.4936683177947998 29
1732433486284 1.3061683177947998 30
1732433486497 1.2436683177947998 31
1732433486752 1.3686683177947998 32
1732433486882 1.3686683177947998 33
1732433486997 1.3061683177947998 34
1732433487207 1.6186683177947998 35
1732433487457 1.4936683177947998 36
1732433487574 1.1811683177947998 37
1732433487682 1.4311683177947998 38
1732433487819 1.2436683177947998 39
1732433488164 1.3061683177947998 40
1732433488293 1.5561683177947998 41
1732433488396 1.1811683177947998 42
1732433488613 0.9936683177947998 43
1732433488834 1.3686683177947998 44
1732433489003 1.1811683177947998 45
1732433489114 1.3686683177947998 46
1732433489323 1.3061683177947998 47
1732433489592 1.1811683177947998 48
1732433489703 1.2436683177947998 49
1732433489814 1.4936683177947998 50
1732433489934 1.1811683177947998 51
1732433490088 1.3686683177947998 52
1732433490198 1.1811683177947998 53
1732433490297 1.4311683177947998 54
1732433490399 1.4103350639343262 55
1732433495883 1.3686683177947998 0
1732433496078 1.1186683177947998 1
1732433496273 1.3061683177947998 2
1732433496424 1.2436683177947998 3
1732433496528 1.3061683177947998 4
1732433496979 0.9311683177947998 5
1732433497116 1.3061683177947998 6
1732433497333 1.2436683177947998 7
1732433497517 1.2436683177947998 8
1732433497746 1.1186683177947998 9
1732433497943 1.3686683177947998 10
1732433498131 1.3061683177947998 11
1732433498313 1.4311683177947998 12
1732433498481 1.3061683177947998 13
1732433498659 1.4311683177947998 14
1732433498808 1.4936683177947998 15
1732433499084 1.2436683177947998 16
1732433499437 1.3686683177947998 17
1732433499561 1.4311683177947998 18
1732433499680 1.1811683177947998 19
1732433500116 1.2436683177947998 20
1732433500266 1.3686683177947998 21
1732433500385 1.2436683177947998 22
1732433500511 1.3686683177947998 23
1732433500638 1.4311683177947998 24
1732433500970 1.4311683177947998 25
1732433501154 1.4311681985855103 26
1732433501265 1.1811683177947998 27
1732433501472 1.3686683177947998 28
1732433501772 1.2436683177947998 29
1732433501887 1.6186683177947998 30
1732433502003 1.4311683177947998 31
1732433502389 1.4936683177947998 32
1732433502547 1.3686683177947998 33
1732433502665 1.4936683177947998 34
1732433502826 1.3686683177947998 35
1732433502955 1.3686683177947998 36
1732433503266 1.1811683177947998 37
1732433503429 1.3061683177947998 38
1732433503554 1.4936683177947998 39
1732433503690 1.3686683177947998 40
1732433504068 1.6186683177947998 41
1732433504184 1.3061683177947998 42
1732433504406 1.3061683177947998 43
1732433504761 1.3686683177947998 44
1732433504865 1.3061683177947998 45
1732433505007 1.2436683177947998 46
1732433505153 1.4311683177947998 47
1732433505319 1.3061683177947998 48
1732433505415 1.4311683177947998 49
1732433505528 1.2436683177947998 50
1732433505631 1.3061683177947998 51
1732433505738 1.1811683177947998 52
1732433505862 1.1811683177947998 53
1732433505980 1.3061683177947998 54
1732433506087 1.2103350162506104 55
1732433511704 1.2436683177947998 0
1732433511863 1.3686683177947998 1
1732433512180 1.5561683177947998 2
1732433512556 1.1811683177947998 3
1732433512933 1.1186683177947998 4
1732433513047 1.4311683177947998 5
1732433513235 1.3061683177947998 6
1732433513723 1.3061683177947998 7
1732433513903 1.2436683177947998 8
1732433514015 1.5561683177947998 9
1732433514260 1.5561683177947998 10
1732433514579 1.1186683177947998 11
1732433514712 1.3686683177947998 12
1732433514819 0.9936683177947998 13
1732433515003 1.4311683177947998 14
1732433515181 1.3686683177947998 15
1732433515375 1.3061683177947998 16
1732433515511 1.3686683177947998 17
1732433515650 1.4311683177947998 18
1732433515815 1.4311683177947998 19
1732433515985 1.5561683177947998 20
1732433516115 1.3061683177947998 21
1732433516221 1.4311683177947998 22
1732433516332 1.4311683177947998 23
1732433516531 1.4311683177947998 24
1732433516642 1.2436683177947998 25
1732433516828 1.1811683177947998 26
1732433517002 1.2436683177947998 27
1732433517166 1.3686683177947998 28
1732433517274 1.6186683177947998 29
1732433517418 1.4936683177947998 30
1732433517544 1.3061683177947998 31
1732433517823 1.4311683177947998 32
1732433517964 1.1811683177947998 33
1732433518119 1.1811683177947998 34
1732433518267 1.3686683177947998 35
1732433518596 1.3061683177947998 36
1732433518708 1.1811683177947998 37
1732433518886 1.3061683177947998 38
1732433519117 1.3061683177947998 39
1732433519312 1.1811683177947998 40
1732433519421 1.1186683177947998 41
1732433519556 1.3061683177947998 42
1732433519688 1.4311683177947998 43
1732433519877 1.1811683177947998 44
1732433520185 1.1186683177947998 45
1732433520330 1.2436683177947998 46
1732433520449 1.2436683177947998 47
1732433520557 1.4311683177947998 48
1732433520703 1.3061683177947998 49
1732433520811 1.3061683177947998 50
1732433520915 1.4311683177947998 51
1732433521048 1.4936683177947998 52
1732433521246 1.4311683177947998 53
1732433521355 1.3061683177947998 54
1732433521437 1.2103350162506104 55
1732433526354 1.4936683177947998 0
1732433526688 1.2436683177947998 1
1732433526967 1.3686683177947998 2
1732433527385 1.4311683177947998 3
1732433527678 1.3686683177947998 4
1732433527817 1.1811683177947998 5
1732433527935 1.5561683177947998 6
1732433528046 1.2436683177947998 7
1732433528156 1.4311683177947998 8
1732433528597 1.1811683177947998 9
1732433528775 1.4311683177947998 10
1732433528889 1.3686683177947998 11
1732433529363 1.1811683177947998 12
1732433529508 1.5561683177947998 13
1732433529629 1.3061683177947998 14
1732433529748 1.4936683177947998 15
1732433529883 1.1186683177947998 16
1732433530253 1.3686683177947998 17
1732433530369 1.0561683177947998 18
1732433530549 1.3686683177947998 19
1732433530780 1.1186683177947998 20
1732433530967 1.3686683177947998 21
1732433531148 1.2436683177947998 22
1732433531351 1.4936683177947998 23
1732433531616 1.1811683177947998 24
1732433531719 1.3061683177947998 25
1732433531863 1.4311683177947998 26
1732433532051 1.5561683177947998 27
1732433532345 1.4311683177947998 28
1732433532450 1.2436683177947998 29
1732433532622 1.2436683177947998 30
1732433532745 1.3686683177947998 31
1732433532965 1.3061683177947998 32
1732433533196 1.3686681985855103 33
1732433533325 1.2436683177947998 34
1732433533454 1.1811683177947998 35
1732433533597 1.3686683177947998 36
1732433533884 1.0561683177947998 37
1732433534007 1.3061683177947998 38
1732433534211 1.1811683177947998 39
1732433534638 1.3061683177947998 40
1732433534760 1.3686683177947998 41
1732433534875 1.3686683177947998 42
1732433534992 1.1811683177947998 43
1732433535116 1.4311683177947998 44
1732433535510 1.3686681985855103 45
1732433535619 1.4936683177947998 46
1732433535723 1.1811683177947998 47
1732433535844 1.4936683177947998 48
1732433536054 1.2436683177947998 49
1732433536170 1.3686683177947998 50
1732433536269 1.4936683177947998 51
1732433536375 1.2436683177947998 52
1732433536595 1.3686683177947998 53
1732433536702 1.3061683177947998 54
1732433536800 1.3436683416366577 55
1732433541770 1.3686683177947998 0
1732433542008 1.1811683177947998 1
1732433542412 1.3686683177947998 2
1732433542731 1.3061683177947998 3
1732433542928 1.3686683177947998 4
1732433543043 1.3061683177947998 5
1732433543170 1.4936683177947998 6
1732433543278 1.1811683177947998 7
1732433543843 1.1811683177947998 8
1732433543975 1.5561683177947998 9
1732433544122 1.4936683177947998 10
1732433544359 1.1186683177947998 11
1732433544483 1.3686683177947998 12
1732433544613 1.1811683177947998 13
1732433544788 1.4936683177947998 14
1732433545006 1.3686683177947998 15
1732433545132 1.1811683177947998 16
1732433545243 1.3686683177947998 17
1732433545420 1.4311683177947998 18
1732433545688 1.3686683177947998 19
1732433545855 1.1186683177947998 20
1732433545979 1.3686683177947998 21
1732433546246 1.2436683177947998 22
1732433546501 1.4311683177947998 23
1732433546616 1.3686683177947998 24
1732433546775 1.3061683177947998 25
1732433547029 1.4936683177947998 26
1732433547257 1.3686683177947998 27
1732433547395 1.3061683177947998 28
1732433547501 1.2436683177947998 29
1732433547633 1.3061683177947998 30
1732433548095 1.1186683177947998 31
1732433548208 1.3686683177947998 32
1732433548321 1.4311683177947998 33
1732433548475 1.2436683177947998 34
1732433548813 1.4311683177947998 35
1732433548941 1.2436683177947998 36
1732433549065 1.4936683177947998 37
1732433549334 1.2436683177947998 38
1732433549558 1.4311683177947998 39
1732433549710 1.3061683177947998 40
1732433549904 1.3686683177947998 41
1732433550123 1.4311683177947998 42
1732433550351 1.3686683177947998 43
1732433550539 1.1811683177947998 44
1732433550682 1.4311683177947998 45
1732433550890 1.2436683177947998 46
1732433551156 1.4311683177947998 47
1732433551316 1.3686683177947998 48
1732433551424 1.4311683177947998 49
1732433551543 1.2436683177947998 50
1732433551641 1.2436683177947998 51
1732433551745 1.1811683177947998 52
1732433551848 1.4936683177947998 53
1732433551963 1.1811683177947998 54
1732433552054 1.1436684131622314 55
1732433556629 1.2436683177947998 0
1732433557123 1.1186683177947998 1
1732433557311 1.4311683177947998 2
1732433557509 1.1811683177947998 3
1732433557723 1.3061683177947998 4
1732433557828 1.3061683177947998 5
1732433558108 1.2436683177947998 6
1732433558366 1.3061683177947998 7
1732433558613 1.1186683177947998 8
1732433558760 1.3061683177947998 9
1732433558876 1.4311683177947998 10
1732433559113 1.3686683177947998 11
1732433559380 1.3686683177947998 12
1732433559516 1.3686683177947998 13
1732433559628 1.5561683177947998 14
1732433559889 1.3061683177947998 15
1732433560058 1.2436683177947998 16
1732433560175 1.4311683177947998 17
1732433560282 1.3061683177947998 18
1732433560408 1.2436683177947998 19
1732433560638 1.5561683177947998 20
1732433560741 1.3686683177947998 21
1732433560878 1.1186683177947998 22
1732433561067 1.3686683177947998 23
1732433561278 1.4311683177947998 24
1732433561454 1.1811683177947998 25
1732433561557 1.5561683177947998 26
1732433561676 1.1811683177947998 27
1732433561868 1.4936683177947998 28
1732433561965 1.3686683177947998 29
1732433562103 1.3061683177947998 30
1732433562270 0.9936683177947998 31
1732433562508 1.4311683177947998 32
1732433562619 1.4311683177947998 33
1732433562730 1.4311683177947998 34
1732433562857 1.3686683177947998 35
1732433563095 1.3686683177947998 36
1732433563209 1.6186683177947998 37
1732433563313 1.4936683177947998 38
1732433563420 1.1811683177947998 39
1732433563529 1.3686683177947998 40
1732433563638 1.1811683177947998 41
1732433563778 1.3686683177947998 42
1732433563880 1.2436683177947998 43
1732433563991 1.3061683177947998 44
1732433564111 1.1811683177947998 45
1732433564448 1.3686683177947998 46
1732433564651 1.1186683177947998 47
1732433564759 1.2436683177947998 48
1732433564865 1.3686681985855103 49
1732433565022 1.1811683177947998 50
1732433565147 1.3686683177947998 51
1732433565238 1.4936683177947998 52
1732433565324 1.2436683177947998 53
1732433565607 1.3686683177947998 54
1732433565705 1.4770015478134155 55
1732433570656 1.3061683177947998 0
1732433571221 1.3686683177947998 1
1732433571575 1.2436683177947998 2
1732433571767 1.4311683177947998 3
1732433571971 1.3061683177947998 4
1732433572214 1.3686683177947998 5
1732433572465 1.3686683177947998 6
1732433572649 1.5561683177947998 7
1732433572792 1.3686683177947998 8
1732433572927 1.2436683177947998 9
1732433573123 1.4311683177947998 10
1732433573290 1.4311683177947998 11
1732433573416 1.2436683177947998 12
1732433573551 1.4936683177947998 13
1732433573752 1.4936683177947998 14
1732433573961 1.3686683177947998 15
1732433574097 1.1811683177947998 16
1732433574268 1.2436683177947998 17
1732433574402 1.5561683177947998 18
1732433574585 1.3686683177947998 19
1732433574711 1.4936683177947998 20
1732433574827 1.2436683177947998 21
1732433575061 1.3686683177947998 22
1732433575218 0.9936683177947998 23
1732433575361 1.3061683177947998 24
1732433575476 1.2436683177947998 25
1732433575615 1.1186683177947998 26
1732433575739 1.3686683177947998 27
1732433576022 1.4311681985855103 28
1732433576120 1.4311683177947998 29
1732433576252 1.3686683177947998 30
1732433576341 1.1186683177947998 31
1732433576701 1.1811683177947998 32
1732433576809 1.1186683177947998 33
1732433577008 1.2436683177947998 34
1732433577109 1.3061683177947998 35
1732433577491 1.4311683177947998 36
1732433577631 1.4311683177947998 37
1732433577781 1.5561683177947998 38
1732433577886 1.4936683177947998 39
1732433578182 1.1811683177947998 40
1732433578405 1.3061683177947998 41
1732433578542 1.1811683177947998 42
1732433578761 1.4936683177947998 43
1732433579125 1.3686683177947998 44
1732433579240 1.1811683177947998 45
1732433579363 0.993668258190155 46
1732433579709 1.4936683177947998 47
1732433579935 1.3061683177947998 48
1732433580054 1.2436683177947998 49
1732433580166 1.4311683177947998 50
1732433580278 1.2436683177947998 51
1732433580447 1.3686683177947998 52
1732433580533 1.1811683177947998 53
1732433580650 1.3061683177947998 54
1732433580749 1.4103350639343262 55
1732433586280 1.4311683177947998 0
1732433586524 1.4311683177947998 1
1732433586902 1.3686683177947998 2
1732433587327 1.3686683177947998 3
1732433587512 1.2436683177947998 4
1732433587621 1.2436683177947998 5
1732433587735 1.1186683177947998 6
1732433587844 0.9936683177947998 7
1732433588190 1.3686683177947998 8
1732433588324 1.3686683177947998 9
1732433588449 1.0561683177947998 10
1732433588560 1.4936683177947998 11
1732433588712 1.3686683177947998 12
1732433588858 1.5561683177947998 13
1732433588960 1.4936683177947998 14
1732433589066 1.5561683177947998 15
1732433589258 1.4311683177947998 16
1732433589480 1.1811683177947998 17
1732433589576 1.3686683177947998 18
1732433589696 1.4936683177947998 19
1732433589815 1.3061683177947998 20
1732433590042 1.3686683177947998 21
1732433590186 1.1811683177947998 22
1732433590285 1.1186683177947998 23
1732433590448 1.2436683177947998 24
1732433590636 1.4936683177947998 25
1732433590794 1.3686683177947998 26
1732433590902 1.4936683177947998 27
1732433591041 1.3686683177947998 28
1732433591221 1.3061683177947998 29
1732433591409 1.4936683177947998 30
1732433591518 1.4311683177947998 31
1732433591638 1.3061683177947998 32
1732433591860 1.4936683177947998 33
1732433592101 1.1811683177947998 34
1732433592228 1.3061683177947998 35
1732433592345 1.2436683177947998 36
1732433592462 1.3061683177947998 37
1732433592671 1.4936683177947998 38
1732433592783 1.2436683177947998 39
1732433592875 1.2436683177947998 40
1732433593143 1.2436683177947998 41
1732433593271 1.4311683177947998 42
1732433593387 1.4936683177947998 43
1732433593491 1.1186683177947998 44
1732433593701 1.2436683177947998 45
1732433593827 1.3686683177947998 46
1732433593933 1.2436683177947998 47
1732433594063 1.2436683177947998 48
1732433594293 1.3061683177947998 49
1732433594444 1.4311683177947998 50
1732433594542 1.4311683177947998 51
1732433594719 0.931168258190155 52
1732433594841 1.1186683177947998 53
1732433594985 1.4311683177947998 54
1732433595091 1.3436682224273682 55
1732433600569 1.1186683177947998 0
1732433600920 1.2436683177947998 1
1732433601419 1.3061683177947998 2
1732433601666 1.4311683177947998 3
1732433601784 1.3686683177947998 4
1732433601901 1.4936683177947998 5
1732433602018 1.1811683177947998 6
1732433602132 1.1186683177947998 7
1732433602518 1.2436683177947998 8
1732433602634 1.4311683177947998 9
1732433602799 1.4311683177947998 10
1732433603116 1.4936683177947998 11
1732433603277 1.3061683177947998 12
1732433603411 1.4311683177947998 13
1732433603605 1.2436683177947998 14
1732433603804 1.3686683177947998 15
1732433604012 1.1811683177947998 16
1732433604152 1.1811683177947998 17
1732433604312 1.5561683177947998 18
1732433604506 1.3686683177947998 19
1732433604629 1.1186683177947998 20
1732433604848 1.1811683177947998 21
1732433604989 1.3061683177947998 22
1732433605139 1.2436683177947998 23
1732433605276 1.4311683177947998 24
1732433605453 1.3686683177947998 25
1732433605643 1.3686683177947998 26
1732433605808 1.1811683177947998 27
1732433605920 1.3686683177947998 28
1732433606131 1.4311683177947998 29
1732433606310 1.3061683177947998 30
1732433606456 1.3061683177947998 31
1732433606565 1.3686683177947998 32
1732433606765 1.1186683177947998 33
1732433606941 1.2436683177947998 34
1732433607094 1.2436683177947998 35
1732433607202 1.1186683177947998 36
1732433607406 1.4311683177947998 37
1732433607640 1.3061683177947998 38
1732433607810 1.4311683177947998 39
1732433607925 1.2436683177947998 40
1732433608054 1.1186683177947998 41
1732433608171 1.4311683177947998 42
1732433608277 1.3061683177947998 43
1732433608466 1.2436683177947998 44
1732433608657 1.4311683177947998 45
1732433608759 1.3686681985855103 46
1732433608857 1.4936683177947998 47
1732433609082 1.3686683177947998 48
1732433609276 1.4311683177947998 49
1732433609375 1.3061683177947998 50
1732433609473 1.5561683177947998 51
1732433609637 1.3061683177947998 52
1732433609736 1.3686683177947998 53
1732433609820 1.5561683177947998 54
1732433609906 1.4103349447250366 55
1732433614836 1.3686683177947998 0
1732433615358 1.3061683177947998 1
1732433615632 1.3061683177947998 2
1732433615932 1.2436683177947998 3
1732433616084 1.2436683177947998 4
1732433616198 1.2436683177947998 5
1732433616305 1.3686683177947998 6
1732433616436 1.5561683177947998 7
1732433616912 1.3061683177947998 8
1732433617029 1.4311683177947998 9
1732433617141 1.3061683177947998 10
1732433617369 1.3061683177947998 11
1732433617643 1.4936683177947998 12
1732433617754 1.4936683177947998 13
1732433617855 1.3061683177947998 14
1732433617983 1.2436683177947998 15
1732433618336 1.3686683177947998 16
1732433618451 1.3061683177947998 17
1732433618569 1.3686683177947998 18
1732433618700 1.4311683177947998 19
1732433619088 1.3061683177947998 20
1732433619231 1.3686683177947998 21
1732433619429 1.1811683177947998 22
1732433619687 1.1186683177947998 23
1732433619798 1.3061683177947998 24
1732433619927 1.3686683177947998 25
1732433620139 1.4311683177947998 26
1732433620337 1.4311683177947998 27
1732433620515 1.4311683177947998 28
1732433620696 1.1811683177947998 29
1732433620834 1.3061683177947998 30
1732433621040 1.3061683177947998 31
1732433621150 1.3686683177947998 32
1732433621347 1.3061683177947998 33
1732433621475 1.3061683177947998 34
1732433621665 1.0561683177947998 35
1732433621773 1.3686683177947998 36
1732433621962 1.3061683177947998 37
1732433622145 1.3061683177947998 38
1732433622307 1.3686683177947998 39
1732433622420 1.3686683177947998 40
1732433622582 1.2436683177947998 41
1732433622712 1.2436683177947998 42
1732433622876 1.3686683177947998 43
1732433622994 1.1811683177947998 44
1732433623141 1.1186683177947998 45
1732433623359 1.5561683177947998 46
1732433623493 1.3686683177947998 47
1732433623600 1.4936683177947998 48
1732433623710 1.3686683177947998 49
1732433623827 1.1186683177947998 50
1732433623942 1.3061683177947998 51
1732433624076 1.4311683177947998 52
1732433624172 1.4311683177947998 53
1732433624261 1.2436683177947998 54
1732433624363 1.3436683416366577 55
1732433628766 1.3061683177947998 0
1732433629097 1.3061683177947998 1
1732433629495 1.3061683177947998 2
1732433629786 1.1811683177947998 3
1732433629953 1.2436683177947998 4
1732433630066 1.3686683177947998 5
1732433630233 1.3686683177947998 6
1732433630473 1.0561683177947998 7
1732433630953 1.4311683177947998 8
1732433631062 1.1811683177947998 9
1732433631178 1.3686683177947998 10
1732433631322 1.4311683177947998 11
1732433631516 1.3061683177947998 12
1732433631619 1.3686683177947998 13
1732433631716 1.1811683177947998 14
1732433631821 1.3686683177947998 15
1732433632140 1.5561683177947998 16
1732433632248 1.1186683177947998 17
1732433632344 1.3061683177947998 18
1732433632470 1.3686683177947998 19
1732433632694 1.4311683177947998 20
1732433632849 1.3686683177947998 21
1732433632934 1.3061683177947998 22
1732433633022 1.3686683177947998 23
1732433633285 1.4311683177947998 24
1732433633419 1.2436683177947998 25
1732433633504 1.2436683177947998 26
1732433633592 1.1186683177947998 27
1732433633821 1.3061683177947998 28
1732433634026 1.3686683177947998 29
1732433634122 1.4311683177947998 30
1732433634230 1.3061683177947998 31
1732433634378 1.3061683177947998 32
1732433634587 1.3686683177947998 33
1732433634691 1.4311683177947998 34
1732433634810 1.3686683177947998 35
1732433634901 1.4311683177947998 36
1732433635212 1.3686683177947998 37
1732433635333 1.3061683177947998 38
1732433635482 1.2436683177947998 39
1732433635592 1.5561683177947998 40
1732433635793 1.3061683177947998 41
1732433635922 1.1186683177947998 42
1732433636057 1.2436683177947998 43
1732433636166 1.3061683177947998 44
1732433636343 1.5561683177947998 45
1732433636458 1.3061683177947998 46
1732433636649 1.4311683177947998 47
1732433636749 1.3061683177947998 48
1732433636948 1.1811683177947998 49
1732433637064 1.3686683177947998 50
1732433637196 1.1186683177947998 51
1732433637286 1.5561683177947998 52
1732433637457 1.3061683177947998 53
1732433637553 1.4936683177947998 54
1732433637635 1.2770017385482788 55
1732433643058 1.4311683177947998 0
1732433643373 1.5561683177947998 1
1732433643843 1.4311683177947998 2
1732433644104 1.2436683177947998 3
1732433644238 1.4311683177947998 4
1732433644384 1.0561683177947998 5
1732433644585 1.4936683177947998 6
1732433644872 1.3686683177947998 7
1732433645565 1.3061683177947998 8
1732433645728 1.2436683177947998 9
1732433646106 1.2436683177947998 10
1732433646386 1.2436683177947998 11
1732433646510 1.3686683177947998 12
1732433646735 1.1811683177947998 13
1732433647000 1.3686683177947998 14
1732433647262 1.3061683177947998 15
1732433647374 1.3061683177947998 16
1732433647530 1.3061683177947998 17
1732433647721 0.931168258190155 18
1732433647940 1.4311681985855103 19
1732433648069 1.3061683177947998 20
1732433648284 1.3686683177947998 21
1732433648394 1.3061683177947998 22
1732433648586 1.1811683177947998 23
1732433648709 1.3061683177947998 24
1732433648859 1.3686683177947998 25
1732433649034 1.3686683177947998 26
1732433649163 1.2436683177947998 27
1732433649283 1.3686683177947998 28
1732433649473 1.3061683177947998 29
1732433649740 1.1811683177947998 30
1732433649902 1.4311683177947998 31
1732433649998 1.4936683177947998 32
1732433650124 1.3061683177947998 33
1732433650422 1.3061683177947998 34
1732433650540 1.6811683177947998 35
1732433650685 1.5561683177947998 36
1732433650868 1.3061683177947998 37
1732433651112 1.1811683177947998 38
1732433651240 1.1811683177947998 39
1732433651386 1.3686683177947998 40
1732433651543 1.2436683177947998 41
1732433651816 1.1811683177947998 42
1732433651924 1.4936683177947998 43
1732433652172 1.0561683177947998 44
1732433652400 1.3686683177947998 45
1732433652606 1.4311683177947998 46
1732433652828 1.1186683177947998 47
1732433653011 1.4311683177947998 48
1732433653125 1.5561683177947998 49
1732433653243 1.2436683177947998 50
1732433653344 1.3061683177947998 51
1732433653548 1.3061683177947998 52
1732433653665 1.2436683177947998 53
1732433653758 1.4311683177947998 54
1732433653856 1.543668270111084 55
1732433659065 1.4311683177947998 0
1732433659399 1.3686683177947998 1
1732433659826 1.4936683177947998 2
1732433660114 1.4936683177947998 3
1732433660282 1.2436683177947998 4
1732433660412 1.3061683177947998 5
1732433660583 1.3061683177947998 6
1732433660810 1.1811683177947998 7
1732433661054 1.3686683177947998 8
1732433661273 1.2436683177947998 9
1732433661406 1.2436683177947998 10
1732433661535 1.3686683177947998 11
1732433661655 1.1811683177947998 12
1732433661791 1.3061683177947998 13
1732433662095 1.3686683177947998 14
1732433662211 1.1186683177947998 15
1732433662349 1.3686683177947998 16
1732433662469 1.1811683177947998 17
1732433662841 1.3686683177947998 18
1732433662950 1.4936683177947998 19
1732433663074 1.4311683177947998 20
1732433663202 1.3686683177947998 21
1732433663548 1.3061683177947998 22
1732433663665 1.4311683177947998 23
1732433663802 1.4936683177947998 24
1732433664017 1.4936683177947998 25
1732433664200 1.4311683177947998 26
1732433664307 1.3686683177947998 27
1732433664446 1.4311683177947998 28
1732433664696 1.3061683177947998 29
1732433664844 1.3061683177947998 30
1732433664946 1.5561683177947998 31
1732433665053 1.2436683177947998 32
1732433665160 1.3061683177947998 33
1732433665451 1.3061683177947998 34
1732433665544 1.1186683177947998 35
1732433665636 1.3061683177947998 36
1732433665747 1.3061683177947998 37
1732433665961 1.2436683177947998 38
1732433666054 1.3686683177947998 39
1732433666156 1.1811683177947998 40
1732433666262 1.3061683177947998 41
1732433666570 1.1186683177947998 42
1732433666675 1.2436683177947998 43
1732433666782 1.3061683177947998 44
1732433666881 1.4311683177947998 45
1732433667125 1.3686683177947998 46
1732433667227 1.3061683177947998 47
1732433667325 1.3686683177947998 48
1732433667411 1.4936683177947998 49
1732433667620 1.3061683177947998 50
1732433667707 1.1186683177947998 51
1732433667803 1.3061683177947998 52
1732433667893 1.3061683177947998 53
1732433668125 1.2436683177947998 54
1732433668202 1.3436683416366577 55
1732433673834 1.3686683177947998 0
1732433674093 1.3061683177947998 1
1732433674581 1.3686683177947998 2
1732433674879 1.2436683177947998 3
1732433675050 1.4936683177947998 4
1732433675171 1.2436683177947998 5
1732433675287 1.3061683177947998 6
1732433675392 1.4311683177947998 7
1732433675871 1.2436683177947998 8
1732433676092 1.1811683177947998 9
1732433676287 1.2436683177947998 10
1732433676560 1.3686683177947998 11
1732433676694 1.3686683177947998 12
1732433676855 1.3686683177947998 13
1732433676979 1.1811683177947998 14
1732433677149 1.4311683177947998 15
1732433677422 1.1811683177947998 16
1732433677581 1.2436683177947998 17
1732433677713 1.3061683177947998 18
1732433677850 1.3686683177947998 19
1732433678079 0.9936683177947998 20
1732433678284 1.3686683177947998 21
1732433678456 1.4311683177947998 22
1732433678584 1.2436683177947998 23
1732433678709 1.3686683177947998 24
1732433678963 1.2436683177947998 25
1732433679124 1.4936683177947998 26
1732433679269 1.3686683177947998 27
1732433679395 1.3686683177947998 28
1732433679608 1.1186683177947998 29
1732433679805 1.4311683177947998 30
1732433679924 1.2436683177947998 31
1732433680050 1.4311683177947998 32
1732433680283 1.3061683177947998 33
1732433680430 1.4936683177947998 34
1732433680659 1.2436683177947998 35
1732433680771 1.2436683177947998 36
1732433681123 1.2436683177947998 37
1732433681343 1.4311683177947998 38
1732433681476 1.3686683177947998 39
1732433681604 1.3686683177947998 40
1732433681808 1.3061683177947998 41
1732433681992 1.1186683177947998 42
1732433682125 1.3061683177947998 43
1732433682255 1.3686683177947998 44
1732433682442 1.3061683177947998 45
1732433682653 1.4936683177947998 46
1732433682773 1.3061683177947998 47
1732433682923 1.3686683177947998 48
1732433683068 1.3686683177947998 49
1732433683253 1.3061683177947998 50
1732433683370 1.4311683177947998 51
1732433683479 1.4936683177947998 52
1732433683606 1.1186683177947998 53
1732433683708 1.4936683177947998 54
1732433683819 1.477001667022705 55
