1732433447307 7.847271400218976e-44 55
1732433463020 1.401298464324817e-45 111
1732433478248 2.802596928649634e-45 167
1732433494276 1.0081087700900547e-28 223
1732433510067 3.923635700109488e-43 279
1732433524802 29.81207275390625 335
1732433540199 0.0 391
1732433555473 6.2778171201751805e-43 447
1732433568967 0.0 503
1732433584574 0.0 559
1732433598780 1.401298464324817e-44 615
1732433613331 9.41672568026277e-43 671
1732433627559 1.0201452820284668e-42 727
1732433641265 1.0986179960306566e-42 783
1732433657575 1.961817850054744e-44 839
1732433672004 0.0 895
