1732433447307 0.0 55
1732433463020 1.401298464324817e-45 111
1732433478248 2.802596928649634e-45 167
1732433494276 4.203895392974451e-45 223
1732433510067 5.605193857299268e-45 279
1732433524802 0.0 335
1732433540199 8.407790785948902e-45 391
1732433555473 9.80908925027372e-45 447
1732433568967 1.1210387714598537e-44 503
1732433584574 1.2611686178923354e-44 559
1732433598780 1.401298464324817e-44 615
1732433613331 1.5414283107572988e-44 671
1732433627559 1.6815581571897805e-44 727
1732433641265 1.8216880036222622e-44 783
1732433657575 1.961817850054744e-44 839
1732433672004 0.0 895
