1732433433548 0.0 1
1732433434144 0.046875 3
1732433434485 0.125 5
1732433434706 0.125 7
1732433435532 0.25 9
1732433435791 0.578125 11
1732433436329 0.5 13
1732433436667 0.53125 15
1732433437040 0.515625 17
1732433437302 0.46875 19
1732433437797 0.4375 21
1732433438157 0.5 23
1732433438588 0.546875 25
1732433438992 0.53125 27
1732433439337 0.5 29
1732433439719 0.46875 31
1732433440008 0.40625 33
1732433440324 0.46875 35
1732433440724 0.4375 37
1732433441015 0.53125 39
1732433441439 0.546875 41
1732433441675 0.40625 43
1732433442163 0.484375 45
1732433442564 0.453125 47
1732433442959 0.453125 49
1732433443170 0.578125 51
1732433443517 0.4375 53
1732433443814 0.4000000059604645 55
1732433449669 0.390625 57
1732433450152 0.546875 59
1732433450393 0.5625 61
1732433450864 0.546875 63
1732433451241 0.5625 65
1732433451656 0.59375 67
1732433452201 0.53125 69
1732433452898 0.484375 71
1732433453133 0.578125 73
1732433453754 0.46875 75
1732433453973 0.5 77
1732433454361 0.40625 79
1732433454664 0.46875 81
1732433454905 0.421875 83
1732433455275 0.546875 85
1732433455496 0.375 87
1732433455754 0.421875 89
1732433456039 0.46875 91
1732433456468 0.59375 93
1732433456765 0.390625 95
1732433456978 0.5 97
1732433457503 0.4375 99
1732433457731 0.59375 101
1732433458168 0.453125 103
1732433458394 0.4375 105
1732433458766 0.53125 107
1732433458980 0.484375 109
1732433459276 0.5333333611488342 111
1732433465133 0.453125 113
1732433465928 0.515625 115
1732433466163 0.40625 117
1732433466390 0.515625 119
1732433466963 0.5 121
1732433467291 0.421875 123
1732433467619 0.5 125
1732433468080 0.40625 127
1732433468403 0.53125 129
1732433468746 0.609375 131
1732433469098 0.59375 133
1732433469423 0.484375 135
1732433469841 0.484375 137
1732433470143 0.421875 139
1732433470474 0.484375 141
1732433470761 0.578125 143
1732433471050 0.453125 145
1732433471345 0.484375 147
1732433471646 0.484375 149
1732433471985 0.359375 151
1732433472214 0.53125 153
1732433472449 0.390625 155
1732433472877 0.484375 157
1732433473329 0.59375 159
1732433473582 0.46875 161
1732433473832 0.5 163
1732433474228 0.484375 165
1732433474400 0.550000011920929 167
1732433480278 0.4375 169
1732433481065 0.578125 171
1732433481385 0.4375 173
1732433481619 0.46875 175
1732433482276 0.421875 177
1732433482598 0.46875 179
1732433483049 0.546875 181
1732433483531 0.421875 183
1732433483870 0.5 185
1732433484424 0.484375 187
1732433484742 0.40625 189
1732433485047 0.578125 191
1732433485489 0.421875 193
1732433485838 0.546875 195
1732433486185 0.421875 197
1732433486529 0.53125 199
1732433486907 0.484375 201
1732433487275 0.40625 203
1732433487595 0.578125 205
1732433487847 0.515625 207
1732433488313 0.375 209
1732433488646 0.625 211
1732433489024 0.5625 213
1732433489344 0.53125 215
1732433489727 0.53125 217
1732433489956 0.5625 219
1732433490219 0.578125 221
1732433490414 0.4833333194255829 223
1732433496100 0.578125 225
1732433496447 0.546875 227
1732433497001 0.65625 229
1732433497356 0.53125 231
1732433497769 0.578125 233
1732433498154 0.53125 235
1732433498504 0.515625 237
1732433498832 0.4375 239
1732433499461 0.515625 241
1732433499701 0.546875 243
1732433500292 0.515625 245
1732433500535 0.46875 247
1732433500992 0.4375 249
1732433501288 0.5625 251
1732433501792 0.5625 253
1732433502027 0.453125 255
1732433502567 0.5 257
1732433502848 0.46875 259
1732433503294 0.578125 261
1732433503575 0.390625 263
1732433504090 0.359375 265
1732433504439 0.515625 267
1732433504886 0.484375 269
1732433505174 0.40625 271
1732433505435 0.484375 273
1732433505655 0.484375 275
1732433505881 0.578125 277
1732433506103 0.550000011920929 279
1732433511886 0.46875 281
1732433512579 0.5625 283
1732433513069 0.421875 285
1732433513748 0.53125 287
1732433514036 0.390625 289
1732433514600 0.578125 291
1732433514843 0.640625 293
1732433515207 0.46875 295
1732433515533 0.46875 297
1732433515837 0.4375 299
1732433516136 0.515625 301
1732433516354 0.5 303
1732433516663 0.5625 305
1732433517023 0.53125 307
1732433517296 0.34375 309
1732433517572 0.546875 311
1732433517986 0.53125 313
1732433518295 0.5 315
1732433518735 0.578125 317
1732433519145 0.484375 319
1732433519444 0.5625 321
1732433519710 0.4375 323
1732433520211 0.578125 325
1732433520470 0.515625 327
1732433520723 0.546875 329
1732433520936 0.421875 331
1732433521266 0.4375 333
1732433521452 0.550000011920929 335
1732433526715 0.578125 337
1732433527412 0.46875 339
1732433527839 0.5625 341
1732433528069 0.515625 343
1732433528626 0.5625 345
1732433528912 0.53125 347
1732433529530 0.421875 349
1732433529770 0.390625 351
1732433530274 0.4375 353
1732433530570 0.515625 355
1732433530988 0.5 357
1732433531378 0.390625 359
1732433531741 0.5 361
1732433532074 0.40625 363
1732433532473 0.5625 365
1732433532767 0.4375 367
1732433533219 0.46875 369
1732433533475 0.5625 371
1732433533912 0.625 373
1732433534240 0.578125 375
1732433534785 0.484375 377
1732433535012 0.53125 379
1732433535531 0.53125 381
1732433535747 0.578125 383
1732433536073 0.53125 385
1732433536289 0.421875 387
1732433536615 0.453125 389
1732433536814 0.5166666507720947 391
1732433542029 0.609375 393
1732433542758 0.484375 395
1732433543066 0.515625 397
1732433543299 0.546875 399
1732433543996 0.390625 401
1732433544381 0.5625 403
1732433544635 0.546875 405
1732433545029 0.46875 407
1732433545265 0.484375 409
1732433545711 0.5 411
1732433546001 0.484375 413
1732433546523 0.421875 415
1732433546799 0.5 417
1732433547279 0.484375 419
1732433547522 0.53125 421
1732433548116 0.609375 423
1732433548347 0.4375 425
1732433548834 0.484375 427
1732433549088 0.4375 429
1732433549585 0.453125 431
1732433549926 0.453125 433
1732433550377 0.46875 435
1732433550705 0.421875 437
1732433551177 0.4375 439
1732433551443 0.484375 441
1732433551661 0.546875 443
1732433551867 0.40625 445
1732433552070 0.6000000238418579 447
1732433557155 0.578125 449
1732433557530 0.53125 451
1732433557849 0.5 453
1732433558390 0.515625 455
1732433558786 0.515625 457
1732433559140 0.46875 459
1732433559540 0.46875 461
1732433559910 0.484375 463
1732433560198 0.4375 465
1732433560431 0.5625 467
1732433560763 0.484375 469
1732433561095 0.453125 471
1732433561475 0.53125 473
1732433561700 0.59375 475
1732433561985 0.484375 477
1732433562293 0.640625 479
1732433562640 0.453125 481
1732433562879 0.453125 483
1732433563231 0.40625 485
1732433563442 0.578125 487
1732433563662 0.5625 489
1732433563902 0.53125 491
1732433564134 0.53125 493
1732433564676 0.59375 495
1732433564888 0.453125 497
1732433565167 0.5 499
1732433565343 0.53125 501
1732433565719 0.4333333373069763 503
1732433571254 0.484375 505
1732433571788 0.421875 507
1732433572239 0.46875 509
1732433572671 0.390625 511
1732433572950 0.546875 513
1732433573311 0.46875 515
1732433573572 0.4375 517
1732433573983 0.46875 519
1732433574293 0.546875 521
1732433574613 0.5 523
1732433574851 0.515625 525
1732433575243 0.640625 527
1732433575498 0.515625 529
1732433575762 0.46875 531
1732433576142 0.46875 533
1732433576363 0.578125 535
1732433576832 0.59375 537
1732433577130 0.515625 539
1732433577653 0.453125 541
1732433577909 0.453125 543
1732433578427 0.484375 545
1732433578792 0.484375 547
1732433579265 0.53125 549
1732433579740 0.421875 551
1732433580074 0.515625 553
1732433580302 0.515625 555
1732433580558 0.546875 557
1732433580768 0.46666666865348816 559
1732433586545 0.515625 561
1732433587350 0.46875 563
1732433587643 0.5 565
1732433587868 0.640625 567
1732433588358 0.484375 569
1732433588583 0.390625 571
1732433588881 0.421875 573
1732433589087 0.40625 575
1732433589505 0.546875 577
1732433589719 0.46875 579
1732433590078 0.484375 581
1732433590308 0.5625 583
1732433590659 0.390625 585
1732433590924 0.421875 587
1732433591245 0.46875 589
1732433591538 0.40625 591
1732433591883 0.4375 593
1732433592250 0.5 595
1732433592483 0.53125 597
1732433592802 0.578125 599
1732433593161 0.53125 601
1732433593410 0.4375 603
1732433593727 0.53125 605
1732433593956 0.515625 607
1732433594317 0.5 609
1732433594565 0.5 611
1732433594862 0.578125 613
1732433595108 0.46666666865348816 615
1732433600947 0.515625 617
1732433601691 0.46875 619
1732433601922 0.421875 621
1732433602156 0.59375 623
1732433602656 0.453125 625
1732433603140 0.453125 627
1732433603433 0.453125 629
1732433603837 0.453125 631
1732433604175 0.53125 633
1732433604528 0.484375 635
1732433604870 0.53125 637
1732433605164 0.5625 639
1732433605478 0.46875 641
1732433605830 0.546875 643
1732433606157 0.5 645
1732433606478 0.53125 647
1732433606788 0.5625 649
1732433607115 0.515625 651
1732433607432 0.46875 653
1732433607832 0.515625 655
1732433608080 0.609375 657
1732433608302 0.46875 659
1732433608683 0.453125 661
1732433608881 0.4375 663
1732433609297 0.46875 665
1732433609494 0.390625 667
1732433609757 0.484375 669
1732433609920 0.46666666865348816 671
1732433615381 0.484375 673
1732433615953 0.515625 675
1732433616218 0.5 677
1732433616462 0.359375 679
1732433617050 0.4375 681
1732433617402 0.53125 683
1732433617775 0.4375 685
1732433618010 0.515625 687
1732433618476 0.5 689
1732433618720 0.46875 691
1732433619253 0.53125 693
1732433619714 0.59375 695
1732433619952 0.484375 697
1732433620361 0.46875 699
1732433620717 0.546875 701
1732433621062 0.5 703
1732433621367 0.515625 705
1732433621688 0.609375 707
1732433621984 0.5 709
1732433622329 0.46875 711
1732433622608 0.5625 713
1732433622903 0.515625 715
1732433623167 0.59375 717
1732433623512 0.46875 719
1732433623735 0.484375 721
1732433623963 0.515625 723
1732433624192 0.421875 725
1732433624377 0.4833333194255829 727
1732433629120 0.5 729
1732433629816 0.546875 731
1732433630091 0.46875 733
1732433630498 0.625 735
1732433631082 0.5625 737
1732433631351 0.5 739
1732433631640 0.46875 741
1732433631843 0.46875 743
1732433632274 0.5625 745
1732433632493 0.46875 747
1732433632869 0.484375 749
1732433633043 0.515625 751
1732433633439 0.515625 753
1732433633614 0.578125 755
1732433634052 0.484375 757
1732433634253 0.484375 759
1732433634611 0.515625 761
1732433634833 0.5 763
1732433635235 0.46875 765
1732433635506 0.515625 767
1732433635820 0.53125 769
1732433636081 0.515625 771
1732433636368 0.40625 773
1732433636671 0.515625 775
1732433636968 0.546875 777
1732433637216 0.5625 779
1732433637476 0.515625 781
1732433637650 0.5166666507720947 783
1732433643396 0.421875 785
1732433644128 0.5 787
1732433644414 0.609375 789
1732433644901 0.453125 791
1732433645755 0.515625 793
1732433646412 0.546875 795
1732433646756 0.578125 797
1732433647284 0.53125 799
1732433647561 0.515625 801
1732433647962 0.40625 803
1732433648306 0.484375 805
1732433648609 0.53125 807
1732433648882 0.484375 809
1732433649184 0.5 811
1732433649507 0.5 813
1732433649924 0.4375 815
1732433650146 0.53125 817
1732433650567 0.359375 819
1732433650895 0.515625 821
1732433651265 0.546875 823
1732433651570 0.5 825
1732433651947 0.421875 827
1732433652426 0.484375 829
1732433652850 0.609375 831
1732433653146 0.375 833
1732433653368 0.578125 835
1732433653685 0.515625 837
1732433653870 0.36666667461395264 839
1732433659429 0.453125 841
1732433660136 0.40625 843
1732433660434 0.546875 845
1732433660833 0.53125 847
1732433661293 0.578125 849
1732433661556 0.46875 851
1732433661815 0.46875 853
1732433662232 0.59375 855
1732433662502 0.578125 857
1732433662972 0.453125 859
1732433663225 0.484375 861
1732433663690 0.453125 863
1732433664041 0.4375 865
1732433664329 0.46875 867
1732433664720 0.515625 869
1732433664967 0.390625 871
1732433665182 0.515625 873
1732433665565 0.578125 875
1732433665769 0.5 877
1732433666075 0.46875 879
1732433666283 0.5 881
1732433666697 0.546875 883
1732433666911 0.4375 885
1732433667248 0.46875 887
1732433667434 0.46875 889
1732433667727 0.59375 891
1732433667915 0.5 893
1732433668217 0.5166666507720947 895
1732433674128 0.484375 897
1732433674908 0.546875 899
1732433675192 0.53125 901
1732433675417 0.421875 903
1732433676114 0.5625 905
1732433676585 0.46875 907
1732433676877 0.53125 909
1732433677176 0.40625 911
1732433677607 0.5 913
1732433677872 0.4375 915
1732433678310 0.453125 917
1732433678605 0.53125 919
1732433678980 0.546875 921
1732433679291 0.5 923
1732433679631 0.578125 925
1732433679947 0.53125 927
1732433680307 0.5 929
1732433680681 0.546875 931
1732433681144 0.53125 933
1732433681500 0.46875 935
1732433681824 0.46875 937
1732433682148 0.5 939
1732433682467 0.484375 941
1732433682796 0.53125 943
1732433683089 0.46875 945
1732433683392 0.46875 947
1732433683627 0.578125 949
1732433683836 0.4333333373069763 951
