1732442672116 0.0 49
1732442674354 0.0 55
1732442674394 0.0 55
1732442679465 1.0 99
1732442682181 1.0 111
1732442682206 1.0 111
1732442686722 2.0 149
1732442690007 2.0 167
1732442690028 2.0 167
1732442693756 3.0 199
1732442697889 3.0 223
1732442697915 3.0 223
1732442700934 4.0 249
1732442705727 4.0 279
1732442705752 4.0 279
1732442708148 5.0 299
1732442713456 5.0 335
1732442713479 5.0 335
1732442715393 6.0 349
1732442721252 6.0 391
1732442721271 6.0 391
1732442722314 7.0 399
1732442728844 7.0 447
1732442728869 7.0 447
1732442729419 8.0 449
1732442734690 8.0 499
1732442736578 8.0 503
1732442736602 8.0 503
1732442742101 9.0 549
1732442744585 9.0 559
1732442744610 9.0 559
1732442748956 10.0 599
1732442752206 10.0 615
1732442752232 10.0 615
1732442756184 11.0 649
1732442759946 11.0 671
1732442759967 11.0 671
1732442763164 12.0 699
1732442767633 12.0 727
1732442767655 12.0 727
1732442770326 13.0 749
1732442775258 13.0 783
1732442775280 13.0 783
1732442777300 14.0 799
1732442783206 14.0 839
1732442783227 14.0 839
1732442784593 15.0 849
1732442791025 15.0 895
1732442791049 15.0 895
1732442791672 16.0 899
1732442797029 16.0 949
1732442798638 16.0 951
1732442798661 16.0 951
1732442803941 17.0 999
1732442806258 17.0 1007
1732442806277 17.0 1007
1732442810993 18.0 1049
1732442813963 18.0 1063
1732442813985 18.0 1063
1732442818185 19.0 1099
1732442821957 19.0 1119
1732442821978 19.0 1119
