1732442666030 0.1 0
1732442674398 0.1 56
1732442682210 0.1 112
1732442690031 0.1 168
1732442697918 0.1 224
1732442705756 0.010000000000000002 280
1732442713482 0.010000000000000002 336
1732442721275 0.0010000000000000002 392
1732442728873 0.0010000000000000002 448
1732442736605 0.00010000000000000003 504
1732442744614 0.00010000000000000003 560
1732442752235 1.0000000000000004e-05 616
1732442759970 1.0000000000000004e-05 672
1732442767658 1.0000000000000004e-06 728
1732442775284 1.0000000000000004e-06 784
1732442783230 1.0000000000000005e-07 840
1732442791053 1.0000000000000005e-07 896
1732442798665 1.0000000000000005e-08 952
1732442806281 1.0000000000000005e-08 1008
1732442813989 1.0000000000000005e-08 1064
