1732442672116 1.3061683177947998 49
1732442679465 1.3686683177947998 99
1732442686722 1.5561683177947998 149
1732442693756 1.2436683177947998 199
1732442700934 1.3686683177947998 249
1732442708148 1.3686683177947998 299
1732442715393 1.1811683177947998 349
1732442722314 1.3686683177947998 399
1732442729419 1.4311683177947998 449
1732442734690 1.3686683177947998 499
1732442742101 1.1811683177947998 549
1732442748956 1.3686683177947998 599
1732442756184 1.3686683177947998 649
1732442763164 1.2436683177947998 699
1732442770326 1.3686683177947998 749
1732442777300 1.3686683177947998 799
1732442784593 1.4311683177947998 849
1732442791672 1.3686683177947998 899
1732442797029 1.3061683177947998 949
1732442803941 1.4311683177947998 999
1732442810993 1.3061683177947998 1049
1732442818185 1.1811683177947998 1099
