1732442672116 0.71875 49
1732442679465 0.6875 99
1732442686722 0.59375 149
1732442693756 0.75 199
1732442700934 0.6875 249
1732442708148 0.6875 299
1732442715393 0.78125 349
1732442722314 0.6875 399
1732442729419 0.65625 449
1732442734690 0.6875 499
1732442742101 0.78125 549
1732442748956 0.6875 599
1732442756184 0.6875 649
1732442763164 0.75 699
1732442770326 0.6875 749
1732442777300 0.6875 799
1732442784593 0.65625 849
1732442791672 0.6875 899
1732442797029 0.71875 949
1732442803941 0.65625 999
1732442810993 0.71875 1049
1732442818185 0.78125 1099
