1732442674394 0.0 55
1732442682206 6.35005721734046e-35 111
1732442690028 2.802596928649634e-45 167
1732442697915 4.203895392974451e-45 223
1732442705752 5.605193857299268e-45 279
1732442713479 7.006492321624085e-45 335
1732442721271 8.407790785948902e-45 391
1732442728869 0.0 447
1732442736602 0.0 503
1732442744610 1.2611686178923354e-44 559
1732442752232 1.401298464324817e-44 615
1732442759967 1.5414283107572988e-44 671
1732442767655 1.6815581571897805e-44 727
1732442775280 1.8216880036222622e-44 783
1732442783227 1.961817850054744e-44 839
1732442791049 2.1019476964872256e-44 895
1732442798661 2.2420775429197073e-44 951
1732442806277 2.382207389352189e-44 1007
1732442813985 2.5223372357846707e-44 1063
1732442821978 0.0 1119
