1732442674394 7.847271400218976e-44 55
1732442682206 1.5694542800437951e-43 111
1732442690028 2.3541814200656927e-43 167
1732442697915 3.1389085600875902e-43 223
1732442705752 3.923635700109488e-43 279
1732442713479 4.708362840131385e-43 335
1732442721271 5.493089980153283e-43 391
1732442728869 6.2778171201751805e-43 447
1732442736602 0.0 503
1732442744610 7.847271400218976e-43 559
1732442752232 8.631998540240873e-43 615
1732442759967 9.41672568026277e-43 671
1732442767655 1.6815581571897805e-44 727
1732442775280 1.0986179960306566e-42 783
1732442783227 1.961817850054744e-44 839
1732442791049 2.1019476964872256e-44 895
1732442798661 1.3340361380372259e-42 951
1732442806277 1.4125088520394156e-42 1007
1732442813985 1.4909815660416054e-42 1063
1732442821978 1.569454280043795e-42 1119
