1732462868325 0.0 9
1732462868604 0.0 19
1732462869421 0.0 23
1732462869599 1.0 29
1732462869881 1.0 39
1732462870132 1.0 47
1732462870203 2.0 49
1732462870476 2.0 59
1732462870757 2.0 69
1732462870865 2.0 71
1732462871135 3.0 79
1732462871417 3.0 89
1732462871615 3.0 95
1732462871741 4.0 99
1732462872010 4.0 109
1732462872273 4.0 119
1732462872317 4.0 119
1732462872597 5.0 129
1732462872871 5.0 139
1732462873017 5.0 143
1732462873191 6.0 149
1732462873456 6.0 159
1732462873706 6.0 167
1732462873780 7.0 169
1732462874103 7.0 179
1732462874393 7.0 189
1732462874489 7.0 191
1732462874715 8.0 199
1732462874998 8.0 209
1732462875252 8.0 215
1732462875393 9.0 219
1732462875675 9.0 229
1732462875941 9.0 239
1732462875989 9.0 239
1732462876336 10.0 249
1732462876628 10.0 259
1732462876774 10.0 263
1732462876969 11.0 269
1732462877262 11.0 279
1732462877517 11.0 287
1732462877590 12.0 289
1732462877882 12.0 299
1732462878213 12.0 309
1732462878313 12.0 311
1732462878548 13.0 319
1732462878888 13.0 329
1732462879119 13.0 335
1732462879249 14.0 339
1732462879515 14.0 349
1732462879790 14.0 359
1732462879832 14.0 359
1732462880150 15.0 369
1732462880433 15.0 379
1732462880579 15.0 383
1732462880763 16.0 389
1732462881034 16.0 399
1732462881295 16.0 407
1732462881367 17.0 409
1732462881635 17.0 419
1732462881902 17.0 429
1732462882001 17.0 431
1732462882234 18.0 439
1732462882500 18.0 449
1732462882701 18.0 455
1732462882829 19.0 459
1732462883096 19.0 469
1732462883361 19.0 479
1732462883404 19.0 479
1732462883689 20.0 489
1732462883959 20.0 499
1732462884107 20.0 503
1732462884295 21.0 509
1732462884562 21.0 519
1732462884813 21.0 527
1732462884886 22.0 529
1732462885161 22.0 539
1732462885424 22.0 549
1732462885520 22.0 551
1732462885776 23.0 559
1732462886055 23.0 569
1732462886257 23.0 575
1732462886386 24.0 579
1732462886693 24.0 589
1732462886964 24.0 599
1732462887008 24.0 599
1732462887307 25.0 609
1732462887602 25.0 619
1732462887753 25.0 623
1732462887949 26.0 629
1732462888246 26.0 639
1732462888500 26.0 647
1732462888571 27.0 649
1732462888879 27.0 659
1732462889153 27.0 669
1732462889249 27.0 671
1732462889505 28.0 679
1732462889789 28.0 689
1732462890000 28.0 695
1732462890138 29.0 699
1732462890427 29.0 709
1732462890732 29.0 719
1732462890777 29.0 719
1732462891062 30.0 729
1732462891371 30.0 739
1732462891521 30.0 743
1732462891720 31.0 749
1732462892033 31.0 759
1732462892314 31.0 767
1732462892391 32.0 769
1732462892722 32.0 779
1732462893048 32.0 789
1732462893177 32.0 791
1732462893435 33.0 799
1732462893745 33.0 809
1732462893977 33.0 815
1732462894116 34.0 819
1732462894426 34.0 829
1732462894708 34.0 839
1732462894751 34.0 839
1732462895062 35.0 849
1732462895338 35.0 859
1732462895485 35.0 863
1732462895660 36.0 869
1732462895925 36.0 879
1732462896178 36.0 887
1732462896252 37.0 889
1732462896527 37.0 899
1732462896795 37.0 909
1732462896890 37.0 911
1732462897121 38.0 919
1732462897386 38.0 929
1732462897591 38.0 935
1732462897718 39.0 939
1732462897987 39.0 949
1732462898254 39.0 959
1732462898300 39.0 959
1732462898595 40.0 969
1732462898864 40.0 979
1732462899021 40.0 983
1732462899220 41.0 989
1732462899496 41.0 999
1732462899772 41.0 1007
1732462899844 42.0 1009
1732462900123 42.0 1019
1732462900392 42.0 1029
1732462900487 42.0 1031
1732462900725 43.0 1039
1732462900997 43.0 1049
1732462901193 43.0 1055
1732462901316 44.0 1059
1732462901589 44.0 1069
1732462901862 44.0 1079
1732462901908 44.0 1079
1732462902191 45.0 1089
1732462902455 45.0 1099
1732462902602 45.0 1103
1732462902782 46.0 1109
1732462903052 46.0 1119
1732462903305 46.0 1127
1732462903377 47.0 1129
1732462903649 47.0 1139
1732462903915 47.0 1149
1732462904012 47.0 1151
1732462904244 48.0 1159
1732462904525 48.0 1169
1732462904725 48.0 1175
1732462904854 49.0 1179
1732462905135 49.0 1189
1732462905429 49.0 1199
1732462905474 49.0 1199
