1732462867152 0.1 0
1732462869425 0.1 24
1732462870136 0.1 48
1732462870869 0.1 72
1732462871619 0.1 96
1732462872320 0.010000000000000002 120
1732462873021 0.010000000000000002 144
1732462873710 0.010000000000000002 168
1732462874493 0.0010000000000000002 192
1732462875256 0.0010000000000000002 216
1732462875993 0.0010000000000000002 240
1732462876778 0.0010000000000000002 264
1732462877520 0.0010000000000000002 288
1732462878316 0.00010000000000000003 312
1732462879123 0.00010000000000000003 336
1732462879835 0.00010000000000000003 360
1732462880583 1.0000000000000004e-05 384
1732462881298 1.0000000000000004e-05 408
1732462882004 1.0000000000000004e-05 432
1732462882704 1.0000000000000004e-06 456
1732462883408 1.0000000000000004e-06 480
1732462884110 1.0000000000000004e-06 504
1732462884817 1.0000000000000005e-07 528
1732462885523 1.0000000000000005e-07 552
1732462886260 1.0000000000000005e-07 576
1732462887011 1.0000000000000005e-08 600
1732462887756 1.0000000000000005e-08 624
1732462888503 1.0000000000000005e-08 648
1732462889253 1.0000000000000005e-08 672
1732462890004 1.0000000000000005e-08 696
1732462890781 1.0000000000000005e-08 720
1732462891526 1.0000000000000005e-08 744
1732462892318 1.0000000000000005e-08 768
1732462893180 1.0000000000000005e-08 792
1732462893981 1.0000000000000005e-08 816
1732462894755 1.0000000000000005e-08 840
1732462895488 1.0000000000000005e-08 864
1732462896181 1.0000000000000005e-08 888
1732462896894 1.0000000000000005e-08 912
1732462897595 1.0000000000000005e-08 936
1732462898304 1.0000000000000005e-08 960
1732462899024 1.0000000000000005e-08 984
1732462899775 1.0000000000000005e-08 1008
1732462900490 1.0000000000000005e-08 1032
1732462901197 1.0000000000000005e-08 1056
1732462901911 1.0000000000000005e-08 1080
1732462902605 1.0000000000000005e-08 1104
1732462903309 1.0000000000000005e-08 1128
1732462904016 1.0000000000000005e-08 1152
1732462904728 1.0000000000000005e-08 1176
