1732462869421 0.0 23
1732462870132 0.0 47
1732462870865 2.802596928649634e-45 71
1732462871615 0.0 95
1732462872317 0.0 119
1732462873017 122161.75 143
1732462873706 7.006492321624085e-45 167
1732462874489 130084895719424.0 191
1732462875252 0.0 215
1732462875989 1.7357416095794068e-15 239
1732462876774 1.7287468115009808e-15 263
1732462877517 0.0 287
1732462878313 0.0 311
1732462879119 0.0 335
1732462879832 130132140359680.0 359
1732462880579 0.0 383
1732462881295 0.0 407
1732462882001 0.0 431
1732462882701 0.0 455
1732462883404 2.6624670822171524e-44 479
1732462884107 0.0 503
1732462884813 0.0 527
1732462885520 0.0 551
1732462886257 0.0 575
1732462887008 3.363116314379561e-44 599
1732462887753 0.0 623
1732462888500 1.7287468115009808e-15 647
1732462889249 0.0 671
1732462890000 0.0 695
1732462890777 4.0637655465419695e-44 719
1732462891521 129934571864064.0 743
1732462892314 4.344025239406933e-44 767
1732462893177 4.484155085839415e-44 791
1732462893977 0.0 815
1732462894751 4.764414778704378e-44 839
1732462895485 0.0 863
1732462896178 3555.6484375 887
1732462896890 130132140359680.0 911
1732462897591 0.0 935
1732462898300 0.0 959
1732462899021 0.0 983
1732462899772 0.0 1007
1732462900487 0.0 1031
1732462901193 1.7287468115009808e-15 1055
1732462901908 0.0 1079
1732462902602 7.006492321624085e-45 1103
1732462903305 0.0 1127
1732462904012 123534802157568.0 1151
1732462904725 0.0 1175
1732462905474 0.0 1199
