1732462869421 135555341877248.0 23
1732462870132 1.401298464324817e-45 47
1732462870865 1.0089348943138683e-43 71
1732462871615 1.3452465257518244e-43 95
1732462872317 1.6815581571897805e-43 119
1732462873017 2.0178697886277366e-43 143
1732462873706 8.407790785948902e-45 167
1732462874489 2.6904930515036488e-43 191
1732462875252 3.026804682941605e-43 215
1732462875989 0.0 239
1732462876774 3.699427945817517e-43 263
1732462877517 4.035739577255473e-43 287
1732462878313 4.372051208693429e-43 311
1732462879119 4.708362840131385e-43 335
1732462879832 130084895719424.0 359
1732462880579 5.3809861030072976e-43 383
1732462881295 5.717297734445254e-43 407
1732462882001 6.05360936588321e-43 431
1732462882701 6.389920997321166e-43 455
1732462883404 6.726232628759122e-43 479
1732462884107 7.062544260197078e-43 503
1732462884813 7.398855891635034e-43 527
1732462885520 7.73516752307299e-43 551
1732462886257 8.071479154510946e-43 575
1732462887008 8.407790785948902e-43 599
1732462887753 8.744102417386859e-43 623
1732462888500 9.080414048824815e-43 647
1732462889249 9.41672568026277e-43 671
1732462890000 3.923635700109488e-44 695
1732462890777 1.0089348943138683e-42 719
1732462891521 1.0425660574576639e-42 743
1732462892314 1.0761972206014595e-42 767
1732462893177 1.1098283837452551e-42 791
1732462893977 4.624284932271896e-44 815
1732462894751 1.1770907100328463e-42 839
1732462895485 1.210721873176642e-42 863
1732462896178 1.2443530363204376e-42 887
1732462896890 1.2779841994642332e-42 911
1732462897591 1.3116153626080288e-42 935
1732462898300 1.3452465257518244e-42 959
1732462899021 1.37887768889562e-42 983
1732462899772 1.4125088520394156e-42 1007
1732462900487 1.4461400151832112e-42 1031
1732462901193 1.4797711783270068e-42 1055
1732462901908 1.5134023414708024e-42 1079
1732462902602 1.547033504614598e-42 1103
1732462903305 1.5806646677583937e-42 1127
1732462904012 1.6142958309021893e-42 1151
1732462904725 1.647926994045985e-42 1175
1732462905474 1.7214572459569102e-15 1199
