1732462869421 0.0 23
1732462870132 0.0 47
1732462870865 123534802157568.0 71
1732462871615 0.0 95
1732462872317 1.754688042543591e-15 119
1732462873017 0.0 143
1732462873706 7.006492321624085e-45 167
1732462874489 130132140359680.0 191
1732462875252 0.0 215
1732462875989 0.0 239
1732462876774 1.7465954897655234e-15 263
1732462877517 0.0 287
1732462878313 1.6867712467668466e-15 311
1732462879119 0.0 335
1732462879832 130084895719424.0 359
1732462880579 7.006492321624085e-45 383
1732462881295 0.0 407
1732462882001 122161.75 431
1732462882701 0.0 455
1732462883404 1.7287468115009808e-15 479
1732462884107 120412.75 503
1732462884813 0.0 527
1732462885520 7.006492321624085e-45 551
1732462886257 0.0 575
1732462887008 0.0 599
1732462887753 120412.75 623
1732462888500 1.7465954897655234e-15 647
1732462889249 122161.75 671
1732462890000 0.0 695
1732462890777 1.0089348943138683e-42 719
1732462891521 130132140359680.0 743
1732462892314 1.0761972206014595e-42 767
1732462893177 0.0 791
1732462893977 0.0 815
1732462894751 1.1770907100328463e-42 839
1732462895485 7.006492321624085e-45 863
1732462896178 0.0 887
1732462896890 130084895719424.0 911
1732462897591 123534802157568.0 935
1732462898300 1.6867712467668466e-15 959
1732462899021 0.0 983
1732462899772 0.0 1007
1732462900487 0.0 1031
1732462901193 1.7465954897655234e-15 1055
1732462901908 0.0 1079
1732462902602 0.0 1103
1732462903305 123534802157568.0 1127
1732462904012 0.0 1151
1732462904725 0.0 1175
1732462905474 1.7214572459569102e-15 1199
