1732462868325 0.0 9
1732462868604 0.59375 19
1732462869599 0.375 29
1732462869881 0.0 39
1732462870203 0.0 49
1732462870476 0.0 59
1732462870757 0.0 69
1732462871135 0.09375 79
1732462871417 0.0 89
1732462871741 0.0 99
1732462872010 0.0 109
1732462872273 0.0 119
1732462872597 0.0 129
1732462872871 0.0 139
1732462873191 0.0 149
1732462873456 0.0 159
1732462873780 0.0 169
1732462874103 0.0 179
1732462874393 0.0 189
1732462874715 0.0 199
1732462874998 0.0 209
1732462875393 0.0 219
1732462875675 0.0 229
1732462875941 0.0 239
1732462876336 0.0 249
1732462876628 0.0 259
1732462876969 0.0 269
1732462877262 0.0 279
1732462877590 0.0 289
1732462877882 0.0 299
1732462878213 0.0 309
1732462878548 0.0 319
1732462878888 0.0 329
1732462879249 0.0 339
1732462879515 0.0 349
1732462879790 0.0 359
1732462880150 0.0 369
1732462880433 0.0 379
1732462880763 0.0 389
1732462881034 0.0 399
1732462881367 0.0 409
1732462881635 0.0 419
1732462881902 0.0 429
1732462882234 0.0 439
1732462882500 0.0 449
1732462882829 0.0 459
1732462883096 0.0 469
1732462883361 0.0 479
1732462883689 0.0 489
1732462883959 0.0 499
1732462884295 0.046875 509
1732462884562 0.0 519
1732462884886 0.0 529
1732462885161 0.0 539
1732462885424 0.0 549
1732462885776 0.0 559
1732462886055 0.0 569
1732462886386 0.0 579
1732462886693 0.0 589
1732462886964 0.0 599
1732462887307 0.0 609
1732462887602 0.0 619
1732462887949 0.0 629
1732462888246 0.0 639
1732462888571 0.0 649
1732462888879 0.0 659
1732462889153 0.0 669
1732462889505 0.0 679
1732462889789 0.0 689
1732462890138 0.0 699
1732462890427 0.0625 709
1732462890732 0.0 719
1732462891062 0.0 729
1732462891371 0.0 739
1732462891720 0.0 749
1732462892033 0.0 759
1732462892391 0.0 769
1732462892722 0.0 779
1732462893048 0.0 789
1732462893435 0.0 799
1732462893745 0.0 809
1732462894116 0.0 819
1732462894426 0.0 829
1732462894708 0.0 839
1732462895062 0.0 849
1732462895338 0.0 859
1732462895660 0.03125 869
1732462895925 0.0 879
1732462896252 0.0 889
1732462896527 0.0 899
1732462896795 0.0 909
1732462897121 0.0 919
1732462897386 0.046875 929
1732462897718 0.0 939
1732462897987 0.0 949
1732462898254 0.0 959
1732462898595 0.0 969
1732462898864 0.0 979
1732462899220 0.0 989
1732462899496 0.0 999
1732462899844 0.0 1009
1732462900123 0.0 1019
1732462900392 0.0 1029
1732462900725 0.0 1039
1732462900997 0.0 1049
1732462901316 0.0 1059
1732462901589 0.0 1069
1732462901862 0.0 1079
1732462902191 0.0 1089
1732462902455 0.0 1099
1732462902782 0.0 1109
1732462903052 0.0 1119
1732462903377 0.0 1129
1732462903649 0.0 1139
1732462903915 0.0 1149
1732462904244 0.0 1159
1732462904525 0.0 1169
1732462904854 0.0 1179
1732462905135 0.0 1189
1732462905429 0.0 1199
