1732462868325 1.4491429328918457 9
1732462868604 1.1509063243865967 19
1732462869599 1.146346926689148 29
1732462869881 1.2646156549453735 39
1732462870203 1.4025883674621582 49
1732462870476 1.4208958148956299 59
1732462870757 1.3581366539001465 69
1732462871135 1.3550313711166382 79
1732462871417 1.4209654331207275 89
1732462871741 1.3743363618850708 99
1732462872010 1.337956190109253 109
1732462872273 1.3057655096054077 119
1732462872597 1.373194694519043 129
1732462872871 1.3386470079421997 139
1732462873191 1.337670087814331 149
1732462873456 1.3250285387039185 159
1732462873780 1.228983998298645 169
1732462874103 1.3507721424102783 179
1732462874393 1.3611558675765991 189
1732462874715 1.2722716331481934 199
1732462874998 1.3000342845916748 209
1732462875393 1.3897442817687988 219
1732462875675 1.3677005767822266 229
1732462875941 1.2117637395858765 239
1732462876336 1.336035132408142 249
1732462876628 1.2865564823150635 259
1732462876969 1.391618013381958 269
1732462877262 1.306642770767212 279
1732462877590 1.3562021255493164 289
1732462877882 1.3214504718780518 299
1732462878213 1.3253024816513062 309
1732462878548 1.363940715789795 319
1732462878888 1.30326247215271 329
1732462879249 1.3642350435256958 339
1732462879515 1.3235886096954346 349
1732462879790 1.3299506902694702 359
1732462880150 1.2620482444763184 369
1732462880433 1.3567914962768555 379
1732462880763 1.2752058506011963 389
1732462881034 1.3421955108642578 399
1732462881367 1.3232862949371338 409
1732462881635 1.3327510356903076 419
1732462881902 1.3398985862731934 429
1732462882234 1.4214842319488525 439
1732462882500 1.4031779766082764 449
1732462882829 1.4229241609573364 459
1732462883096 1.327019453048706 469
1732462883361 1.4000064134597778 479
1732462883689 1.353358268737793 489
1732462883959 1.3899974822998047 499
1732462884295 1.3887698650360107 509
1732462884562 1.3493423461914062 519
1732462884886 1.329318642616272 529
1732462885161 1.3347474336624146 539
1732462885424 1.345630407333374 549
1732462885776 1.3270196914672852 559
1732462886055 1.3736857175827026 569
1732462886386 1.358508586883545 579
1732462886693 1.478453278541565 589
1732462886964 1.2286999225616455 599
1732462887307 1.3195703029632568 609
1732462887602 1.3161365985870361 619
1732462887949 1.3470432758331299 629
1732462888246 1.3771193027496338 639
1732462888571 1.347625494003296 649
1732462888879 1.358508586883545 659
1732462889153 1.4134547710418701 669
1732462889505 1.3361856937408447 679
1732462889789 1.373103380203247 689
1732462890138 1.3713866472244263 699
1732462890427 1.3358190059661865 709
1732462890732 1.2378720045089722 719
1732462891062 1.3235859870910645 729
1732462891371 1.3066918849945068 739
1732462891720 1.3562095165252686 749
1732462892033 1.3991637229919434 759
1732462892391 1.397446870803833 769
1732462892722 1.3802490234375 779
1732462893048 1.397446870803833 789
1732462893435 1.2771981954574585 799
1732462893745 1.3788360357284546 809
1732462894116 1.3416144847869873 819
1732462894426 1.3659578561782837 829
1732462894708 1.2612239122390747 839
1732462895062 1.288081169128418 849
1732462895338 1.410325050354004 859
1732462895660 1.3459203243255615 869
1732462895925 1.4249199628829956 879
1732462896252 1.3899974822998047 889
1732462896527 1.347625494003296 899
1732462896795 1.3381810188293457 909
1732462897121 1.282930850982666 919
1732462897386 1.3409693241119385 929
1732462897718 1.3805527687072754 939
1732462897987 1.3696699142456055 949
1732462898254 1.3858264684677124 959
1732462898595 1.266036868095398 969
1732462898864 1.288081169128418 979
1732462899220 1.3608075380325317 989
1732462899496 1.2545716762542725 999
1732462899844 1.3089909553527832 1009
1732462900123 1.3788360357284546 1019
1732462900392 1.3253028392791748 1029
1732462900725 1.4237854480743408 1039
1732462900997 1.4086081981658936 1049
1732462901316 1.3444957733154297 1059
1732462901589 1.317853331565857 1069
1732462901862 1.258476972579956 1079
1732462902191 1.2514419555664062 1089
1732462902455 1.334747314453125 1099
1732462902782 1.3842648267745972 1109
1732462903052 1.358508586883545 1119
1732462903377 1.3567917346954346 1129
1732462903649 1.3696699142456055 1139
1732462903915 1.3599214553833008 1149
1732462904244 1.3433313369750977 1159
1732462904525 1.3527758121490479 1169
1732462904854 1.3195700645446777 1179
1732462905135 1.2863644361495972 1189
1732462905429 1.3803328275680542 1199
