1732450972889 1.4311683177947998 9
1732450978165 1.6186683177947998 19
1732450987787 1.5561683177947998 29
1732450993536 1.6186683177947998 39
1732451002802 1.4311683177947998 49
1732451008347 1.5561681985855103 59
1732451014304 1.4311683177947998 69
1732451022838 1.5561683177947998 79
1732451028543 1.3061683177947998 89
1732451037546 1.4311683177947998 99
1732451043600 1.3686683177947998 109
1732451049401 1.3436682224273682 119
1732451058820 1.4936683177947998 129
1732451064174 1.6186683177947998 139
1732451073490 1.6811683177947998 149
1732451079274 1.3686683177947998 159
1732451088145 1.3686683177947998 169
1732451093924 1.6186681985855103 179
1732451099987 1.3061683177947998 189
