1732430896635 1.3884267807006836 0
1732430896849 1.3866537809371948 1
1732430896905 1.3762269020080566 2
1732430896959 1.3679817914962769 3
1732430897104 1.340201735496521 4
1732430897154 1.3942463397979736 5
1732430897207 1.315156102180481 6
1732430897261 1.322590947151184 7
1732430897477 1.3341891765594482 8
1732430897524 1.2559044361114502 9
1732430897593 1.3183131217956543 10
1732430897638 1.3195643424987793 11
1732430897846 1.3449019193649292 12
1732430897902 1.3827884197235107 13
1732430897981 1.4617186784744263 14
1732430898026 1.191943883895874 15
1732430898262 1.1845201253890991 16
1732430898310 1.3923301696777344 17
1732430898359 1.257662296295166 18
1732430898409 1.3527982234954834 19
1732430898591 1.3931673765182495 20
1732430898641 1.2560582160949707 21
1732430898740 1.257906436920166 22
1732430898784 1.3528454303741455 23
1732430898934 1.4931631088256836 24
1732430898981 1.2043434381484985 25
1732430899082 1.4056155681610107 26
1732430899127 1.4011411666870117 27
1732430899286 1.154931902885437 28
1732430899330 1.3003530502319336 29
1732430899470 1.0930243730545044 30
1732430899515 1.3504071235656738 31
1732430899587 1.345471739768982 32
1732430899683 1.29792058467865 33
1732430899840 1.2846025228500366 34
1732430899886 1.3344383239746094 35
1732430899953 1.395086646080017 36
1732430900043 1.2800265550613403 37
1732430900268 1.5490796566009521 38
1732430900312 1.2726550102233887 39
1732430900360 1.3760578632354736 40
1732430900431 1.2113094329833984 41
1732430900593 1.3179351091384888 42
1732430900642 1.0824064016342163 43
1732430900690 1.121358036994934 44
1732430900759 1.3682036399841309 45
1732430900914 1.1335365772247314 46
1732430900957 1.191368818283081 47
1732430901060 1.1619046926498413 48
1732430901104 1.4529995918273926 49
1732430901334 1.124291181564331 50
1732430901387 1.3922746181488037 51
1732430901436 1.124710202217102 52
1732430901482 1.2964587211608887 53
1732430901701 1.1813961267471313 54
1732430901764 1.1195695400238037 55
