1732430896861 0.0 1
1732430896971 0.0 3
1732430897167 0.0 5
1732430897270 0.0 7
1732430897539 0.0 9
1732430897652 0.0 11
1732430897916 0.0 13
1732430898038 0.0 15
1732430898322 0.0 17
1732430898419 0.0 19
1732430898653 0.0 21
1732430898795 0.0 23
1732430898993 0.0 25
1732430899142 0.0 27
1732430899342 0.0 29
1732430899527 0.0 31
1732430899695 0.0 33
1732430899899 0.0 35
1732430900053 0.0 37
1732430900324 0.0 39
1732430900445 0.0 41
1732430900654 0.0 43
1732430900771 0.015625 45
1732430900968 0.03125 47
1732430901117 0.03125 49
1732430901397 0.03125 51
1732430901495 0.046875 53
1732430901796 0.0833333358168602 55
