1732383822151 0.0 1
1732383822214 0.0 3
1732383822271 0.0 5
1732383822329 0.0 7
1732383822416 0.0 9
1732383822472 0.0 11
1732383822574 0.0 13
1732383822735 0.0 15
1732383822921 0.0 17
1732383823000 0.0 19
1732383823160 0.0 21
1732383823331 0.0 23
1732383823393 0.0 25
1732383823459 0.0 27
1732383823637 0.0 29
1732383823694 0.0 31
1732383823786 0.0 33
1732383823940 0.0 35
1732383824002 0.0 37
1732383824067 0.0 39
1732383824309 0.0 41
1732383824369 0.0 43
1732383824635 0.0 45
1732383824696 0.0 47
1732383824758 0.0 49
1732383824822 0.0 51
1732383825004 0.0 53
1732383825061 0.0 55
1732383825116 0.0 57
1732383825352 0.0 59
1732383825413 0.0 61
1732383825651 0.0 63
1732383825709 0.0 65
1732383825800 0.0 67
1732383825882 0.0 69
1732383825960 0.0 71
1732383826195 0.0 73
1732383826253 0.0 75
1732383826333 0.0 77
1732383826385 0.0 79
1732383826573 0.0 81
1732383826635 0.0 83
1732383826860 0.0 85
1732383826918 0.0 87
1732383827093 0.0 89
1732383827168 0.0 91
1732383827281 0.0 93
1732383827332 0.0 95
1732383827599 0.0 97
1732383827657 0.0 99
1732383827872 0.0 101
1732383827937 0.0 103
1732383828131 0.0 105
1732383828184 0.0 107
1732383828401 0.0 109
1732383828460 0.0 111
1732383828544 0.0 113
1732383828604 0.0 115
1732383828707 0.0 117
1732383828792 0.0 119
1732383829013 0.0 121
1732383829096 0.0 123
1732383829188 0.0 125
1732383829247 0.0 127
1732383829474 0.0 129
1732383829530 0.0 131
1732383829760 0.0 133
1732383829820 0.0 135
1732383829981 0.0 137
1732383830041 0.0 139
1732383830206 0.0 141
1732383830262 0.0 143
1732383830495 0.0 145
1732383830561 0.0 147
1732383830748 0.0 149
1732383830806 0.0 151
1732383830861 0.0 153
1732383830919 0.0 155
1732383830972 0.0 157
