1732383821625 1.3777104616165161 0
1732383822139 1.232035756111145 0
1732383822172 1.0948561429977417 0
1732383822205 1.5495681762695312 0
1732383822236 1.5246740579605103 0
1732383822262 1.468717336654663 0
1732383822291 1.8535453081130981 0
1732383822318 1.9333772659301758 0
1732383822349 1.8540973663330078 0
1732383822405 0.867342472076416 0
1732383822436 1.8045625686645508 0
1732383822463 0.8876393437385559 0
1732383822527 1.2951785326004028 0
1732383822563 1.2829508781433105 0
1732383822626 1.6921483278274536 0
1732383822724 2.0757203102111816 0
1732383822882 1.6257503032684326 0
1732383822910 0.9988674521446228 0
1732383822962 1.0151234865188599 0
1732383822991 1.0165456533432007 0
1732383823123 1.005125641822815 0
1732383823150 0.9828530550003052 0
1732383823290 2.108107566833496 0
1732383823320 1.504777431488037 0
1732383823355 0.9171870350837708 0
1732383823382 2.0832526683807373 0
1732383823419 0.882562518119812 0
1732383823448 0.8611258268356323 0
1732383823600 1.5648484230041504 0
1732383823628 1.5877611637115479 0
1732383823658 1.5871604681015015 0
1732383823684 1.5558829307556152 0
1732383823719 0.8157256245613098 0
1732383823752 0.8138409852981567 0
1732383823822 1.5718975067138672 0
1732383823928 1.5623912811279297 0
1732383823962 0.8065370321273804 0
1732383823991 1.5737667083740234 0
1732383824025 0.8066661953926086 0
1732383824057 1.5669631958007812 0
1732383824270 2.1509881019592285 0
1732383824298 1.5324199199676514 0
1732383824332 1.50730299949646 0
1732383824358 1.4933078289031982 0
1732383824600 1.4623596668243408 0
1732383824626 1.4436601400375366 0
1732383824658 1.4157429933547974 0
1732383824685 1.3745639324188232 0
1732383824717 1.3224912881851196 0
1732383824747 2.187148332595825 0
1732383824781 2.173593044281006 0
1732383824811 1.328776240348816 0
1732383824965 2.105217456817627 0
1732383824993 1.287106990814209 0
1732383825026 1.3077365159988403 0
1732383825052 1.3563251495361328 0
1732383825082 1.3731186389923096 0
1732383825108 1.372363805770874 0
1732383825316 1.1448684930801392 0
1732383825343 1.1461310386657715 0
1732383825376 1.3464102745056152 0
1732383825404 1.128599762916565 0
1732383825612 1.3215919733047485 0
1732383825640 1.3933161497116089 0
1732383825672 1.4026983976364136 0
1732383825698 1.3936140537261963 0
1732383825763 1.2751529216766357 0
1732383825791 1.1378263235092163 0
1732383825820 2.014863967895508 0
1732383825871 1.1485509872436523 0
1732383825925 1.3434467315673828 0
1732383825951 1.2626451253890991 0
1732383825981 1.2566072940826416 0
1732383826186 1.236701488494873 0
1732383826217 1.2048418521881104 0
1732383826244 1.2070602178573608 0
1732383826275 1.2148743867874146 0
1732383826322 1.3855164051055908 0
1732383826352 1.3892990350723267 0
1732383826377 1.2134833335876465 0
1732383826404 1.3692117929458618 0
1732383826562 1.110077142715454 0
1732383826598 2.2377777099609375 0
1732383826625 1.1066490411758423 0
1732383826655 1.322689175605774 0
1732383826849 1.252138614654541 0
1732383826879 1.2954459190368652 0
1732383826906 1.2708559036254883 0
1732383826939 1.2784250974655151 0
1732383827080 1.1407438516616821 0
1732383827130 1.1896984577178955 0
1732383827157 2.318601608276367 0
1732383827187 1.305802822113037 0
1732383827270 1.12429940700531 0
1732383827301 1.0988702774047852 0
1732383827324 1.2523061037063599 0
1732383827388 1.3326513767242432 0
1732383827588 2.3071999549865723 0
1732383827619 1.3018230199813843 0
1732383827645 1.3029100894927979 0
1732383827705 2.2499637603759766 0
1732383827860 1.3608834743499756 0
1732383827894 1.053826928138733 0
1732383827925 2.1466150283813477 0
1732383827957 1.0659162998199463 0
1732383828121 1.060791254043579 0
1732383828150 1.3941121101379395 0
1732383828176 1.0357816219329834 0
1732383828204 1.3703038692474365 0
1732383828390 1.0065804719924927 0
1732383828422 1.43037748336792 0
1732383828449 1.428813099861145 0
1732383828479 1.9693303108215332 0
1732383828535 0.9759384393692017 0
1732383828567 1.3918251991271973 0
1732383828593 0.9689081311225891 0
1732383828671 1.917145013809204 0
1732383828699 1.580486536026001 0
1732383828727 0.9598450660705566 0
1732383828782 1.8519835472106934 0
1732383828899 1.625046968460083 0
1732383829002 1.7829365730285645 0
1732383829044 1.6216235160827637 0
1732383829084 1.6031385660171509 0
1732383829148 1.0146015882492065 0
1732383829177 1.0243678092956543 0
1732383829208 1.4960490465164185 0
1732383829236 1.025607705116272 0
1732383829372 1.5161559581756592 0
1732383829462 1.4960064888000488 0
1732383829496 1.5594284534454346 0
1732383829521 1.5583889484405518 0
1732383829551 1.538823127746582 0
1732383829748 1.6676690578460693 0
1732383829781 1.102759838104248 0
1732383829809 1.6629970073699951 0
1732383829840 1.6413061618804932 0
1732383829969 1.4411481618881226 0
1732383830001 1.4143013954162598 0
1732383830030 1.2137261629104614 0
1732383830061 1.4124596118927002 0
1732383830198 1.5231654644012451 0
1732383830225 1.2687568664550781 0
1732383830252 1.4138901233673096 0
1732383830283 1.3944213390350342 0
1732383830483 1.4644361734390259 0
1732383830520 1.3215543031692505 0
1732383830548 1.3776957988739014 0
1732383830582 1.4335325956344604 0
1732383830737 1.3448278903961182 0
1732383830771 1.4278500080108643 0
1732383830797 1.3420244455337524 0
1732383830825 1.3278005123138428 0
1732383830852 1.3784873485565186 0
1732383830882 1.4841892719268799 0
1732383830908 1.2669012546539307 0
1732383830940 1.4500393867492676 0
1732383830964 1.3966418504714966 0
1732383831030 1.5136531591415405 0
1732383831131 1.5079832077026367 0
