1732465630755 0.0 9
1732465637731 0.0 14
1732465637846 0.0 14
1732465643874 1.0 19
1732465655199 1.0 29
1732465656201 1.0 29
1732465656312 1.0 29
1732465668349 2.0 39
1732465674665 2.0 44
1732465674770 2.0 44
1732465680819 3.0 49
1732465692208 3.0 59
1732465693239 3.0 59
1732465693352 3.0 59
1732465705381 4.0 69
1732465711681 4.0 74
1732465711789 4.0 74
1732465717809 5.0 79
1732465729173 5.0 89
1732465730185 5.0 89
1732465730298 5.0 89
1732465742377 6.0 99
1732465748716 6.0 104
1732465748825 6.0 104
1732465754873 7.0 109
1732465766190 7.0 119
1732465767209 7.0 119
1732465767320 7.0 119
1732465779295 8.0 129
1732465785576 8.0 134
1732465785685 8.0 134
1732465791666 9.0 139
1732465802950 9.0 149
1732465803965 9.0 149
1732465804084 9.0 149
1732465816198 10.0 159
1732465822485 10.0 164
1732465822591 10.0 164
1732465828621 11.0 169
1732465840000 11.0 179
1732465841025 11.0 179
1732465841127 11.0 179
1732465853164 12.0 189
1732465859501 12.0 194
1732465859611 12.0 194
1732465865612 13.0 199
1732465876880 13.0 209
1732465877894 13.0 209
1732465878006 13.0 209
1732465890005 14.0 219
1732465896292 14.0 224
1732465896408 14.0 224
1732465902415 15.0 229
1732465913709 15.0 239
1732465914728 15.0 239
1732465914837 15.0 239
1732465926822 16.0 249
1732465933146 16.0 254
1732465933253 16.0 254
1732465939259 17.0 259
1732465950564 17.0 269
1732465951585 17.0 269
1732465951699 17.0 269
1732465963732 18.0 279
1732465970050 18.0 284
1732465970158 18.0 284
1732465976207 19.0 289
1732465987546 19.0 299
1732465988573 19.0 299
1732465988687 19.0 299
1732466000709 20.0 309
1732466007544 20.0 314
1732466007665 20.0 314
1732466014091 21.0 319
1732466026944 21.0 329
1732466028217 21.0 329
1732466028343 21.0 329
1732466042813 22.0 339
1732466051014 22.0 344
1732466051173 22.0 344
1732466061827 23.0 349
1732466079626 23.0 359
1732466081495 23.0 359
1732466081697 23.0 359
1732466103286 24.0 369
1732466114293 24.0 374
1732466114491 24.0 374
1732466124272 25.0 379
1732466140365 25.0 389
1732466141968 25.0 389
1732466142150 25.0 389
1732466156898 26.0 399
1732466164454 26.0 404
1732466164620 26.0 404
1732466171640 27.0 409
1732466183970 27.0 419
1732466185187 27.0 419
1732466185337 27.0 419
1732466198225 28.0 429
1732466204697 28.0 434
1732466204813 28.0 434
1732466210870 29.0 439
1732466222201 29.0 449
1732466223210 29.0 449
1732466223319 29.0 449
1732466235271 30.0 459
1732466241580 30.0 464
1732466241688 30.0 464
1732466247657 31.0 469
1732466258914 31.0 479
1732466259929 31.0 479
1732466260036 31.0 479
1732466271995 32.0 489
1732466278264 32.0 494
1732466278372 32.0 494
1732466284358 33.0 499
1732466295611 33.0 509
1732466296621 33.0 509
1732466296729 33.0 509
1732466308674 34.0 519
1732466314941 34.0 524
1732466315054 34.0 524
1732466321030 35.0 529
1732466332277 35.0 539
1732466333291 35.0 539
1732466333402 35.0 539
1732466345368 36.0 549
1732466351640 36.0 554
1732466351750 36.0 554
1732466357735 37.0 559
1732466368972 37.0 569
1732466369989 37.0 569
1732466370101 37.0 569
1732466382034 38.0 579
1732466388306 38.0 584
1732466388414 38.0 584
1732466394400 39.0 589
1732466405639 39.0 599
1732466406636 39.0 599
1732466406742 39.0 599
1732466418668 40.0 609
1732466424944 40.0 614
1732466425049 40.0 614
1732466431060 41.0 619
1732466442317 41.0 629
1732466443328 41.0 629
1732466443435 41.0 629
1732466455508 42.0 639
1732466461807 42.0 644
1732466461912 42.0 644
1732466467943 43.0 649
1732466479236 43.0 659
1732466480257 43.0 659
1732466480370 43.0 659
1732466492418 44.0 669
1732466498753 44.0 674
1732466498859 44.0 674
1732466504890 45.0 679
1732466516225 45.0 689
1732466517242 45.0 689
1732466517353 45.0 689
1732466529445 46.0 699
1732466535711 46.0 704
1732466535821 46.0 704
1732466541839 47.0 709
1732466553168 47.0 719
1732466554199 47.0 719
1732466554308 47.0 719
1732466566264 48.0 729
1732466572552 48.0 734
1732466572662 48.0 734
1732466578660 49.0 739
1732466589923 49.0 749
1732466590947 49.0 749
1732466591059 49.0 749
