1732465618512 0.1 0
1732465637849 0.1 15
1732465656316 0.1 30
1732465674773 0.1 45
1732465693355 0.1 60
1732465711792 0.1 75
1732465730302 0.1 90
1732465748828 0.1 105
1732465767324 0.1 120
1732465785689 0.010000000000000002 135
1732465804088 0.010000000000000002 150
1732465822594 0.010000000000000002 165
1732465841131 0.0010000000000000002 180
1732465859615 0.0010000000000000002 195
1732465878009 0.0010000000000000002 210
1732465896411 0.00010000000000000003 225
1732465914841 0.00010000000000000003 240
1732465933257 0.00010000000000000003 255
1732465951703 1.0000000000000004e-05 270
1732465970162 1.0000000000000004e-05 285
1732465988690 1.0000000000000004e-05 300
1732466007668 1.0000000000000004e-06 315
1732466028347 1.0000000000000004e-06 330
1732466051180 1.0000000000000004e-06 345
1732466081703 1.0000000000000005e-07 360
1732466114497 1.0000000000000005e-07 375
1732466142156 1.0000000000000005e-07 390
1732466164635 1.0000000000000005e-08 405
1732466185343 1.0000000000000005e-08 420
1732466204817 1.0000000000000005e-08 435
1732466223323 1.0000000000000005e-08 450
1732466241692 1.0000000000000005e-08 465
1732466260040 1.0000000000000005e-08 480
1732466278375 1.0000000000000005e-08 495
1732466296733 1.0000000000000005e-08 510
1732466315057 1.0000000000000005e-08 525
1732466333406 1.0000000000000005e-08 540
1732466351754 1.0000000000000005e-08 555
1732466370104 1.0000000000000005e-08 570
1732466388417 1.0000000000000005e-08 585
1732466406745 1.0000000000000005e-08 600
1732466425053 1.0000000000000005e-08 615
1732466443439 1.0000000000000005e-08 630
1732466461916 1.0000000000000005e-08 645
1732466480374 1.0000000000000005e-08 660
1732466498862 1.0000000000000005e-08 675
1732466517357 1.0000000000000005e-08 690
1732466535825 1.0000000000000005e-08 705
1732466554311 1.0000000000000005e-08 720
1732466572666 1.0000000000000005e-08 735
