1732465630755 1.4263050556182861 9
1732465643874 1.4018604755401611 19
1732465655199 1.2436683177947998 29
1732465668349 1.3642001152038574 39
1732465680819 1.4311683177947998 49
1732465692208 1.2373600006103516 59
1732465705381 1.295022964477539 69
1732465717809 1.3266894817352295 79
1732465729173 1.0402615070343018 89
1732465742377 1.525496482849121 99
1732465754873 1.5938389301300049 109
1732465766190 1.4961745738983154 119
1732465779295 1.4311683177947998 129
1732465791666 1.390038013458252 139
1732465802950 1.5436683893203735 149
1732465816198 1.395586371421814 159
1732465828621 1.5561683177947998 169
1732465840000 1.586726427078247 179
1732465853164 1.1538004875183105 189
1732465865612 1.2163641452789307 199
1732465876880 1.5436683893203735 209
1732465890005 1.362143874168396 219
1732465902415 1.1892857551574707 229
1732465913709 1.543668270111084 239
1732465926822 1.3767874240875244 249
1732465939259 1.3856017589569092 259
1732465950564 1.3436683416366577 269
1732465963732 1.352799415588379 279
1732465976207 1.3061683177947998 289
1732465987546 1.4862987995147705 299
1732466000709 1.2606804370880127 309
1732466014091 1.4311683177947998 319
1732466026944 1.3436682224273682 329
1732466042813 1.325685739517212 339
1732466061827 1.2903019189834595 349
1732466079626 1.5276329517364502 359
1732466103286 1.3414983749389648 369
1732466124272 1.5097603797912598 379
1732466140365 1.2436683177947998 389
1732466156898 1.450632095336914 399
1732466171640 1.3686683177947998 409
1732466183970 1.443668246269226 419
1732466198225 1.3952019214630127 429
1732466210870 1.376882553100586 439
1732466222201 1.3388019800186157 449
1732466235271 1.4712855815887451 459
1732466247657 1.1811683177947998 469
1732466258914 1.5174376964569092 479
1732466271995 1.251882553100586 489
1732466284358 1.165302038192749 499
1732466295611 1.543668270111084 509
1732466308674 1.316943883895874 519
1732466321030 1.4311683177947998 529
1732466332277 1.3436682224273682 539
1732466345368 1.513132095336914 549
1732466357735 1.477802038192749 559
1732466368972 1.233242154121399 569
1732466382034 1.415302038192749 579
1732466394400 1.318239450454712 589
1732466405639 1.4609094858169556 599
1732466418668 1.2544440031051636 609
1732466431060 1.3794440031051636 619
1732466442317 1.518282175064087 629
1732466455508 1.3112268447875977 639
1732466467943 1.424651861190796 649
1732466479236 1.1862953901290894 659
1732466492418 1.1854276657104492 669
1732466504890 1.549149990081787 679
1732466516225 1.242823839187622 689
1732466529445 1.3953102827072144 699
1732466541839 1.4936683177947998 709
1732466553168 1.3428237438201904 719
1732466566264 1.4311683177947998 729
1732466578660 1.4311683177947998 739
1732466589923 1.3112690448760986 749
