1732465637846 7.193000793457031 14
1732465656312 0.0 29
1732465674770 2.802596928649634e-45 44
1732465693352 7.006492321624085e-45 59
1732465711789 5.605193857299268e-45 74
1732465730298 7.006492321624085e-45 89
1732465748825 8.407790785948902e-45 104
1732465767320 9.80908925027372e-45 119
1732465785685 1.1210387714598537e-44 134
1732465804084 1.2611686178923354e-44 149
1732465822591 0.0 164
1732465841127 1.5414283107572988e-44 179
1732465859611 1.6815581571897805e-44 194
1732465878006 1.8216880036222622e-44 209
1732465896408 1.961817850054744e-44 224
1732465914837 2.1019476964872256e-44 239
1732465933253 2.2420775429197073e-44 254
1732465951699 2.382207389352189e-44 269
1732465970158 2.5223372357846707e-44 284
1732465988687 2.6624670822171524e-44 299
1732466007665 0.0 314
1732466028343 2.942726775082116e-44 329
1732466051173 7.006492321624085e-45 344
1732466081697 0.0 359
1732466114491 0.0 374
1732466142150 7.006492321624085e-45 389
1732466164620 3.6433760072445244e-44 404
1732466185337 3.783505853677006e-44 419
1732466204813 3.923635700109488e-44 434
1732466223319 4.0637655465419695e-44 449
1732466241688 4.203895392974451e-44 464
1732466260036 4.344025239406933e-44 479
1732466278372 4.484155085839415e-44 494
1732466296729 4.624284932271896e-44 509
1732466315054 4.764414778704378e-44 524
1732466333402 4.90454462513686e-44 539
1732466351750 5.044674471569341e-44 554
1732466370101 5.184804318001823e-44 569
1732466388414 5.324934164434305e-44 584
1732466406742 5.465064010866787e-44 599
1732466425049 5.605193857299268e-44 614
1732466443435 5.74532370373175e-44 629
1732466461912 5.885453550164232e-44 644
1732466480370 6.025583396596713e-44 659
1732466498859 6.165713243029195e-44 674
1732466517353 6.305843089461677e-44 689
1732466535821 6.445972935894159e-44 704
1732466554308 6.58610278232664e-44 719
1732466572662 0.0 734
1732466591059 6.866362475191604e-44 749
