1732465637846 0.0 14
1732465656312 0.0 29
1732465674770 6.305843089461677e-44 44
1732465693352 0.0 59
1732465711789 1.0509738482436128e-43 74
1732465730298 1.2611686178923354e-43 89
1732465748825 8.407790785948902e-45 104
1732465767320 9.80908925027372e-45 119
1732465785685 1.891752926838503e-43 134
1732465804084 2.1019476964872256e-43 149
1732465822591 0.0 164
1732465841127 2.5223372357846707e-43 179
1732465859611 2.7325320054333933e-43 194
1732465878006 2.942726775082116e-43 209
1732465896408 3.1529215447308384e-43 224
1732465914837 0.0 239
1732465933253 3.5733110840282835e-43 254
1732465951699 3.783505853677006e-43 269
1732465970158 3.993700623325729e-43 284
1732465988687 4.203895392974451e-43 299
1732466007665 0.0 314
1732466028343 4.624284932271896e-43 329
1732466051173 0.0 344
1732466081697 7.006492321624085e-45 359
1732466114491 0.0 374
1732466142150 0.0 389
1732466164620 5.675258780515509e-43 404
1732466185337 0.0 419
1732466204813 6.095648319812954e-43 434
1732466223319 6.305843089461677e-43 449
1732466241688 6.516037859110399e-43 464
1732466260036 6.726232628759122e-43 479
1732466278372 6.9364273984078445e-43 494
1732466296729 7.146622168056567e-43 509
1732466315054 7.35681693770529e-43 524
1732466333402 7.567011707354012e-43 539
1732466351750 7.777206477002735e-43 554
1732466370101 7.987401246651457e-43 569
1732466388414 8.19759601630018e-43 584
1732466406742 8.407790785948902e-43 599
1732466425049 8.617985555597625e-43 614
1732466443435 8.828180325246348e-43 629
1732466461912 9.03837509489507e-43 644
1732466480370 9.248569864543793e-43 659
1732466498859 6.165713243029195e-44 674
1732466517353 9.668959403841238e-43 689
1732466535821 9.87915417348996e-43 704
1732466554308 1.0089348943138683e-42 719
1732466572662 1.7076775549185186e-09 734
1732466591059 1.0509738482436128e-42 749
