1732465630755 0.28125 9
1732465643874 0.375 19
1732465655199 0.75 29
1732465668349 0.59375 39
1732465680819 0.65625 49
1732465692208 0.699999988079071 59
1732465705381 0.6875 69
1732465717809 0.5625 79
1732465729173 0.699999988079071 89
1732465742377 0.5625 99
1732465754873 0.53125 109
1732465766190 0.550000011920929 119
1732465779295 0.65625 129
1732465791666 0.59375 139
1732465802950 0.6000000238418579 149
1732465816198 0.625 159
1732465828621 0.59375 169
1732465840000 0.5 179
1732465853164 0.75 189
1732465865612 0.71875 199
1732465876880 0.6000000238418579 209
1732465890005 0.65625 219
1732465902415 0.6875 229
1732465913709 0.6000000238418579 239
1732465926822 0.59375 249
1732465939259 0.59375 259
1732465950564 0.699999988079071 269
1732465963732 0.65625 279
1732465976207 0.71875 289
1732465987546 0.550000011920929 299
1732466000709 0.65625 309
1732466014091 0.65625 319
1732466026944 0.699999988079071 329
1732466042813 0.625 339
1732466061827 0.6875 349
1732466079626 0.550000011920929 359
1732466103286 0.65625 369
1732466124272 0.4375 379
1732466140365 0.75 389
1732466156898 0.5625 399
1732466171640 0.6875 409
1732466183970 0.6499999761581421 419
1732466198225 0.625 429
1732466210870 0.59375 439
1732466222201 0.550000011920929 449
1732466235271 0.5625 459
1732466247657 0.78125 469
1732466258914 0.4000000059604645 479
1732466271995 0.65625 489
1732466284358 0.75 499
1732466295611 0.6000000238418579 509
1732466308674 0.625 519
1732466321030 0.65625 529
1732466332277 0.699999988079071 539
1732466345368 0.53125 549
1732466357735 0.59375 559
1732466368972 0.699999988079071 569
1732466382034 0.625 579
1732466394400 0.5 589
1732466405639 0.5 599
1732466418668 0.65625 609
1732466431060 0.59375 619
1732466442317 0.550000011920929 629
1732466455508 0.59375 639
1732466467943 0.625 649
1732466479236 0.699999988079071 659
1732466492418 0.65625 669
1732466504890 0.46875 679
1732466516225 0.6000000238418579 689
1732466529445 0.625 699
1732466541839 0.625 709
1732466553168 0.550000011920929 719
1732466566264 0.65625 729
1732466578660 0.65625 739
1732466589923 0.6499999761581421 749
