1732432937289 0.0 1
1732432937973 0.0 3
1732432938566 0.0 5
1732432938776 0.0 7
1732432939647 0.0 9
1732432940110 0.0 11
1732432940510 0.0 13
1732432940869 0.0 15
1732432941212 0.0 17
1732432941708 0.0 19
1732432941927 0.0 21
1732432942230 0.0 23
1732432942673 0.0 25
1732432942935 0.0 27
1732432943409 0.0 29
1732432943649 0.0 31
1732432944424 0.0 33
1732432944870 0.0 35
1732432945200 0.0 37
1732432945428 0.0 39
1732432945914 0.0 41
1732432946273 0.0 43
1732432946573 0.0 45
1732432946861 0.0 47
1732432947177 0.0 49
1732432947383 0.0 51
1732432947698 0.0 53
1732432947974 0.0 55
1732432951267 0.0 55
1732432951298 0.0 55
1732432953307 1.0 57
1732432953977 1.0 59
1732432954231 1.0 61
1732432954545 1.0 63
1732432955011 1.0 65
1732432955422 1.0 67
1732432955756 1.0 69
1732432956211 1.0 71
1732432956606 1.0 73
1732432956986 1.0 75
1732432957421 1.0 77
1732432957889 1.0 79
1732432958215 1.0 81
1732432958500 1.0 83
1732432959049 1.0 85
1732432959522 1.0 87
1732432959819 1.0 89
1732432960121 1.0 91
1732432960515 1.0 93
1732432960742 1.0 95
1732432961417 1.0 97
1732432962021 1.0 99
1732432962292 1.0 101
1732432962670 1.0 103
1732432962895 1.0 105
1732432963205 1.0 107
1732432963404 1.0 109
1732432963589 1.0 111
1732432967132 1.0 111
1732432967161 1.0 111
1732432969287 2.0 113
1732432969739 2.0 115
1732432970278 2.0 117
1732432970510 2.0 119
1732432970779 2.0 121
1732432971090 2.0 123
1732432971451 2.0 125
1732432971694 2.0 127
1732432972196 2.0 129
1732432972426 2.0 131
1732432972726 2.0 133
1732432973004 2.0 135
1732432973411 2.0 137
1732432973651 2.0 139
1732432973961 2.0 141
1732432974232 2.0 143
1732432974581 2.0 145
1732432974827 2.0 147
1732432975192 2.0 149
1732432975415 2.0 151
1732432975696 2.0 153
1732432976080 2.0 155
1732432976291 2.0 157
1732432976676 2.0 159
1732432976904 2.0 161
1732432977205 2.0 163
1732432977427 2.0 165
1732432977736 2.0 167
1732432981522 2.0 167
1732432981549 2.0 167
1732432983826 3.0 169
1732432984468 3.0 171
1732432984684 3.0 173
1732432984925 3.0 175
1732432985451 3.0 177
1732432985671 3.0 179
1732432986061 3.0 181
1732432986246 3.0 183
1732432986764 3.0 185
1732432986972 3.0 187
1732432987352 3.0 189
1732432987547 3.0 191
1732432988060 3.0 193
1732432988355 3.0 195
1732432988699 3.0 197
1732432988912 3.0 199
1732432989454 3.0 201
1732432989776 3.0 203
1732432990211 3.0 205
1732432990569 3.0 207
1732432990868 3.0 209
1732432991255 3.0 211
1732432991698 3.0 213
1732432992028 3.0 215
1732432992493 3.0 217
1732432992739 3.0 219
1732432993105 3.0 221
1732432993372 3.0 223
1732432997249 3.0 223
1732432997280 3.0 223
1732432999403 4.0 225
1732433000135 4.0 227
1732433000463 4.0 229
1732433000669 4.0 231
1732433001328 4.0 233
1732433001548 4.0 235
1732433001913 4.0 237
1732433002136 4.0 239
1732433002592 4.0 241
1732433002802 4.0 243
1732433003146 4.0 245
1732433003360 4.0 247
1732433003884 4.0 249
1732433004171 4.0 251
1732433004473 4.0 253
1732433004937 4.0 255
1732433005433 4.0 257
1732433005895 4.0 259
1732433006229 4.0 261
1732433006654 4.0 263
1732433007070 4.0 265
1732433007482 4.0 267
1732433007896 4.0 269
1732433008330 4.0 271
1732433008738 4.0 273
1732433008975 4.0 275
1732433009166 4.0 277
1732433009434 4.0 279
1732433013269 4.0 279
1732433013298 4.0 279
1732433015599 5.0 281
1732433016427 5.0 283
1732433016727 5.0 285
1732433016940 5.0 287
1732433017325 5.0 289
1732433017521 5.0 291
1732433017955 5.0 293
1732433018123 5.0 295
1732433018648 5.0 297
1732433018821 5.0 299
1732433019387 5.0 301
1732433019590 5.0 303
1732433019936 5.0 305
1732433020158 5.0 307
1732433020507 5.0 309
1732433020721 5.0 311
1732433021093 5.0 313
1732433021302 5.0 315
1732433021658 5.0 317
1732433021990 5.0 319
1732433022206 5.0 321
1732433022548 5.0 323
1732433022754 5.0 325
1732433023229 5.0 327
1732433023425 5.0 329
1732433023838 5.0 331
1732433024047 5.0 333
1732433024338 5.0 335
1732433028209 5.0 335
1732433028240 5.0 335
1732433030294 6.0 337
1732433030950 6.0 339
1732433031279 6.0 341
1732433031548 6.0 343
1732433032086 6.0 345
1732433032309 6.0 347
1732433032710 6.0 349
1732433032963 6.0 351
1732433033339 6.0 353
1732433033554 6.0 355
1732433034064 6.0 357
1732433034277 6.0 359
1732433034514 6.0 361
1732433034742 6.0 363
1732433035120 6.0 365
1732433035319 6.0 367
1732433035721 6.0 369
1732433035918 6.0 371
1732433036286 6.0 373
1732433036479 6.0 375
1732433036852 6.0 377
1732433037058 6.0 379
1732433037663 6.0 381
1732433037865 6.0 383
1732433038082 6.0 385
1732433038297 6.0 387
1732433038713 6.0 389
1732433038941 6.0 391
1732433042651 6.0 391
1732433042679 6.0 391
1732433044368 7.0 393
1732433045135 7.0 395
1732433045567 7.0 397
1732433045772 7.0 399
1732433046166 7.0 401
1732433046374 7.0 403
1732433046779 7.0 405
1732433046963 7.0 407
1732433047387 7.0 409
1732433047573 7.0 411
1732433048039 7.0 413
1732433048217 7.0 415
1732433048690 7.0 417
1732433048878 7.0 419
1732433049416 7.0 421
1732433049632 7.0 423
1732433050084 7.0 425
1732433050306 7.0 427
1732433050610 7.0 429
1732433050889 7.0 431
1732433051235 7.0 433
1732433051561 7.0 435
1732433051834 7.0 437
1732433052067 7.0 439
1732433052435 7.0 441
1732433052623 7.0 443
1732433052961 7.0 445
1732433053179 7.0 447
1732433057139 7.0 447
1732433057176 7.0 447
1732433059184 8.0 449
1732433059881 8.0 451
1732433060318 8.0 453
1732433060527 8.0 455
1732433060849 8.0 457
1732433061018 8.0 459
1732433061412 8.0 461
1732433061618 8.0 463
1732433062029 8.0 465
1732433062205 8.0 467
1732433062579 8.0 469
1732433062764 8.0 471
1732433063123 8.0 473
1732433063357 8.0 475
1732433063779 8.0 477
1732433064083 8.0 479
1732433064333 8.0 481
1732433064636 8.0 483
1732433064838 8.0 485
1732433065304 8.0 487
1732433065480 8.0 489
1732433065937 8.0 491
1732433066094 8.0 493
1732433066521 8.0 495
1732433066699 8.0 497
1732433067063 8.0 499
1732433067273 8.0 501
1732433067655 8.0 503
1732433071291 8.0 503
1732433071321 8.0 503
1732433073147 9.0 505
1732433073844 9.0 507
1732433074072 9.0 509
1732433074303 9.0 511
1732433074850 9.0 513
1732433075080 9.0 515
1732433075515 9.0 517
1732433075738 9.0 519
1732433076130 9.0 521
1732433076341 9.0 523
1732433076751 9.0 525
1732433076960 9.0 527
1732433077324 9.0 529
1732433077540 9.0 531
1732433077895 9.0 533
1732433078094 9.0 535
1732433078513 9.0 537
1732433078720 9.0 539
1732433079172 9.0 541
1732433079428 9.0 543
1732433079720 9.0 545
1732433079930 9.0 547
1732433080274 9.0 549
1732433080524 9.0 551
1732433080829 9.0 553
1732433081064 9.0 555
1732433081424 9.0 557
1732433081664 9.0 559
1732433085409 9.0 559
1732433085440 9.0 559
1732433087496 10.0 561
1732433088243 10.0 563
1732433088463 10.0 565
1732433088679 10.0 567
1732433089377 10.0 569
1732433089631 10.0 571
1732433090072 10.0 573
1732433090342 10.0 575
1732433090700 10.0 577
1732433090929 10.0 579
1732433091224 10.0 581
1732433091431 10.0 583
1732433091946 10.0 585
1732433092216 10.0 587
1732433092439 10.0 589
1732433092651 10.0 591
1732433092981 10.0 593
1732433093263 10.0 595
1732433093507 10.0 597
1732433093810 10.0 599
1732433094034 10.0 601
1732433094343 10.0 603
1732433094655 10.0 605
1732433095027 10.0 607
1732433095215 10.0 609
1732433095695 10.0 611
1732433095860 10.0 613
1732433096235 10.0 615
1732433100058 10.0 615
1732433100098 10.0 615
1732433102027 11.0 617
1732433102415 11.0 619
1732433103040 11.0 621
1732433103318 11.0 623
1732433103945 11.0 625
1732433104560 11.0 627
1732433104932 11.0 629
1732433105210 11.0 631
1732433105706 11.0 633
1732433106057 11.0 635
1732433106472 11.0 637
1732433106775 11.0 639
1732433107229 11.0 641
1732433107487 11.0 643
1732433108016 11.0 645
1732433108274 11.0 647
1732433108720 11.0 649
1732433108943 11.0 651
1732433109521 11.0 653
1732433109753 11.0 655
1732433110342 11.0 657
1732433110575 11.0 659
1732433111085 11.0 661
1732433111305 11.0 663
1732433111650 11.0 665
1732433111866 11.0 667
1732433112195 11.0 669
1732433112466 11.0 671
1732433116192 11.0 671
1732433116221 11.0 671
1732433118895 12.0 673
1732433119381 12.0 675
1732433119640 12.0 677
1732433119998 12.0 679
1732433120516 12.0 681
1732433120850 12.0 683
1732433121209 12.0 685
1732433121522 12.0 687
1732433121956 12.0 689
1732433122236 12.0 691
1732433122697 12.0 693
1732433123212 12.0 695
1732433123486 12.0 697
1732433123750 12.0 699
1732433124237 12.0 701
1732433124478 12.0 703
1732433124973 12.0 705
1732433125337 12.0 707
1732433125680 12.0 709
1732433126057 12.0 711
1732433126447 12.0 713
1732433126837 12.0 715
1732433127165 12.0 717
1732433127390 12.0 719
1732433127773 12.0 721
1732433127990 12.0 723
1732433128275 12.0 725
1732433128520 12.0 727
1732433132408 12.0 727
1732433132440 12.0 727
1732433134613 13.0 729
1732433135375 13.0 731
1732433135626 13.0 733
1732433135855 13.0 735
1732433136433 13.0 737
1732433136663 13.0 739
1732433137068 13.0 741
1732433137338 13.0 743
1732433137714 13.0 745
1732433137974 13.0 747
1732433138314 13.0 749
1732433138569 13.0 751
1732433139042 13.0 753
1732433139488 13.0 755
1732433139717 13.0 757
1732433140047 13.0 759
1732433140320 13.0 761
1732433140550 13.0 763
1732433141114 13.0 765
1732433141376 13.0 767
1732433141723 13.0 769
1732433141964 13.0 771
1732433142356 13.0 773
1732433142605 13.0 775
1732433143198 13.0 777
1732433143488 13.0 779
1732433143767 13.0 781
1732433144025 13.0 783
1732433148135 13.0 783
1732433148166 13.0 783
1732433150141 14.0 785
1732433150844 14.0 787
1732433151277 14.0 789
1732433151500 14.0 791
1732433152365 14.0 793
1732433152659 14.0 795
1732433152933 14.0 797
1732433153257 14.0 799
