1732432936925 1.3724151849746704 0
1732432937271 1.1811683177947998 1
1732432937657 1.3061683177947998 2
1732432937955 1.3061683177947998 3
1732432938443 1.4936683177947998 4
1732432938549 1.2436683177947998 5
1732432938652 1.3061683177947998 6
1732432938756 1.2436683177947998 7
1732432939499 1.1811683177947998 8
1732432939624 1.3061683177947998 9
1732432939869 1.3686683177947998 10
1732432940090 1.3686683177947998 11
1732432940295 1.3686683177947998 12
1732432940492 1.3686683177947998 13
1732432940654 1.3061683177947998 14
1732432940848 1.3061683177947998 15
1732432940970 1.3686681985855103 16
1732432941189 1.4311683177947998 17
1732432941425 1.2436683177947998 18
1732432941687 1.4311683177947998 19
1732432941802 1.4311683177947998 20
1732432941909 1.4311683177947998 21
1732432942092 1.1811683177947998 22
1732432942211 1.2436683177947998 23
1732432942481 1.2436683177947998 24
1732432942655 1.2436683177947998 25
1732432942795 1.1186683177947998 26
1732432942910 1.4936683177947998 27
1732432943227 1.4311681985855103 28
1732432943391 1.4311683177947998 29
1732432943503 1.4936683177947998 30
1732432943630 1.3061683177947998 31
1732432944170 1.3686683177947998 32
1732432944406 1.4936683177947998 33
1732432944537 1.1811683177947998 34
1732432944849 1.3686683177947998 35
1732432945068 1.3686683177947998 36
1732432945182 1.2436683177947998 37
1732432945294 1.1811683177947998 38
1732432945409 1.3686683177947998 39
1732432945782 1.2436683177947998 40
1732432945896 1.1186683177947998 41
1732432946011 1.4936683177947998 42
1732432946249 1.3686683177947998 43
1732432946440 1.4311683177947998 44
1732432946557 0.993668258190155 45
1732432946671 1.1811683177947998 46
1732432946834 1.4311683177947998 47
1732432947059 1.3061683177947998 48
1732432947160 1.2436683177947998 49
1732432947263 1.5561683177947998 50
1732432947366 1.4936683177947998 51
1732432947587 1.3686683177947998 52
1732432947681 1.3686683177947998 53
1732432947771 1.2436683177947998 54
1732432947921 1.5436683893203735 55
1732432952858 1.2436683177947998 0
1732432953282 1.3686683177947998 1
1732432953743 1.2436683177947998 2
1732432953960 1.4311683177947998 3
1732432954094 1.3061683177947998 4
1732432954210 1.2436683177947998 5
1732432954332 1.3061683177947998 6
1732432954524 1.2436683177947998 7
1732432954856 1.2436683177947998 8
1732432954989 1.4311683177947998 9
1732432955134 1.2436683177947998 10
1732432955404 1.3686683177947998 11
1732432955621 1.4311683177947998 12
1732432955738 1.3686683177947998 13
1732432955911 1.3686683177947998 14
1732432956187 1.3061683177947998 15
1732432956470 1.1811683177947998 16
1732432956589 1.3061683177947998 17
1732432956743 1.3061683177947998 18
1732432956955 1.1811683177947998 19
1732432957221 1.4311683177947998 20
1732432957401 1.5561683177947998 21
1732432957527 1.4936683177947998 22
1732432957867 1.0561683177947998 23
1732432958085 1.4311683177947998 24
1732432958198 1.2436683177947998 25
1732432958298 1.2436683177947998 26
1732432958472 1.2436683177947998 27
1732432958860 1.4311683177947998 28
1732432959033 1.4311683177947998 29
1732432959203 1.5561683177947998 30
1732432959504 1.4311683177947998 31
1732432959649 1.4311683177947998 32
1732432959800 1.0561683177947998 33
1732432959939 1.3686683177947998 34
1732432960094 1.3061683177947998 35
1732432960326 1.3686683177947998 36
1732432960498 1.4311683177947998 37
1732432960611 1.2436683177947998 38
1732432960723 1.3061683177947998 39
1732432961282 1.3061683177947998 40
1732432961397 1.3061683177947998 41
1732432961629 1.1186683177947998 42
1732432962001 1.3686683177947998 43
1732432962133 1.4311683177947998 44
1732432962275 1.5561683177947998 45
1732432962445 1.3061683177947998 46
1732432962651 1.2436683177947998 47
1732432962752 1.3686683177947998 48
1732432962876 1.3061683177947998 49
1732432963008 1.3061683177947998 50
1732432963181 1.3686683177947998 51
1732432963283 1.0561683177947998 52
1732432963383 1.4311683177947998 53
1732432963490 1.2436683177947998 54
1732432963575 1.4103350639343262 55
1732432968824 1.1186683177947998 0
1732432969267 1.3061683177947998 1
1732432969436 1.4936683177947998 2
1732432969716 1.3686683177947998 3
1732432969989 1.4311683177947998 4
1732432970258 1.4311683177947998 5
1732432970383 1.3686683177947998 6
1732432970492 1.3686683177947998 7
1732432970586 1.3686683177947998 8
1732432970758 1.4311683177947998 9
1732432970853 1.3686683177947998 10
1732432971069 1.1186683177947998 11
1732432971155 1.3686683177947998 12
1732432971431 1.3061683177947998 13
1732432971521 1.1811683177947998 14
1732432971677 1.2436683177947998 15
1732432971770 1.1811683177947998 16
1732432972179 1.1186683177947998 17
1732432972317 1.2436683177947998 18
1732432972409 1.4311683177947998 19
1732432972519 1.1186683177947998 20
1732432972706 1.3686683177947998 21
1732432972799 1.2436683177947998 22
1732432972986 1.4936683177947998 23
1732432973080 1.3061683177947998 24
1732432973392 1.1811683177947998 25
1732432973511 1.3061683177947998 26
1732432973633 1.3686683177947998 27
1732432973732 1.3061683177947998 28
1732432973941 1.3686683177947998 29
1732432974106 1.3686683177947998 30
1732432974215 1.2436683177947998 31
1732432974299 1.3686683177947998 32
1732432974561 1.2436683177947998 33
1732432974717 1.3061683177947998 34
1732432974809 1.3686683177947998 35
1732432974900 1.3686683177947998 36
1732432975174 1.2436683177947998 37
1732432975290 1.4311683177947998 38
1732432975399 1.3686683177947998 39
1732432975482 1.3686683177947998 40
1732432975676 1.2436683177947998 41
1732432975866 1.3061683177947998 42
1732432976059 1.3061683177947998 43
1732432976180 1.4936683177947998 44
1732432976272 1.3686683177947998 45
1732432976497 1.4936683177947998 46
1732432976654 1.2436683177947998 47
1732432976767 1.4311683177947998 48
1732432976884 1.4311683177947998 49
1732432977038 1.5561683177947998 50
1732432977187 1.1186683177947998 51
1732432977291 1.3686681985855103 52
1732432977409 1.4311683177947998 53
1732432977551 1.4311683177947998 54
1732432977721 1.077001690864563 55
1732432983378 1.2436683177947998 0
1732432983805 1.3686683177947998 1
1732432984273 1.3061683177947998 2
1732432984450 1.2436683177947998 3
1732432984554 1.5561683177947998 4
1732432984664 1.1811683177947998 5
1732432984771 1.1811683177947998 6
1732432984903 1.3686683177947998 7
1732432985330 1.4311683177947998 8
1732432985433 1.4936683177947998 9
1732432985544 1.4311683177947998 10
1732432985651 1.1186683177947998 11
1732432985923 1.3061683177947998 12
1732432986039 1.3061683177947998 13
1732432986136 1.2436683177947998 14
1732432986228 1.4311683177947998 15
1732432986571 1.3686683177947998 16
1732432986742 1.2436683177947998 17
1732432986845 1.1811683177947998 18
1732432986951 1.4936683177947998 19
1732432987185 1.3686683177947998 20
1732432987334 1.3061683177947998 21
1732432987432 1.2436683177947998 22
1732432987529 1.3061683177947998 23
1732432987929 1.3686683177947998 24
1732432988041 1.3686683177947998 25
1732432988146 1.3061683177947998 26
1732432988336 1.4311683177947998 27
1732432988565 1.4936683177947998 28
1732432988682 1.4311683177947998 29
1732432988781 1.1186683177947998 30
1732432988895 1.1811683177947998 31
1732432989318 1.3686683177947998 32
1732432989435 1.2436683177947998 33
1732432989580 1.3061683177947998 34
1732432989757 1.1811683177947998 35
1732432990002 1.2436683177947998 36
1732432990195 1.3061683177947998 37
1732432990310 1.3686683177947998 38
1732432990550 1.3061683177947998 39
1732432990742 1.4311683177947998 40
1732432990849 1.5561683177947998 41
1732432991047 1.3686683177947998 42
1732432991228 1.3061683177947998 43
1732432991501 0.9936683177947998 44
1732432991681 1.4936683177947998 45
1732432991794 1.2436683177947998 46
1732432991996 1.3686683177947998 47
1732432992338 1.3061683177947998 48
1732432992479 1.2436683177947998 49
1732432992613 1.1186683177947998 50
1732432992722 1.6186683177947998 51
1732432992974 1.3061683177947998 52
1732432993088 1.3061683177947998 53
1732432993197 1.4311683177947998 54
1732432993357 1.477001667022705 55
1732432999061 1.2436683177947998 0
1732432999374 1.2436683177947998 1
1732432999760 1.4311683177947998 2
1732433000104 1.3686683177947998 3
1732433000340 1.1811683177947998 4
1732433000444 1.4311683177947998 5
1732433000539 1.4311683177947998 6
1732433000649 1.3061683177947998 7
1732433001196 1.1811683177947998 8
1732433001307 1.1186683177947998 9
1732433001422 1.4936683177947998 10
1732433001530 1.3686683177947998 11
1732433001780 1.4311683177947998 12
1732433001895 1.4311683177947998 13
1732433002012 1.1186683177947998 14
1732433002114 1.0561683177947998 15
1732433002301 1.3061683177947998 16
1732433002571 0.9936683177947998 17
1732433002672 1.3686683177947998 18
1732433002784 1.1811683177947998 19
1732433002896 1.4311683177947998 20
1732433003124 1.4936683177947998 21
1732433003230 1.3686683177947998 22
1732433003342 1.4936683177947998 23
1732433003497 1.4311683177947998 24
1732433003868 1.2436683177947998 25
1732433003988 1.0561683177947998 26
1732433004153 1.4311683177947998 27
1732433004256 1.4311683177947998 28
1732433004445 1.3686681985855103 29
1732433004708 1.4311683177947998 30
1732433004918 1.3686683177947998 31
1732433005285 1.5561683177947998 32
1732433005405 1.1811683177947998 33
1732433005618 1.4311683177947998 34
1732433005877 1.0561683177947998 35
1732433006076 1.3061683177947998 36
1732433006213 1.3686683177947998 37
1732433006412 1.4311683177947998 38
1732433006633 1.4311683177947998 39
1732433006899 1.4311683177947998 40
1732433007052 1.4311683177947998 41
1732433007203 1.3686683177947998 42
1732433007454 1.3686683177947998 43
1732433007756 1.2436683177947998 44
1732433007875 1.4311681985855103 45
1732433008099 1.3686683177947998 46
1732433008310 1.3061683177947998 47
1732433008546 1.1186683177947998 48
1732433008721 1.3061683177947998 49
1732433008838 1.4311683177947998 50
1732433008955 1.5561683177947998 51
1732433009064 1.0561683177947998 52
1732433009149 1.1186683177947998 53
1732433009254 1.4311683177947998 54
1732433009419 1.3436683416366577 55
1732433015245 1.3686683177947998 0
1732433015581 1.3061683177947998 1
1732433015989 1.3061683177947998 2
1732433016401 1.3686683177947998 3
1732433016587 1.5561683177947998 4
1732433016703 1.4311683177947998 5
1732433016822 1.5561683177947998 6
1732433016919 1.4311683177947998 7
1732433017177 1.3686683177947998 8
1732433017310 1.3061683177947998 9
1732433017407 1.3686683177947998 10
1732433017504 1.1186683177947998 11
1732433017754 1.2436683177947998 12
1732433017936 1.1811683177947998 13
1732433018026 1.3061683177947998 14
1732433018105 1.1811683177947998 15
1732433018335 1.2436683177947998 16
1732433018626 1.3061683177947998 17
1732433018712 1.1811683177947998 18
1732433018801 1.3686683177947998 19
1732433018996 1.3686683177947998 20
1732433019367 1.3061683177947998 21
1732433019472 1.4311683177947998 22
1732433019572 1.2436683177947998 23
1732433019663 1.2436683177947998 24
1732433019917 1.4311683177947998 25
1732433020042 1.1811683177947998 26
1732433020139 1.2436683177947998 27
1732433020235 1.3061683177947998 28
1732433020486 1.0561683177947998 29
1732433020602 1.4936683177947998 30
1732433020703 1.3061683177947998 31
1732433020791 1.3061683177947998 32
1732433021072 1.4936683177947998 33
1732433021191 1.2436683177947998 34
1732433021283 1.2436683177947998 35
1732433021380 1.3686683177947998 36
1732433021630 1.3686683177947998 37
1732433021735 1.1811683177947998 38
1732433021971 1.1811683177947998 39
1732433022073 1.3686683177947998 40
1732433022187 1.3686683177947998 41
1732433022286 1.4936683177947998 42
1732433022529 1.2436683177947998 43
1732433022647 1.3061683177947998 44
1732433022736 1.3686683177947998 45
1732433022835 1.5561683177947998 46
1732433023208 1.3686683177947998 47
1732433023317 1.4936681985855103 48
1732433023407 1.3686683177947998 49
1732433023514 1.3061683177947998 50
1732433023816 1.3061683177947998 51
1732433023938 1.3061683177947998 52
1732433024029 1.3686683177947998 53
1732433024131 1.3686683177947998 54
1732433024318 1.2103350162506104 55
1732433029953 1.1811683177947998 0
1732433030269 1.4311683177947998 1
1732433030631 1.3061683177947998 2
1732433030931 1.1186683177947998 3
1732433031148 1.2436683177947998 4
1732433031261 1.1811683177947998 5
1732433031417 1.4936683177947998 6
1732433031528 1.3061683177947998 7
1732433031940 1.3061683177947998 8
1732433032068 1.3061683177947998 9
1732433032167 1.3686683177947998 10
1732433032294 1.0561683177947998 11
1732433032486 1.2436683177947998 12
1732433032692 1.1186683177947998 13
1732433032807 1.2436683177947998 14
1732433032938 1.2436683177947998 15
1732433033129 1.3686683177947998 16
1732433033322 1.4311681985855103 17
1732433033432 1.3061683177947998 18
1732433033534 1.5561683177947998 19
1732433033725 1.4311683177947998 20
1732433034042 1.3686683177947998 21
1732433034149 1.3686683177947998 22
1732433034257 1.3061683177947998 23
1732433034383 1.3061683177947998 24
1732433034495 1.4311683177947998 25
1732433034622 1.2436683177947998 26
1732433034724 1.3061683177947998 27
1732433034970 1.4311683177947998 28
1732433035102 1.3061683177947998 29
1732433035202 1.2436683177947998 30
1732433035301 1.2436683177947998 31
1732433035574 1.3061683177947998 32
1732433035705 1.4311683177947998 33
1732433035811 1.1186683177947998 34
1732433035900 1.3686683177947998 35
1732433036153 1.4936683177947998 36
1732433036267 1.5561683177947998 37
1732433036363 1.4311683177947998 38
1732433036459 1.3061683177947998 39
1732433036731 1.3686683177947998 40
1732433036835 1.3061683177947998 41
1732433036938 1.4936683177947998 42
1732433037041 1.5561683177947998 43
1732433037439 1.2436683177947998 44
1732433037645 1.2436683177947998 45
1732433037742 1.3686683177947998 46
1732433037848 1.3061683177947998 47
1732433037959 1.3686683177947998 48
1732433038065 1.2436683177947998 49
1732433038185 1.2436683177947998 50
1732433038278 1.3686683177947998 51
1732433038598 1.4311683177947998 52
1732433038697 1.0561683177947998 53
1732433038778 1.4936683177947998 54
1732433038925 1.4103350639343262 55
1732433044125 1.3061683177947998 0
1732433044349 1.4311683177947998 1
1732433044662 1.2436683177947998 2
1732433045121 1.4936683177947998 3
1732433045449 1.4311683177947998 4
1732433045549 1.5561683177947998 5
1732433045654 1.2436683177947998 6
1732433045753 1.2436683177947998 7
1732433045999 1.6186683177947998 8
1732433046144 1.1186683177947998 9
1732433046261 1.2436683177947998 10
1732433046355 1.4311683177947998 11
1732433046651 1.3061683177947998 12
1732433046758 1.1811683177947998 13
1732433046857 1.2436683177947998 14
1732433046945 1.2436683177947998 15
1732433047265 1.1811683177947998 16
1732433047367 1.4936683177947998 17
1732433047475 1.4311683177947998 18
1732433047555 1.3061683177947998 19
1732433047826 1.1186683177947998 20
1732433048020 1.0561683177947998 21
1732433048109 1.4311683177947998 22
1732433048199 1.3686683177947998 23
1732433048390 1.5561683177947998 24
1732433048672 1.3061683177947998 25
1732433048771 1.1186683177947998 26
1732433048859 1.3061683177947998 27
1732433048961 1.4311683177947998 28
1732433049398 1.3686683177947998 29
1732433049511 1.1186683177947998 30
1732433049613 1.3061683177947998 31
1732433049716 1.4311683177947998 32
1732433050060 1.1186683177947998 33
1732433050172 1.3686683177947998 34
1732433050288 1.4936683177947998 35
1732433050405 1.1186683177947998 36
1732433050590 1.2436683177947998 37
1732433050714 1.3686683177947998 38
1732433050867 1.4936683177947998 39
1732433050982 1.3686683177947998 40
1732433051209 1.1811683177947998 41
1732433051359 1.4936683177947998 42
1732433051540 1.2436683177947998 43
1732433051668 1.4311683177947998 44
1732433051816 1.2436683177947998 45
1732433051922 1.3061683177947998 46
1732433052048 1.3686683177947998 47
1732433052142 1.4311683177947998 48
1732433052416 1.3686683177947998 49
1732433052516 1.3686683177947998 50
1732433052603 1.1811683177947998 51
1732433052711 1.4311683177947998 52
1732433052945 1.3686683177947998 53
1732433053026 1.4311683177947998 54
1732433053165 1.2103350162506104 55
1732433058886 1.4311683177947998 0
1732433059162 1.2436683177947998 1
1732433059464 1.4936681985855103 2
1732433059847 1.2436683177947998 3
1732433060199 1.1811683177947998 4
1732433060299 1.2436683177947998 5
1732433060399 1.3061683177947998 6
1732433060507 1.2436683177947998 7
1732433060666 1.4936683177947998 8
1732433060828 1.4311683177947998 9
1732433060912 1.3686683177947998 10
1732433061001 1.3686683177947998 11
1732433061277 1.4311683177947998 12
1732433061393 1.3686683177947998 13
1732433061495 1.3686683177947998 14
1732433061600 1.2436683177947998 15
1732433061850 1.4311683177947998 16
1732433062008 1.1811683177947998 17
1732433062093 1.2436683177947998 18
1732433062187 1.4936683177947998 19
1732433062331 1.4311683177947998 20
1732433062560 1.3061683177947998 21
1732433062653 1.4936683177947998 22
1732433062747 1.3686683177947998 23
1732433062996 1.1186683177947998 24
1732433063104 1.4311683177947998 25
1732433063230 1.2436683177947998 26
1732433063339 1.1186683177947998 27
1732433063522 1.1186683177947998 28
1732433063760 1.1811683177947998 29
1732433063981 1.3686683177947998 30
1732433064066 1.3686683177947998 31
1732433064162 1.4936683177947998 32
1732433064314 1.3686683177947998 33
1732433064533 1.2436683177947998 34
1732433064617 1.1186683177947998 35
1732433064714 1.4311683177947998 36
1732433064819 1.4936683177947998 37
1732433065191 1.3061683177947998 38
1732433065287 1.3686683177947998 39
1732433065372 1.2436683177947998 40
1732433065462 1.3061683177947998 41
1732433065824 1.1186683177947998 42
1732433065920 1.4311683177947998 43
1732433066000 1.3686683177947998 44
1732433066077 1.3061683177947998 45
1732433066417 1.3686683177947998 46
1732433066503 1.4936683177947998 47
1732433066595 1.5561683177947998 48
1732433066682 1.1811683177947998 49
1732433066952 1.4936683177947998 50
1732433067044 1.1811683177947998 51
1732433067140 1.1811683177947998 52
1732433067256 1.3061683177947998 53
1732433067490 1.3686683177947998 54
1732433067637 1.2103348970413208 55
1732433072848 1.2436683177947998 0
1732433073122 1.6186683177947998 1
1732433073497 1.3061683177947998 2
1732433073825 1.2436683177947998 3
1732433073957 1.4936683177947998 4
1732433074055 1.2436683177947998 5
1732433074167 1.1811683177947998 6
1732433074281 1.2436683177947998 7
1732433074624 1.4936683177947998 8
1732433074833 1.1186683177947998 9
1732433074946 1.1811683177947998 10
1732433075061 1.4311683177947998 11
1732433075214 1.1186683177947998 12
1732433075493 1.4311683177947998 13
1732433075596 1.3686683177947998 14
1732433075716 1.6186683177947998 15
1732433075842 1.1186683177947998 16
1732433076108 1.3061683177947998 17
1732433076201 1.1811683177947998 18
1732433076321 1.4311683177947998 19
1732433076483 1.2436683177947998 20
1732433076730 1.3061683177947998 21
1732433076828 1.1811683177947998 22
1732433076943 1.4311683177947998 23
1732433077035 1.4311683177947998 24
1732433077306 1.3686683177947998 25
1732433077402 1.2436683177947998 26
1732433077521 1.6186683177947998 27
1732433077688 1.2436683177947998 28
1732433077877 1.2436683177947998 29
1732433077967 1.3686683177947998 30
1732433078075 1.4936683177947998 31
1732433078240 1.3686683177947998 32
1732433078492 1.2436683177947998 33
1732433078592 1.3061683177947998 34
1732433078702 1.2436683177947998 35
1732433078798 1.3686683177947998 36
1732433079152 1.3061683177947998 37
1732433079260 1.2436683177947998 38
1732433079410 1.3686683177947998 39
1732433079512 1.2436683177947998 40
1732433079702 1.2436683177947998 41
1732433079800 1.2436683177947998 42
1732433079909 1.4936683177947998 43
1732433080007 1.6186683177947998 44
1732433080251 1.3061683177947998 45
1732433080384 1.1811683177947998 46
1732433080505 1.2436683177947998 47
1732433080617 1.3061683177947998 48
1732433080808 1.1811683177947998 49
1732433080935 1.4311683177947998 50
1732433081048 1.4936683177947998 51
1732433081137 1.1186683177947998 52
1732433081407 1.3061683177947998 53
1732433081487 1.4936683177947998 54
1732433081647 1.4103350639343262 55
1732433087062 1.1811683177947998 0
1732433087468 1.3686683177947998 1
1732433087822 1.4311683177947998 2
1732433088223 1.3686683177947998 3
1732433088334 1.4936683177947998 4
1732433088445 1.4311683177947998 5
1732433088555 1.3061683177947998 6
1732433088660 1.3686683177947998 7
1732433089200 1.3686683177947998 8
1732433089359 1.2436683177947998 9
1732433089477 1.1811683177947998 10
1732433089605 1.3061683177947998 11
1732433089887 1.5561683177947998 12
1732433090052 1.3686683177947998 13
1732433090164 1.3061683177947998 14
1732433090316 1.5561683177947998 15
1732433090506 1.3061683177947998 16
1732433090682 1.4311683177947998 17
1732433090788 1.3061683177947998 18
1732433090909 1.3061683177947998 19
1732433091064 1.3061683177947998 20
1732433091206 1.4936683177947998 21
1732433091308 1.2436683177947998 22
1732433091414 1.3686683177947998 23
1732433091652 1.1811683177947998 24
1732433091926 1.1186683177947998 25
1732433092049 1.1811683177947998 26
1732433092198 1.3061683177947998 27
1732433092301 1.3061683177947998 28
1732433092421 1.3686683177947998 29
1732433092529 1.3686683177947998 30
1732433092632 1.3686683177947998 31
1732433092866 1.3686681985855103 32
1732433092964 1.4936683177947998 33
1732433093132 1.3061683177947998 34
1732433093245 1.3686683177947998 35
1732433093397 1.3686683177947998 36
1732433093490 1.4311683177947998 37
1732433093672 1.2436683177947998 38
1732433093788 1.2436683177947998 39
1732433093935 1.3061683177947998 40
1732433094016 1.3061683177947998 41
1732433094222 1.1811683177947998 42
1732433094321 1.1811683177947998 43
1732433094549 1.3686683177947998 44
1732433094637 1.2436683177947998 45
1732433094904 1.3686683177947998 46
1732433095007 1.3061683177947998 47
1732433095121 1.3061683177947998 48
1732433095198 1.4311683177947998 49
1732433095566 1.1186683177947998 50
1732433095678 1.2436683177947998 51
1732433095765 1.3061683177947998 52
1732433095843 1.3686683177947998 53
1732433096058 1.4311683177947998 54
1732433096218 1.2103348970413208 55
1732433101355 1.3061683177947998 0
1732433102002 1.1186683177947998 1
1732433102199 1.2436683177947998 2
1732433102393 1.1811683177947998 3
1732433102645 1.5561683177947998 4
1732433103019 1.4936683177947998 5
1732433103136 1.4311683177947998 6
1732433103295 1.4936683177947998 7
1732433103588 1.0561683177947998 8
1732433103904 1.3061683177947998 9
1732433104150 1.4311683177947998 10
1732433104541 1.3061683177947998 11
1732433104807 1.3686683177947998 12
1732433104913 1.5561683177947998 13
1732433105033 1.3061683177947998 14
1732433105190 1.2436683177947998 15
1732433105505 1.3061683177947998 16
1732433105691 1.4311683177947998 17
1732433105859 1.3686683177947998 18
1732433106040 1.2436683177947998 19
1732433106218 1.3686683177947998 20
1732433106456 1.3061683177947998 21
1732433106572 1.1186683177947998 22
1732433106757 1.4311683177947998 23
1732433107043 1.5561683177947998 24
1732433107208 1.3061683177947998 25
1732433107337 1.2436683177947998 26
1732433107470 1.3686683177947998 27
1732433107588 1.4311683177947998 28
1732433107998 1.3061683177947998 29
1732433108133 1.1811683177947998 30
1732433108256 1.4311683177947998 31
1732433108537 1.1811683177947998 32
1732433108703 1.3686683177947998 33
1732433108818 1.2436683177947998 34
1732433108925 1.3061683177947998 35
1732433109142 1.1811683177947998 36
1732433109498 1.3061683177947998 37
1732433109623 1.3686683177947998 38
1732433109736 1.3686683177947998 39
1732433109977 1.2436683177947998 40
1732433110322 1.4936683177947998 41
1732433110443 1.1811683177947998 42
1732433110557 1.4311683177947998 43
1732433110708 1.3061683177947998 44
1732433111068 1.3061683177947998 45
1732433111180 1.3686683177947998 46
1732433111286 1.3686683177947998 47
1732433111403 1.0561683177947998 48
1732433111633 1.3686683177947998 49
1732433111742 1.2436683177947998 50
1732433111848 1.3061683177947998 51
1732433111959 1.4311683177947998 52
1732433112179 1.5561683177947998 53
1732433112287 1.3061683177947998 54
1732433112449 1.2103348970413208 55
1732433118387 1.1811683177947998 0
1732433118878 1.3686681985855103 1
1732433119214 1.3061683177947998 2
1732433119363 1.1811683177947998 3
1732433119493 1.2436683177947998 4
1732433119617 1.2436683177947998 5
1732433119764 1.4311683177947998 6
1732433119976 1.3686683177947998 7
1732433120381 1.1811683177947998 8
1732433120499 1.3686683177947998 9
1732433120650 1.2436683177947998 10
1732433120832 1.1186683177947998 11
1732433121071 1.3686683177947998 12
1732433121190 1.1186683177947998 13
1732433121338 1.1811683177947998 14
1732433121496 1.2436683177947998 15
1732433121762 1.3686683177947998 16
1732433121935 1.2436683177947998 17
1732433122061 1.3061683177947998 18
1732433122194 1.2436683177947998 19
1732433122490 1.1186683177947998 20
1732433122676 1.1811683177947998 21
1732433122799 1.4936683177947998 22
1732433123194 1.4311683177947998 23
1732433123349 1.4311683177947998 24
1732433123468 1.3686683177947998 25
1732433123583 1.5561683177947998 26
1732433123725 1.3686683177947998 27
1732433124107 1.3061683177947998 28
1732433124217 1.3061683177947998 29
1732433124330 1.3686683177947998 30
1732433124458 1.3061683177947998 31
1732433124850 1.4936683177947998 32
1732433124955 1.4311683177947998 33
1732433125078 1.4936683177947998 34
1732433125299 1.3061683177947998 35
1732433125540 1.3061683177947998 36
1732433125661 1.4311683177947998 37
1732433125839 1.1186683177947998 38
1732433126035 1.4311683177947998 39
1732433126253 1.3686683177947998 40
1732433126427 1.3061683177947998 41
1732433126548 1.3686683177947998 42
1732433126811 1.1811683177947998 43
1732433127036 1.4311683177947998 44
1732433127149 1.4311683177947998 45
1732433127254 1.3686683177947998 46
1732433127368 1.3686683177947998 47
1732433127642 1.3686683177947998 48
1732433127756 1.2436683177947998 49
1732433127859 1.4936683177947998 50
1732433127972 1.2436683177947998 51
1732433128155 1.6186683177947998 52
1732433128259 1.3061683177947998 53
1732433128352 1.3061683177947998 54
1732433128506 1.3436683416366577 55
1732433134226 1.3686683177947998 0
1732433134582 1.2436683177947998 1
1732433134995 1.3061683177947998 2
1732433135342 1.3061683177947998 3
1732433135502 1.3061683177947998 4
1732433135608 1.2436683177947998 5
1732433135735 1.3061683177947998 6
1732433135834 1.2436683177947998 7
1732433136307 1.3061683177947998 8
1732433136416 1.3061683177947998 9
1732433136536 1.2436683177947998 10
1732433136645 1.3061683177947998 11
1732433136945 1.3061683177947998 12
1732433137049 1.3061683177947998 13
1732433137205 1.2436683177947998 14
1732433137316 1.4936683177947998 15
1732433137587 1.4311683177947998 16
1732433137694 1.3686683177947998 17
1732433137847 1.3686683177947998 18
1732433137955 1.4936683177947998 19
1732433138197 1.2436683177947998 20
1732433138295 1.2436683177947998 21
1732433138421 1.2436683177947998 22
1732433138530 1.3686683177947998 23
1732433138867 1.4311683177947998 24
1732433139023 1.1186683177947998 25
1732433139255 1.3686683177947998 26
1732433139466 1.3061683177947998 27
1732433139581 1.4311683177947998 28
1732433139695 1.3686683177947998 29
1732433139840 1.2436683177947998 30
1732433140025 1.2436683177947998 31
1732433140198 1.4311683177947998 32
1732433140302 1.6811683177947998 33
1732433140428 1.5561683177947998 34
1732433140532 1.5561683177947998 35
1732433140973 1.0561683177947998 36
1732433141091 1.3686683177947998 37
1732433141229 1.3686683177947998 38
1732433141357 1.3061683177947998 39
1732433141596 1.1811683177947998 40
1732433141706 1.3061683177947998 41
1732433141839 1.4311683177947998 42
1732433141946 0.9936683177947998 43
1732433142233 1.3686683177947998 44
1732433142338 1.1186683177947998 45
1732433142450 1.1811683177947998 46
1732433142584 1.2436683177947998 47
1732433143043 1.3686683177947998 48
1732433143174 1.3061683177947998 49
1732433143332 1.3686683177947998 50
1732433143468 1.3061683177947998 51
1732433143661 1.3061683177947998 52
1732433143751 1.4936683177947998 53
1732433143851 1.4311683177947998 54
1732433144005 1.477001667022705 55
1732433149868 1.3061683177947998 0
1732433150121 1.4311683177947998 1
1732433150504 1.2436683177947998 2
1732433150827 1.3061683177947998 3
1732433151152 1.2436683177947998 4
1732433151259 1.3686683177947998 5
1732433151370 1.2436683177947998 6
1732433151480 1.1811683177947998 7
1732433152235 1.2436683177947998 8
1732433152347 1.3061683177947998 9
1732433152485 1.3686683177947998 10
1732433152641 1.3686683177947998 11
1732433152742 1.4936683177947998 12
1732433152914 1.5561683177947998 13
1732433153128 1.1186683177947998 14
1732433153237 1.2436683177947998 15
