1732432937289 0.609375 1
1732432937973 0.71875 3
1732432938566 0.75 5
1732432938776 0.75 7
1732432939647 0.71875 9
1732432940110 0.6875 11
1732432940510 0.6875 13
1732432940869 0.71875 15
1732432941212 0.65625 17
1732432941708 0.65625 19
1732432941927 0.65625 21
1732432942230 0.75 23
1732432942673 0.75 25
1732432942935 0.625 27
1732432943409 0.65625 29
1732432943649 0.71875 31
1732432944424 0.625 33
1732432944870 0.6875 35
1732432945200 0.75 37
1732432945428 0.6875 39
1732432945914 0.8125 41
1732432946273 0.6875 43
1732432946573 0.875 45
1732432946861 0.65625 47
1732432947177 0.75 49
1732432947383 0.625 51
1732432947698 0.6875 53
1732432947974 0.6000000238418579 55
1732432953307 0.6875 57
1732432953977 0.65625 59
1732432954231 0.75 61
1732432954545 0.75 63
1732432955011 0.65625 65
1732432955422 0.6875 67
1732432955756 0.6875 69
1732432956211 0.71875 71
1732432956606 0.71875 73
1732432956986 0.78125 75
1732432957421 0.59375 77
1732432957889 0.84375 79
1732432958215 0.75 81
1732432958500 0.75 83
1732432959049 0.65625 85
1732432959522 0.65625 87
1732432959819 0.84375 89
1732432960121 0.71875 91
1732432960515 0.65625 93
1732432960742 0.71875 95
1732432961417 0.71875 97
1732432962021 0.6875 99
1732432962292 0.59375 101
1732432962670 0.75 103
1732432962895 0.71875 105
1732432963205 0.6875 107
1732432963404 0.65625 109
1732432963589 0.6666666865348816 111
1732432969287 0.71875 113
1732432969739 0.6875 115
1732432970278 0.65625 117
1732432970510 0.6875 119
1732432970779 0.65625 121
1732432971090 0.8125 123
1732432971451 0.71875 125
1732432971694 0.75 127
1732432972196 0.8125 129
1732432972426 0.65625 131
1732432972726 0.6875 133
1732432973004 0.625 135
1732432973411 0.78125 137
1732432973651 0.6875 139
1732432973961 0.6875 141
1732432974232 0.75 143
1732432974581 0.75 145
1732432974827 0.6875 147
1732432975192 0.75 149
1732432975415 0.6875 151
1732432975696 0.75 153
1732432976080 0.71875 155
1732432976291 0.6875 157
1732432976676 0.75 159
1732432976904 0.65625 161
1732432977205 0.8125 163
1732432977427 0.65625 165
1732432977736 0.8333333134651184 167
1732432983826 0.6875 169
1732432984468 0.75 171
1732432984684 0.78125 173
1732432984925 0.6875 175
1732432985451 0.625 177
1732432985671 0.8125 179
1732432986061 0.71875 181
1732432986246 0.65625 183
1732432986764 0.75 185
1732432986972 0.625 187
1732432987352 0.71875 189
1732432987547 0.71875 191
1732432988060 0.6875 193
1732432988355 0.65625 195
1732432988699 0.65625 197
1732432988912 0.78125 199
1732432989454 0.75 201
1732432989776 0.78125 203
1732432990211 0.71875 205
1732432990569 0.71875 207
1732432990868 0.59375 209
1732432991255 0.71875 211
1732432991698 0.625 213
1732432992028 0.6875 215
1732432992493 0.75 217
1732432992739 0.5625 219
1732432993105 0.71875 221
1732432993372 0.6333333253860474 223
1732432999403 0.75 225
1732433000135 0.6875 227
1732433000463 0.65625 229
1732433000669 0.71875 231
1732433001328 0.8125 233
1732433001548 0.6875 235
1732433001913 0.65625 237
1732433002136 0.84375 239
1732433002592 0.875 241
1732433002802 0.78125 243
1732433003146 0.625 245
1732433003360 0.625 247
1732433003884 0.75 249
1732433004171 0.65625 251
1732433004473 0.6875 253
1732433004937 0.6875 255
1732433005433 0.78125 257
1732433005895 0.84375 259
1732433006229 0.6875 261
1732433006654 0.65625 263
1732433007070 0.65625 265
1732433007482 0.6875 267
1732433007896 0.65625 269
1732433008330 0.71875 271
1732433008738 0.71875 273
1732433008975 0.59375 275
1732433009166 0.8125 277
1732433009434 0.699999988079071 279
1732433015599 0.71875 281
1732433016427 0.6875 283
1732433016727 0.65625 285
1732433016940 0.65625 287
1732433017325 0.71875 289
1732433017521 0.8125 291
1732433017955 0.78125 293
1732433018123 0.78125 295
1732433018648 0.71875 297
1732433018821 0.6875 299
1732433019387 0.71875 301
1732433019590 0.75 303
1732433019936 0.65625 305
1732433020158 0.75 307
1732433020507 0.84375 309
1732433020721 0.71875 311
1732433021093 0.625 313
1732433021302 0.75 315
1732433021658 0.6875 317
1732433021990 0.78125 319
1732433022206 0.6875 321
1732433022548 0.75 323
1732433022754 0.6875 325
1732433023229 0.6875 327
1732433023425 0.6875 329
1732433023838 0.71875 331
1732433024047 0.6875 333
1732433024338 0.7666666507720947 335
1732433030294 0.65625 337
1732433030950 0.8125 339
1732433031279 0.78125 341
1732433031548 0.71875 343
1732433032086 0.71875 345
1732433032309 0.84375 347
1732433032710 0.8125 349
1732433032963 0.75 351
1732433033339 0.65625 353
1732433033554 0.59375 355
1732433034064 0.6875 357
1732433034277 0.71875 359
1732433034514 0.65625 361
1732433034742 0.71875 363
1732433035120 0.71875 365
1732433035319 0.75 367
1732433035721 0.65625 369
1732433035918 0.6875 371
1732433036286 0.59375 373
1732433036479 0.71875 375
1732433036852 0.71875 377
1732433037058 0.59375 379
1732433037663 0.75 381
1732433037865 0.71875 383
1732433038082 0.75 385
1732433038297 0.6875 387
1732433038713 0.84375 389
1732433038941 0.6666666865348816 391
1732433044368 0.65625 393
1732433045135 0.625 395
1732433045567 0.59375 397
1732433045772 0.75 399
1732433046166 0.8125 401
1732433046374 0.65625 403
1732433046779 0.78125 405
1732433046963 0.75 407
1732433047387 0.625 409
1732433047573 0.71875 411
1732433048039 0.84375 413
1732433048217 0.6875 415
1732433048690 0.71875 417
1732433048878 0.71875 419
1732433049416 0.6875 421
1732433049632 0.71875 423
1732433050084 0.8125 425
1732433050306 0.625 427
1732433050610 0.75 429
1732433050889 0.625 431
1732433051235 0.78125 433
1732433051561 0.75 435
1732433051834 0.75 437
1732433052067 0.6875 439
1732433052435 0.6875 441
1732433052623 0.78125 443
1732433052961 0.6875 445
1732433053179 0.7666666507720947 447
1732433059184 0.75 449
1732433059881 0.75 451
1732433060318 0.75 453
1732433060527 0.75 455
1732433060849 0.65625 457
1732433061018 0.6875 459
1732433061412 0.6875 461
1732433061618 0.75 463
1732433062029 0.78125 465
1732433062205 0.625 467
1732433062579 0.71875 469
1732433062764 0.6875 471
1732433063123 0.65625 473
1732433063357 0.8125 475
1732433063779 0.78125 477
1732433064083 0.6875 479
1732433064333 0.6875 481
1732433064636 0.8125 483
1732433064838 0.625 485
1732433065304 0.6875 487
1732433065480 0.71875 489
1732433065937 0.65625 491
1732433066094 0.71875 493
1732433066521 0.625 495
1732433066699 0.78125 497
1732433067063 0.78125 499
1732433067273 0.71875 501
1732433067655 0.7666666507720947 503
1732433073147 0.5625 505
1732433073844 0.75 507
1732433074072 0.75 509
1732433074303 0.75 511
1732433074850 0.8125 513
1732433075080 0.65625 515
1732433075515 0.65625 517
1732433075738 0.5625 519
1732433076130 0.71875 521
1732433076341 0.65625 523
1732433076751 0.71875 525
1732433076960 0.65625 527
1732433077324 0.6875 529
1732433077540 0.5625 531
1732433077895 0.75 533
1732433078094 0.625 535
1732433078513 0.75 537
1732433078720 0.75 539
1732433079172 0.71875 541
1732433079428 0.6875 543
1732433079720 0.75 545
1732433079930 0.625 547
1732433080274 0.71875 549
1732433080524 0.75 551
1732433080829 0.78125 553
1732433081064 0.625 555
1732433081424 0.71875 557
1732433081664 0.6666666865348816 559
1732433087496 0.6875 561
1732433088243 0.6875 563
1732433088463 0.65625 565
1732433088679 0.6875 567
1732433089377 0.75 569
1732433089631 0.71875 571
1732433090072 0.6875 573
1732433090342 0.59375 575
1732433090700 0.65625 577
1732433090929 0.71875 579
1732433091224 0.625 581
1732433091431 0.6875 583
1732433091946 0.8125 585
1732433092216 0.71875 587
1732433092439 0.6875 589
1732433092651 0.6875 591
1732433092981 0.625 593
1732433093263 0.6875 595
1732433093507 0.65625 597
1732433093810 0.75 599
1732433094034 0.71875 601
1732433094343 0.78125 603
1732433094655 0.75 605
1732433095027 0.71875 607
1732433095215 0.65625 609
1732433095695 0.75 611
1732433095860 0.6875 613
1732433096235 0.7666666507720947 615
1732433102027 0.8125 617
1732433102415 0.78125 619
1732433103040 0.625 621
1732433103318 0.625 623
1732433103945 0.71875 625
1732433104560 0.71875 627
1732433104932 0.59375 629
1732433105210 0.75 631
1732433105706 0.65625 633
1732433106057 0.75 635
1732433106472 0.71875 637
1732433106775 0.65625 639
1732433107229 0.71875 641
1732433107487 0.6875 643
1732433108016 0.71875 645
1732433108274 0.65625 647
1732433108720 0.6875 649
1732433108943 0.71875 651
1732433109521 0.71875 653
1732433109753 0.6875 655
1732433110342 0.625 657
1732433110575 0.65625 659
1732433111085 0.71875 661
1732433111305 0.6875 663
1732433111650 0.6875 665
1732433111866 0.71875 667
1732433112195 0.59375 669
1732433112466 0.7666666507720947 671
1732433118895 0.6875 673
1732433119381 0.78125 675
1732433119640 0.75 677
1732433119998 0.6875 679
1732433120516 0.6875 681
1732433120850 0.8125 683
1732433121209 0.8125 685
1732433121522 0.75 687
1732433121956 0.75 689
1732433122236 0.75 691
1732433122697 0.78125 693
1732433123212 0.65625 695
1732433123486 0.6875 697
1732433123750 0.6875 699
1732433124237 0.71875 701
1732433124478 0.71875 703
1732433124973 0.65625 705
1732433125337 0.71875 707
1732433125680 0.65625 709
1732433126057 0.65625 711
1732433126447 0.71875 713
1732433126837 0.78125 715
1732433127165 0.65625 717
1732433127390 0.6875 719
1732433127773 0.75 721
1732433127990 0.75 723
1732433128275 0.71875 725
1732433128520 0.699999988079071 727
1732433134613 0.75 729
1732433135375 0.71875 731
1732433135626 0.75 733
1732433135855 0.75 735
1732433136433 0.71875 737
1732433136663 0.71875 739
1732433137068 0.71875 741
1732433137338 0.625 743
1732433137714 0.6875 745
1732433137974 0.625 747
1732433138314 0.75 749
1732433138569 0.6875 751
1732433139042 0.8125 753
1732433139488 0.71875 755
1732433139717 0.6875 757
1732433140047 0.75 759
1732433140320 0.53125 761
1732433140550 0.59375 763
1732433141114 0.6875 765
1732433141376 0.71875 767
1732433141723 0.71875 769
1732433141964 0.875 771
1732433142356 0.8125 773
1732433142605 0.75 775
1732433143198 0.71875 777
1732433143488 0.71875 779
1732433143767 0.625 781
1732433144025 0.6333333253860474 783
1732433150141 0.65625 785
1732433150844 0.71875 787
1732433151277 0.6875 789
1732433151500 0.78125 791
1732433152365 0.71875 793
1732433152659 0.6875 795
1732433152933 0.59375 797
1732433153257 0.75 799
