1732432951298 0.0 55
1732432967161 1.401298464324817e-45 111
1732432981549 2.802596928649634e-45 167
1732432997280 4.203895392974451e-45 223
1732433013298 5.605193857299268e-45 279
1732433028240 7.006492321624085e-45 335
1732433042679 8.407790785948902e-45 391
1732433057176 9.80908925027372e-45 447
1732433071321 1.1210387714598537e-44 503
1732433085440 1.2611686178923354e-44 559
1732433100098 1.401298464324817e-44 615
1732433116221 1.5414283107572988e-44 671
1732433132440 1.6815581571897805e-44 727
1732433148166 0.0 783
