1732432951298 0.0 55
1732432967161 1.5694542800437951e-43 111
1732432981549 2.3541814200656927e-43 167
1732432997280 4.203895392974451e-45 223
1732433013298 3.923635700109488e-43 279
1732433028240 4.708362840131385e-43 335
1732433042679 5.493089980153283e-43 391
1732433057176 6.2778171201751805e-43 447
1732433071321 7.062544260197078e-43 503
1732433085440 7.847271400218976e-43 559
1732433100098 8.631998540240873e-43 615
1732433116221 9.41672568026277e-43 671
1732433132440 1.0201452820284668e-42 727
1732433148166 0.0 783
