1732386787412 0.0 1
1732386787798 0.0 3
1732386789415 0.0 5
1732386789794 0.0 7
1732386790905 0.0 9
1732386791564 0.0 11
1732386792683 0.0 13
1732386793150 0.0 15
1732386794855 0.0 17
1732386795403 0.0 19
1732386796619 0.0 21
1732386797030 0.0 23
1732386797833 0.0 25
1732386798682 0.0 27
1732386799414 0.0 29
1732386800155 0.0 31
1732386801055 0.0 33
1732386801884 0.0 35
1732386803013 0.0 37
1732386803320 0.0 39
1732386804630 0.0 41
1732386804973 0.0 43
1732386806488 0.0 45
1732386806815 0.0 47
1732386808562 0.0 49
1732386808845 0.0 51
1732386809953 0.0 53
1732386810308 0.0 55
1732386811450 0.0 57
1732386811825 0.0 59
1732386812834 0.0 61
1732386813162 0.0 63
1732386814568 0.0 65
1732386814858 0.0 67
1732386816166 0.0 69
1732386816456 0.0 71
1732386817803 0.0 73
1732386818016 0.0 75
1732386818859 0.0 77
1732386824551 0.0 77
1732386824579 0.0 77
1732386826783 1.0 79
1732386827079 1.0 81
1732386827983 1.0 83
1732386828301 1.0 85
1732386829501 1.0 87
1732386829975 1.0 89
1732386831060 1.0 91
1732386831375 1.0 93
1732386832862 1.0 95
1732386833157 1.0 97
1732386834699 1.0 99
1732386834973 1.0 101
1732386836423 1.0 103
1732386836680 1.0 105
1732386838216 1.0 107
1732386838464 1.0 109
1732386839731 1.0 111
1732386839967 1.0 113
1732386841086 1.0 115
1732386841331 1.0 117
1732386842692 1.0 119
1732386842935 1.0 121
1732386844156 1.0 123
1732386844439 1.0 125
1732386845749 1.0 127
1732386846009 1.0 129
1732386847420 1.0 131
1732386847675 1.0 133
1732386848924 1.0 135
1732386849170 1.0 137
1732386850276 1.0 139
1732386850518 1.0 141
1732386851835 1.0 143
1732386852068 1.0 145
1732386853554 1.0 147
1732386853806 1.0 149
1732386855060 1.0 151
1732386855286 1.0 153
1732386855797 1.0 155
1732386861890 1.0 155
1732386861913 1.0 155
1732386864565 2.0 157
1732386864869 2.0 159
1732386865876 2.0 161
1732386866235 2.0 163
1732386867579 2.0 165
1732386867835 2.0 167
1732386869276 2.0 169
1732386869503 2.0 171
1732386870857 2.0 173
1732386871103 2.0 175
1732386872507 2.0 177
1732386872756 2.0 179
1732386873943 2.0 181
1732386874184 2.0 183
1732386875418 2.0 185
1732386875694 2.0 187
1732386876832 2.0 189
1732386877130 2.0 191
1732386878361 2.0 193
1732386878628 2.0 195
1732386879649 2.0 197
1732386879907 2.0 199
1732386881187 2.0 201
1732386881430 2.0 203
1732386882844 2.0 205
1732386883090 2.0 207
1732386884486 2.0 209
1732386884749 2.0 211
1732386885950 2.0 213
1732386886216 2.0 215
1732386887270 2.0 217
1732386887540 2.0 219
1732386888989 2.0 221
1732386889233 2.0 223
1732386890607 2.0 225
1732386890858 2.0 227
1732386892013 2.0 229
1732386892238 2.0 231
1732386892949 2.0 233
1732386899011 2.0 233
1732386899038 2.0 233
1732386901621 3.0 235
1732386901919 3.0 237
1732386903544 3.0 239
1732386903817 3.0 241
1732386905023 3.0 243
1732386905283 3.0 245
1732386906320 3.0 247
1732386906558 3.0 249
1732386907886 3.0 251
1732386908125 3.0 253
1732386909371 3.0 255
1732386909599 3.0 257
1732386911022 3.0 259
1732386911248 3.0 261
1732386912463 3.0 263
1732386912685 3.0 265
1732386914076 3.0 267
1732386914303 3.0 269
1732386915615 3.0 271
1732386915845 3.0 273
1732386916986 3.0 275
1732386917234 3.0 277
1732386918343 3.0 279
1732386918585 3.0 281
1732386919707 3.0 283
1732386919934 3.0 285
1732386921195 3.0 287
1732386921507 3.0 289
1732386922757 3.0 291
1732386923011 3.0 293
1732386924196 3.0 295
1732386924452 3.0 297
1732386925684 3.0 299
1732386925944 3.0 301
1732386926908 3.0 303
1732386927186 3.0 305
1732386928306 3.0 307
1732386928804 3.0 309
1732386929097 3.0 311
1732386934998 3.0 311
1732386935026 3.0 311
1732386937832 4.0 313
1732386938128 4.0 315
1732386939245 4.0 317
1732386939517 4.0 319
1732386940861 4.0 321
1732386941107 4.0 323
1732386942417 4.0 325
1732386942659 4.0 327
1732386943877 4.0 329
1732386944115 4.0 331
1732386945414 4.0 333
1732386945667 4.0 335
1732386946949 4.0 337
1732386947181 4.0 339
1732386948582 4.0 341
1732386948825 4.0 343
1732386950158 4.0 345
1732386950433 4.0 347
1732386951947 4.0 349
1732386952199 4.0 351
1732386953557 4.0 353
1732386953831 4.0 355
1732386954853 4.0 357
1732386955168 4.0 359
1732386956464 4.0 361
1732386956707 4.0 363
1732386957780 4.0 365
1732386958130 4.0 367
1732386959488 4.0 369
1732386959808 4.0 371
1732386961226 4.0 373
1732386961482 4.0 375
1732386962826 4.0 377
1732386963135 4.0 379
1732386964314 4.0 381
1732386964571 4.0 383
1732386965747 4.0 385
1732386965985 4.0 387
1732386966916 4.0 389
1732386972629 4.0 389
1732386972657 4.0 389
1732386974861 5.0 391
1732386975146 5.0 393
1732386976653 5.0 395
1732386976935 5.0 397
1732386978298 5.0 399
1732386978572 5.0 401
1732386980215 5.0 403
1732386980499 5.0 405
1732386981864 5.0 407
1732386982224 5.0 409
1732386983576 5.0 411
1732386983865 5.0 413
1732386985030 5.0 415
1732386985426 5.0 417
1732386986508 5.0 419
1732386986788 5.0 421
1732386988128 5.0 423
1732386988383 5.0 425
1732386989897 5.0 427
1732386990173 5.0 429
1732386991332 5.0 431
1732386991632 5.0 433
1732386992824 5.0 435
1732386993100 5.0 437
1732386994346 5.0 439
1732386994596 5.0 441
