1732386787081 1.3888380527496338 0
1732386787377 1.4105441570281982 1
1732386787551 1.6186683177947998 2
1732386787758 1.3686683177947998 3
1732386789223 1.6186683177947998 4
1732386789374 1.6186683177947998 5
1732386789595 1.4311683177947998 6
1732386789755 1.4311683177947998 7
1732386790727 1.3686683177947998 8
1732386790866 1.5561683177947998 9
1732386791392 1.1811683177947998 10
1732386791525 1.4311681985855103 11
1732386792501 1.6186683177947998 12
1732386792643 1.4311683177947998 13
1732386792947 1.4936683177947998 14
1732386793110 1.4936683177947998 15
1732386794577 1.4311683177947998 16
1732386794794 1.4311683177947998 17
1732386795049 1.3061683177947998 18
1732386795361 1.4311683177947998 19
1732386796434 1.4936683177947998 20
1732386796581 1.4311683177947998 21
1732386796745 1.4311683177947998 22
1732386796977 1.4311683177947998 23
1732386797662 1.4936683177947998 24
1732386797795 1.5561683177947998 25
1732386798517 1.5561683177947998 26
1732386798642 1.3061683177947998 27
1732386799235 1.6186683177947998 28
1732386799372 1.5561683177947998 29
1732386799970 1.5561683177947998 30
1732386800114 1.6811683177947998 31
1732386800883 1.4311683177947998 32
1732386801017 1.6186683177947998 33
1732386801653 1.5561683177947998 34
1732386801842 1.4311683177947998 35
1732386802844 1.3686683177947998 36
1732386802976 1.3686683177947998 37
1732386803117 1.3686683177947998 38
1732386803272 1.4311683177947998 39
1732386804456 1.3686683177947998 40
1732386804588 1.4311683177947998 41
1732386804758 1.6186683177947998 42
1732386804933 1.5561683177947998 43
1732386806322 1.2436681985855103 44
1732386806446 1.5561683177947998 45
1732386806593 1.5561683177947998 46
1732386806763 1.4936683177947998 47
1732386808388 1.3061683177947998 48
1732386808521 1.2436683177947998 49
1732386808666 1.4936683177947998 50
1732386808805 1.3686683177947998 51
1732386809781 1.4936683177947998 52
1732386809915 1.4311683177947998 53
1732386810069 1.4936683177947998 54
1732386810265 1.3686683177947998 55
1732386811268 1.4936683177947998 56
1732386811408 1.4311683177947998 57
1732386811626 1.5561683177947998 58
1732386811786 1.3686683177947998 59
1732386812654 1.6811683177947998 60
1732386812796 1.4311683177947998 61
1732386812943 1.5561683177947998 62
1732386813102 1.3686683177947998 63
1732386814419 1.4936683177947998 64
1732386814529 1.4936683177947998 65
1732386814669 1.4311683177947998 66
1732386814817 1.5561683177947998 67
1732386816017 1.4936683177947998 68
1732386816127 1.3686683177947998 69
1732386816256 1.6186683177947998 70
1732386816415 1.4311683177947998 71
1732386817656 1.4311681985855103 72
1732386817766 1.4311683177947998 73
1732386817880 1.5561683177947998 74
1732386817978 1.4311683177947998 75
1732386818728 1.4311683177947998 76
1732386818822 1.4936683177947998 77
1732386826586 1.6811683177947998 0
1732386826745 1.3686683177947998 1
1732386826897 1.5561683177947998 2
1732386827040 1.3686683177947998 3
1732386827800 1.5561683177947998 4
1732386827940 1.4936683177947998 5
1732386828147 1.4936683177947998 6
1732386828263 1.3061683177947998 7
1732386829303 1.4936683177947998 8
1732386829463 1.6186683177947998 9
1732386829820 1.6186683177947998 10
1732386829937 1.5561683177947998 11
1732386830882 1.6186683177947998 12
1732386831019 1.2436683177947998 13
1732386831204 1.4936683177947998 14
1732386831338 1.4311683177947998 15
1732386832660 1.3686683177947998 16
1732386832820 1.4936683177947998 17
1732386832969 1.5561683177947998 18
1732386833118 1.4936683177947998 19
1732386834129 1.4311683177947998 20
1732386834661 1.4936683177947998 21
1732386834800 1.4936683177947998 22
1732386834933 1.5561683177947998 23
1732386835628 1.6186683177947998 24
1732386836377 1.5561683177947998 25
1732386836510 1.4311681985855103 26
1732386836640 1.4936683177947998 27
1732386837251 1.3686683177947998 28
1732386838177 1.4311683177947998 29
1732386838300 1.4311683177947998 30
1732386838423 1.5561683177947998 31
1732386838729 1.5561683177947998 32
1732386839692 1.5561683177947998 33
1732386839814 1.3686683177947998 34
1732386839930 1.6811683177947998 35
1732386840323 1.3061683177947998 36
1732386841046 1.3686683177947998 37
1732386841177 1.5561683177947998 38
1732386841292 1.4311683177947998 39
1732386842003 1.4311683177947998 40
1732386842652 1.3061683177947998 41
1732386842779 1.6186683177947998 42
1732386842897 1.3686683177947998 43
1732386843817 1.3061683177947998 44
1732386844114 1.3686681985855103 45
1732386844272 1.4311683177947998 46
1732386844392 1.4936683177947998 47
1732386845271 1.4311683177947998 48
1732386845708 1.4936683177947998 49
1732386845835 1.4311683177947998 50
1732386845969 1.4936683177947998 51
1732386846574 1.6811683177947998 52
1732386847381 1.4936683177947998 53
1732386847513 1.3686683177947998 54
1732386847637 1.4311683177947998 55
1732386848184 1.4936681985855103 56
1732386848885 1.4936683177947998 57
1732386849016 1.3061683177947998 58
1732386849132 1.3061683177947998 59
1732386849877 1.6186683177947998 60
1732386850237 1.4936683177947998 61
1732386850361 1.4311683177947998 62
1732386850479 1.5561683177947998 63
1732386851451 1.6186683177947998 64
1732386851793 1.5561683177947998 65
1732386851917 1.3686683177947998 66
1732386852029 1.1186683177947998 67
1732386852852 1.4936683177947998 68
1732386853515 1.4936683177947998 69
1732386853644 1.3686683177947998 70
1732386853765 1.3061683177947998 71
1732386854281 1.5561683177947998 72
1732386855022 1.4936683177947998 73
1732386855143 1.4311683177947998 74
1732386855247 1.3061683177947998 75
1732386855619 1.3686683177947998 76
1732386855773 1.3686683177947998 77
1732386864379 1.4311683177947998 0
1732386864525 1.4936683177947998 1
1732386864671 1.2436683177947998 2
1732386864825 1.4311683177947998 3
1732386865644 1.5561683177947998 4
1732386865838 1.4311683177947998 5
1732386866051 1.6811683177947998 6
1732386866196 1.3061683177947998 7
1732386867133 1.4311683177947998 8
1732386867540 1.4936683177947998 9
1732386867672 1.4311683177947998 10
1732386867795 1.5561683177947998 11
1732386868521 1.5561683177947998 12
1732386869237 1.5561683177947998 13
1732386869355 1.4311683177947998 14
1732386869461 1.4311683177947998 15
1732386869946 1.4936683177947998 16
1732386870816 1.3061683177947998 17
1732386870953 1.4311683177947998 18
1732386871064 1.4311683177947998 19
1732386871452 1.3061683177947998 20
1732386872465 1.3686683177947998 21
1732386872596 1.5561683177947998 22
1732386872715 1.5561683177947998 23
1732386872905 1.4936683177947998 24
1732386873900 1.1811683177947998 25
1732386874020 1.3686683177947998 26
1732386874143 1.6186683177947998 27
1732386874337 1.4936683177947998 28
1732386875377 1.3686683177947998 29
1732386875510 1.4936683177947998 30
1732386875652 1.4936683177947998 31
1732386875854 1.3061683177947998 32
1732386876793 1.5561683177947998 33
1732386876926 1.3686683177947998 34
1732386877088 1.4936683177947998 35
1732386877240 1.4936683177947998 36
1732386878322 1.4936683177947998 37
1732386878447 1.1811683177947998 38
1732386878588 1.5561683177947998 39
1732386878837 1.5561683177947998 40
1732386879610 1.4311683177947998 41
1732386879728 1.4311683177947998 42
1732386879867 1.5561683177947998 43
1732386880588 1.3061683177947998 44
1732386881150 1.4936683177947998 45
1732386881280 1.4311683177947998 46
1732386881389 1.3061683177947998 47
1732386882033 1.4936683177947998 48
1732386882806 1.4311683177947998 49
1732386882943 1.3686683177947998 50
1732386883052 1.4936683177947998 51
1732386883572 1.4936683177947998 52
1732386884448 1.4311683177947998 53
1732386884572 1.4936683177947998 54
1732386884709 1.4936683177947998 55
1732386884874 1.4936683177947998 56
1732386885910 1.4936683177947998 57
1732386886040 1.6186683177947998 58
1732386886175 1.6186683177947998 59
1732386886713 1.3061683177947998 60
1732386887226 1.4936683177947998 61
1732386887353 1.6186683177947998 62
1732386887501 1.3686683177947998 63
1732386888427 1.5561683177947998 64
1732386888950 1.4311683177947998 65
1732386889082 1.4936683177947998 66
1732386889193 1.4311683177947998 67
1732386890141 1.4936683177947998 68
1732386890567 1.6186683177947998 69
1732386890694 1.6186683177947998 70
1732386890820 1.3686683177947998 71
1732386891561 1.4311683177947998 72
1732386891975 1.6811683177947998 73
1732386892096 1.6186683177947998 74
1732386892200 1.3686683177947998 75
1732386892782 1.4936683177947998 76
1732386892928 1.6186683177947998 77
1732386901428 1.4936683177947998 0
1732386901577 1.3061683177947998 1
1732386901746 1.4311683177947998 2
1732386901874 1.3686683177947998 3
1732386903358 1.4936683177947998 4
1732386903504 1.6186683177947998 5
1732386903649 1.3686683177947998 6
1732386903776 1.6811683177947998 7
1732386904448 1.3686683177947998 8
1732386904983 1.4936683177947998 9
1732386905115 1.5561683177947998 10
1732386905244 1.5561683177947998 11
1732386905832 1.3686683177947998 12
1732386906279 1.4936683177947998 13
1732386906406 1.3061683177947998 14
1732386906520 1.2436683177947998 15
1732386907388 1.4936683177947998 16
1732386907847 1.5561683177947998 17
1732386907976 1.5561683177947998 18
1732386908087 1.3686683177947998 19
1732386908686 1.3686683177947998 20
1732386909333 1.6186683177947998 21
1732386909456 1.3686683177947998 22
1732386909560 1.5561683177947998 23
1732386910126 1.4311683177947998 24
1732386910983 1.4311683177947998 25
1732386911101 1.4311683177947998 26
1732386911208 1.3686683177947998 27
1732386911612 1.3061683177947998 28
1732386912425 1.3061681985855103 29
1732386912540 1.4936683177947998 30
1732386912646 1.4311683177947998 31
1732386913055 1.4936683177947998 32
1732386914037 1.3061683177947998 33
1732386914156 1.4311683177947998 34
1732386914261 1.5561683177947998 35
1732386914521 1.4311683177947998 36
1732386915576 1.3061683177947998 37
1732386915694 1.6186683177947998 38
1732386915804 1.6186683177947998 39
1732386915994 1.5561683177947998 40
1732386916948 1.4311683177947998 41
1732386917070 1.3686683177947998 42
1732386917197 1.4936683177947998 43
1732386917317 1.5561683177947998 44
1732386918304 1.5561683177947998 45
1732386918433 1.3686683177947998 46
1732386918544 1.5561683177947998 47
1732386918828 1.4936683177947998 48
1732386919668 1.4311683177947998 49
1732386919791 1.4936683177947998 50
1732386919895 1.5561683177947998 51
1732386920200 1.5561683177947998 52
1732386921155 1.4311683177947998 53
1732386921344 1.4311683177947998 54
1732386921464 1.4311683177947998 55
1732386921649 1.2436683177947998 56
1732386922716 1.3686683177947998 57
1732386922849 1.4936683177947998 58
1732386922970 1.3686683177947998 59
1732386923125 1.5561683177947998 60
1732386924158 1.5561683177947998 61
1732386924275 1.5561683177947998 62
1732386924409 1.4311681985855103 63
1732386924610 1.4936683177947998 64
1732386925645 1.4311683177947998 65
1732386925776 1.3686681985855103 66
1732386925903 1.4311683177947998 67
1732386926040 1.5561683177947998 68
1732386926867 1.6811683177947998 69
1732386927016 1.5561683177947998 70
1732386927143 1.4936683177947998 71
1732386927333 1.4311683177947998 72
1732386928268 1.6811683177947998 73
1732386928636 1.4936683177947998 74
1732386928766 1.3686683177947998 75
1732386928923 1.4311683177947998 76
1732386929074 1.6186683177947998 77
1732386937642 1.4936683177947998 0
1732386937792 1.4936683177947998 1
1732386937949 1.3686683177947998 2
1732386938090 1.3686683177947998 3
1732386938884 1.3686683177947998 4
1732386939205 1.4936683177947998 5
1732386939346 1.4936683177947998 6
1732386939477 1.3061683177947998 7
1732386940330 1.3686683177947998 8
1732386940816 1.4311683177947998 9
1732386940946 1.6186683177947998 10
1732386941068 1.4311683177947998 11
1732386941706 1.4936683177947998 12
1732386942375 1.3686683177947998 13
1732386942498 1.4311683177947998 14
1732386942620 1.5561683177947998 15
1732386943332 1.4311683177947998 16
1732386943838 1.5561683177947998 17
1732386943958 1.3686683177947998 18
1732386944074 1.3686683177947998 19
1732386945103 1.2436683177947998 20
1732386945376 1.5561683177947998 21
1732386945500 1.5561683177947998 22
1732386945627 1.3061683177947998 23
1732386946767 1.3061683177947998 24
1732386946911 1.5561683177947998 25
1732386947034 1.3686683177947998 26
1732386947142 1.5561681985855103 27
1732386948324 1.3686683177947998 28
1732386948543 1.4936683177947998 29
1732386948680 1.4311683177947998 30
1732386948786 1.4311683177947998 31
1732386949937 1.4936683177947998 32
1732386950117 1.4936683177947998 33
1732386950257 1.5561683177947998 34
1732386950392 1.5561683177947998 35
1732386951767 1.4936683177947998 36
1732386951908 1.7436683177947998 37
1732386952051 1.4311683177947998 38
1732386952160 1.6186683177947998 39
1732386953388 1.4936683177947998 40
1732386953519 1.4936683177947998 41
1732386953664 1.5561681985855103 42
1732386953792 1.4936683177947998 43
1732386954698 1.5561683177947998 44
1732386954811 1.3686683177947998 45
1732386954976 1.3061683177947998 46
1732386955129 1.4311683177947998 47
1732386956305 1.1811683177947998 48
1732386956424 1.5561683177947998 49
1732386956559 1.4311683177947998 50
1732386956669 1.7436683177947998 51
1732386957605 1.2436683177947998 52
1732386957739 1.2436683177947998 53
1732386957898 1.4311683177947998 54
1732386958075 1.5561683177947998 55
1732386959300 1.4311683177947998 56
1732386959448 1.4936683177947998 57
1732386959592 1.4936683177947998 58
1732386959767 1.4311683177947998 59
1732386960830 1.4311683177947998 60
1732386961185 1.3686683177947998 61
1732386961323 1.3686683177947998 62
1732386961440 1.4311683177947998 63
1732386962379 1.6186683177947998 64
1732386962787 1.4311683177947998 65
1732386962948 1.3686683177947998 66
1732386963094 1.6186683177947998 67
1732386964111 1.6186683177947998 68
1732386964273 1.5561683177947998 69
1732386964412 1.1811683177947998 70
1732386964532 1.5561683177947998 71
1732386965467 1.5561683177947998 72
1732386965709 1.6186683177947998 73
1732386965835 1.4936683177947998 74
1732386965948 1.4936683177947998 75
1732386966732 1.6811683177947998 76
1732386966895 1.6186683177947998 77
1732386974685 1.3686683177947998 0
1732386974822 1.6186683177947998 1
1732386974970 1.5561683177947998 2
1732386975107 1.6186683177947998 3
1732386976433 1.3061683177947998 4
1732386976614 1.4936683177947998 5
1732386976761 1.3061683177947998 6
1732386976896 1.5561683177947998 7
1732386977956 1.3061683177947998 8
1732386978258 1.3061683177947998 9
1732386978398 1.6811683177947998 10
1732386978531 1.3061683177947998 11
1732386980018 1.5561683177947998 12
1732386980175 1.4936683177947998 13
1732386980318 1.3061683177947998 14
1732386980458 1.3686683177947998 15
1732386981599 1.4936683177947998 16
1732386981822 1.1811683177947998 17
1732386981991 1.5561683177947998 18
1732386982184 1.5561683177947998 19
1732386983409 1.2436683177947998 20
1732386983535 1.4936683177947998 21
1732386983667 1.4936683177947998 22
1732386983826 1.4311683177947998 23
1732386984875 1.3061683177947998 24
1732386984990 1.3061683177947998 25
1732386985131 1.6186683177947998 26
1732386985381 1.6186683177947998 27
1732386986350 1.4311683177947998 28
1732386986467 1.5561683177947998 29
1732386986602 1.3686683177947998 30
1732386986749 1.4936683177947998 31
1732386987951 1.3686683177947998 32
1732386988088 1.2436683177947998 33
1732386988213 1.3686683177947998 34
1732386988342 1.6811683177947998 35
1732386989716 1.4936681985855103 36
1732386989858 1.4311683177947998 37
1732386989981 1.4936683177947998 38
1732386990132 1.3686683177947998 39
1732386991178 1.5561683177947998 40
1732386991293 1.5561683177947998 41
1732386991432 1.4311683177947998 42
1732386991591 1.6811683177947998 43
1732386992665 1.4936683177947998 44
1732386992786 1.3686683177947998 45
1732386992913 1.4936683177947998 46
1732386993059 1.5561681985855103 47
1732386994189 1.6186683177947998 48
1732386994306 1.5561683177947998 49
1732386994433 1.4936683177947998 50
1732386994556 1.4311683177947998 51
