1732386787412 0.375 1
1732386787798 0.6875 3
1732386789415 0.5625 5
1732386789794 0.65625 7
1732386790905 0.59375 9
1732386791564 0.65625 11
1732386792683 0.65625 13
1732386793150 0.625 15
1732386794855 0.65625 17
1732386795403 0.65625 19
1732386796619 0.65625 21
1732386797030 0.65625 23
1732386797833 0.59375 25
1732386798682 0.71875 27
1732386799414 0.59375 29
1732386800155 0.53125 31
1732386801055 0.5625 33
1732386801884 0.65625 35
1732386803013 0.6875 37
1732386803320 0.65625 39
1732386804630 0.65625 41
1732386804973 0.59375 43
1732386806488 0.59375 45
1732386806815 0.625 47
1732386808562 0.75 49
1732386808845 0.6875 51
1732386809953 0.65625 53
1732386810308 0.6875 55
1732386811450 0.65625 57
1732386811825 0.6875 59
1732386812834 0.65625 61
1732386813162 0.6875 63
1732386814568 0.625 65
1732386814858 0.59375 67
1732386816166 0.6875 69
1732386816456 0.65625 71
1732386817803 0.65625 73
1732386818016 0.65625 75
1732386818859 0.625 77
1732386824579 0.0 77
1732386826783 0.6875 79
1732386827079 0.6875 81
1732386827983 0.625 83
1732386828301 0.71875 85
1732386829501 0.5625 87
1732386829975 0.59375 89
1732386831060 0.75 91
1732386831375 0.65625 93
1732386832862 0.625 95
1732386833157 0.625 97
1732386834699 0.625 99
1732386834973 0.59375 101
1732386836423 0.59375 103
1732386836680 0.625 105
1732386838216 0.65625 107
1732386838464 0.59375 109
1732386839731 0.59375 111
1732386839967 0.53125 113
1732386841086 0.6875 115
1732386841331 0.65625 117
1732386842692 0.71875 119
1732386842935 0.6875 121
1732386844156 0.6875 123
1732386844439 0.625 125
1732386845749 0.625 127
1732386846009 0.625 129
1732386847420 0.625 131
1732386847675 0.65625 133
1732386848924 0.625 135
1732386849170 0.71875 137
1732386850276 0.625 139
1732386850518 0.59375 141
1732386851835 0.59375 143
1732386852068 0.8125 145
1732386853554 0.625 147
1732386853806 0.71875 149
1732386855060 0.625 151
1732386855286 0.71875 153
1732386855797 0.6875 155
1732386861913 1.401298464324817e-45 155
1732386864565 0.625 157
1732386864869 0.65625 159
1732386865876 0.65625 161
1732386866235 0.71875 163
1732386867579 0.625 165
1732386867835 0.59375 167
1732386869276 0.59375 169
1732386869503 0.65625 171
1732386870857 0.71875 173
1732386871103 0.65625 175
1732386872507 0.6875 177
1732386872756 0.59375 179
1732386873943 0.78125 181
1732386874184 0.5625 183
1732386875418 0.6875 185
1732386875694 0.625 187
1732386876832 0.59375 189
1732386877130 0.625 191
1732386878361 0.625 193
1732386878628 0.59375 195
1732386879649 0.65625 197
1732386879907 0.59375 199
1732386881187 0.625 201
1732386881430 0.71875 203
1732386882844 0.65625 205
1732386883090 0.625 207
1732386884486 0.65625 209
1732386884749 0.625 211
1732386885950 0.625 213
1732386886216 0.5625 215
1732386887270 0.625 217
1732386887540 0.6875 219
1732386888989 0.65625 221
1732386889233 0.65625 223
1732386890607 0.5625 225
1732386890858 0.6875 227
1732386892013 0.53125 229
1732386892238 0.6875 231
1732386892949 0.5625 233
1732386899038 0.0 233
1732386901621 0.71875 235
1732386901919 0.6875 237
1732386903544 0.5625 239
1732386903817 0.53125 241
1732386905023 0.625 243
1732386905283 0.59375 245
1732386906320 0.625 247
1732386906558 0.75 249
1732386907886 0.59375 251
1732386908125 0.6875 253
1732386909371 0.5625 255
1732386909599 0.59375 257
1732386911022 0.65625 259
1732386911248 0.6875 261
1732386912463 0.71875 263
1732386912685 0.65625 265
1732386914076 0.71875 267
1732386914303 0.59375 269
1732386915615 0.71875 271
1732386915845 0.5625 273
1732386916986 0.65625 275
1732386917234 0.625 277
1732386918343 0.59375 279
1732386918585 0.59375 281
1732386919707 0.65625 283
1732386919934 0.59375 285
1732386921195 0.65625 287
1732386921507 0.65625 289
1732386922757 0.6875 291
1732386923011 0.6875 293
1732386924196 0.59375 295
1732386924452 0.65625 297
1732386925684 0.65625 299
1732386925944 0.65625 301
1732386926908 0.53125 303
1732386927186 0.625 305
1732386928306 0.53125 307
1732386928804 0.6875 309
1732386929097 0.5625 311
1732386935026 4.203895392974451e-45 311
1732386937832 0.625 313
1732386938128 0.6875 315
1732386939245 0.625 317
1732386939517 0.71875 319
1732386940861 0.65625 321
1732386941107 0.65625 323
1732386942417 0.6875 325
1732386942659 0.59375 327
1732386943877 0.59375 329
1732386944115 0.6875 331
1732386945414 0.59375 333
1732386945667 0.71875 335
1732386946949 0.59375 337
1732386947181 0.59375 339
1732386948582 0.625 341
1732386948825 0.65625 343
1732386950158 0.625 345
1732386950433 0.59375 347
1732386951947 0.5 349
1732386952199 0.5625 351
1732386953557 0.625 353
1732386953831 0.625 355
1732386954853 0.6875 357
1732386955168 0.65625 359
1732386956464 0.59375 361
1732386956707 0.5 363
1732386957780 0.75 365
1732386958130 0.59375 367
1732386959488 0.625 369
1732386959808 0.65625 371
1732386961226 0.6875 373
1732386961482 0.65625 375
1732386962826 0.65625 377
1732386963135 0.5625 379
1732386964314 0.59375 381
1732386964571 0.59375 383
1732386965747 0.5625 385
1732386965985 0.625 387
1732386966916 0.5625 389
1732386972657 5.605193857299268e-45 389
1732386974861 0.5625 391
1732386975146 0.5625 393
1732386976653 0.625 395
1732386976935 0.59375 397
1732386978298 0.71875 399
1732386978572 0.71875 401
1732386980215 0.625 403
1732386980499 0.6875 405
1732386981864 0.78125 407
1732386982224 0.59375 409
1732386983576 0.625 411
1732386983865 0.65625 413
1732386985030 0.71875 415
1732386985426 0.5625 417
1732386986508 0.59375 419
1732386986788 0.625 421
1732386988128 0.75 423
1732386988383 0.53125 425
1732386989897 0.65625 427
1732386990173 0.6875 429
1732386991332 0.59375 431
1732386991632 0.53125 433
1732386992824 0.6875 435
1732386993100 0.59375 437
1732386994346 0.59375 439
1732386994596 0.65625 441
