1732435871933 0.0 1
1732435872428 0.0 3
1732435872845 0.0 5
1732435873121 0.0 7
1732435873317 0.0 9
1732435873788 0.0 11
1732435874026 0.0 13
1732435874469 0.0 15
1732435874757 0.0 17
1732435875164 0.0 19
1732435875396 0.0 21
1732435875818 0.0 23
1732435876209 0.0 25
1732435876585 0.0 27
1732435876871 0.0 29
1732435877160 0.0 31
1732435877590 0.0 33
1732435877846 0.0 35
1732435878172 0.0 37
1732435878455 0.0 39
1732435878806 0.0 41
1732435879194 0.0 43
1732435879411 0.0 45
1732435879693 0.0 47
1732435879945 0.0 49
1732435880339 0.0 51
1732435880523 0.0 53
1732435880879 0.0 55
1732435884629 0.0 55
1732435884660 0.0 55
1732435886968 1.0 57
1732435887725 1.0 59
1732435888044 1.0 61
1732435888384 1.0 63
1732435888971 1.0 65
1732435889279 1.0 67
1732435889866 1.0 69
1732435890254 1.0 71
1732435890580 1.0 73
1732435890979 1.0 75
1732435891569 1.0 77
1732435892009 1.0 79
1732435892449 1.0 81
1732435892815 1.0 83
1732435893212 1.0 85
1732435893541 1.0 87
1732435894124 1.0 89
1732435894427 1.0 91
1732435894939 1.0 93
1732435895200 1.0 95
1732435895552 1.0 97
1732435896068 1.0 99
1732435896701 1.0 101
1732435896929 1.0 103
1732435897233 1.0 105
1732435897455 1.0 107
1732435897637 1.0 109
1732435897829 1.0 111
1732435901648 1.0 111
1732435901676 1.0 111
1732435903731 2.0 113
1732435904592 2.0 115
1732435904931 2.0 117
1732435905169 2.0 119
1732435905870 2.0 121
1732435906274 2.0 123
1732435906654 2.0 125
1732435906949 2.0 127
1732435907328 2.0 129
1732435907553 2.0 131
1732435907995 2.0 133
1732435908274 2.0 135
1732435908620 2.0 137
1732435908876 2.0 139
1732435909338 2.0 141
1732435909648 2.0 143
1732435909864 2.0 145
1732435910211 2.0 147
1732435910477 2.0 149
1732435910762 2.0 151
1732435911020 2.0 153
1732435911310 2.0 155
1732435911669 2.0 157
1732435911927 2.0 159
1732435912261 2.0 161
1732435912524 2.0 163
1732435912799 2.0 165
1732435912969 2.0 167
1732435916703 2.0 167
1732435916736 2.0 167
1732435918880 3.0 169
1732435919782 3.0 171
1732435920160 3.0 173
1732435920379 3.0 175
1732435921041 3.0 177
1732435921344 3.0 179
1732435921851 3.0 181
1732435922134 3.0 183
1732435922546 3.0 185
1732435922830 3.0 187
1732435923248 3.0 189
1732435923763 3.0 191
1732435924149 3.0 193
1732435924751 3.0 195
1732435925006 3.0 197
1732435925486 3.0 199
1732435925870 3.0 201
1732435926371 3.0 203
1732435926901 3.0 205
1732435927253 3.0 207
1732435927477 3.0 209
1732435928179 3.0 211
1732435928402 3.0 213
1732435928993 3.0 215
1732435929224 3.0 217
1732435929486 3.0 219
1732435929688 3.0 221
1732435929891 3.0 223
1732435934058 3.0 223
1732435934093 3.0 223
1732435936163 4.0 225
1732435937013 4.0 227
1732435937474 4.0 229
1732435937693 4.0 231
1732435938492 4.0 233
1732435938873 4.0 235
1732435939160 4.0 237
1732435939536 4.0 239
1732435939968 4.0 241
1732435940430 4.0 243
1732435940725 4.0 245
1732435941067 4.0 247
1732435941313 4.0 249
1732435941785 4.0 251
1732435942144 4.0 253
1732435942507 4.0 255
1732435942915 4.0 257
1732435943284 4.0 259
1732435943704 4.0 261
1732435944027 4.0 263
1732435944542 4.0 265
1732435944836 4.0 267
1732435945407 4.0 269
1732435945633 4.0 271
1732435945991 4.0 273
1732435946231 4.0 275
1732435946429 4.0 277
1732435946667 4.0 279
1732435950527 4.0 279
1732435950559 4.0 279
1732435952795 5.0 281
1732435953538 5.0 283
1732435953867 5.0 285
1732435954082 5.0 287
1732435954941 5.0 289
1732435955542 5.0 291
1732435955781 5.0 293
1732435956235 5.0 295
1732435956477 5.0 297
1732435956832 5.0 299
1732435957201 5.0 301
1732435957596 5.0 303
1732435957841 5.0 305
1732435958378 5.0 307
1732435958740 5.0 309
1732435959211 5.0 311
1732435959646 5.0 313
1732435960096 5.0 315
1732435960541 5.0 317
1732435960946 5.0 319
1732435961446 5.0 321
1732435961766 5.0 323
1732435962269 5.0 325
1732435962571 5.0 327
1732435962861 5.0 329
1732435963077 5.0 331
1732435963276 5.0 333
1732435963526 5.0 335
1732435967624 5.0 335
1732435967652 5.0 335
1732435969845 6.0 337
1732435970560 6.0 339
1732435970942 6.0 341
1732435971363 6.0 343
1732435971803 6.0 345
1732435972034 6.0 347
1732435972483 6.0 349
1732435972740 6.0 351
1732435973154 6.0 353
1732435973763 6.0 355
1732435974252 6.0 357
1732435974875 6.0 359
1732435975162 6.0 361
1732435975770 6.0 363
1732435976054 6.0 365
1732435976291 6.0 367
1732435976891 6.0 369
1732435977461 6.0 371
1732435977800 6.0 373
1732435978013 6.0 375
1732435978737 6.0 377
1732435979031 6.0 379
1732435979568 6.0 381
1732435979910 6.0 383
1732435980415 6.0 385
1732435980660 6.0 387
1732435980998 6.0 389
1732435981243 6.0 391
1732435985615 6.0 391
1732435985643 6.0 391
1732435987708 7.0 393
1732435988375 7.0 395
1732435988666 7.0 397
1732435988928 7.0 399
1732435989525 7.0 401
1732435989865 7.0 403
1732435990178 7.0 405
1732435990499 7.0 407
1732435990801 7.0 409
1732435991036 7.0 411
1732435991494 7.0 413
1732435991863 7.0 415
1732435992283 7.0 417
1732435992533 7.0 419
1732435992819 7.0 421
1732435993124 7.0 423
1732435993383 7.0 425
1732435993662 7.0 427
1732435993923 7.0 429
1732435994158 7.0 431
1732435994534 7.0 433
1732435994777 7.0 435
1732435995148 7.0 437
1732435995414 7.0 439
1732435995656 7.0 441
1732435995868 7.0 443
1732435996140 7.0 445
1732435996409 7.0 447
1732436000223 7.0 447
1732436000250 7.0 447
1732436002142 8.0 449
1732436002580 8.0 451
1732436003130 8.0 453
1732436003458 8.0 455
1732436003901 8.0 457
1732436004370 8.0 459
1732436004620 8.0 461
1732436004999 8.0 463
1732436005530 8.0 465
1732436005804 8.0 467
1732436006057 8.0 469
1732436006518 8.0 471
1732436006980 8.0 473
1732436007252 8.0 475
1732436007654 8.0 477
1732436007907 8.0 479
1732436008147 8.0 481
1732436008538 8.0 483
1732436008778 8.0 485
1732436009256 8.0 487
1732436009584 8.0 489
1732436009906 8.0 491
1732436010221 8.0 493
1732436010474 8.0 495
1732436010820 8.0 497
1732436011046 8.0 499
1732436011249 8.0 501
1732436011643 8.0 503
1732436015760 8.0 503
1732436015792 8.0 503
1732436017971 9.0 505
1732436018736 9.0 507
1732436019150 9.0 509
1732436019370 9.0 511
1732436020208 9.0 513
1732436020511 9.0 515
1732436020784 9.0 517
1732436021212 9.0 519
1732436021574 9.0 521
1732436021935 9.0 523
1732436022317 9.0 525
1732436022896 9.0 527
1732436023163 9.0 529
1732436023367 9.0 531
1732436024010 9.0 533
1732436024223 9.0 535
1732436024826 9.0 537
1732436025361 9.0 539
1732436025609 9.0 541
1732436026092 9.0 543
1732436026413 9.0 545
1732436026745 9.0 547
1732436027068 9.0 549
1732436027312 9.0 551
1732436027701 9.0 553
1732436027928 9.0 555
1732436028206 9.0 557
1732436028456 9.0 559
1732436032412 9.0 559
1732436032442 9.0 559
1732436034587 10.0 561
1732436035404 10.0 563
1732436035726 10.0 565
1732436035994 10.0 567
1732436036721 10.0 569
1732436037178 10.0 571
1732436037525 10.0 573
1732436037775 10.0 575
1732436038237 10.0 577
1732436038504 10.0 579
1732436038856 10.0 581
1732436039104 10.0 583
1732436039668 10.0 585
1732436039996 10.0 587
1732436040520 10.0 589
1732436040970 10.0 591
1732436041512 10.0 593
1732436041933 10.0 595
1732436042404 10.0 597
1732436043087 10.0 599
1732436043395 10.0 601
1732436043924 10.0 603
1732436044200 10.0 605
1732436044484 10.0 607
1732436044892 10.0 609
1732436045106 10.0 611
1732436045327 10.0 613
1732436045581 10.0 615
1732436049714 10.0 615
1732436049739 10.0 615
1732436051578 11.0 617
1732436051996 11.0 619
1732436052562 11.0 621
1732436052973 11.0 623
1732436053500 11.0 625
1732436053716 11.0 627
1732436054313 11.0 629
1732436054893 11.0 631
1732436055180 11.0 633
1732436055429 11.0 635
1732436055901 11.0 637
1732436056130 11.0 639
1732436056528 11.0 641
1732436056733 11.0 643
1732436057139 11.0 645
1732436057341 11.0 647
1732436057799 11.0 649
1732436058007 11.0 651
1732436058355 11.0 653
1732436058578 11.0 655
1732436059007 11.0 657
1732436059317 11.0 659
1732436059640 11.0 661
1732436059886 11.0 663
1732436060238 11.0 665
1732436060447 11.0 667
1732436060858 11.0 669
1732436061093 11.0 671
1732436065251 11.0 671
1732436065280 11.0 671
1732436067086 12.0 673
1732436067604 12.0 675
1732436068165 12.0 677
1732436068404 12.0 679
1732436068847 12.0 681
1732436069138 12.0 683
1732436069494 12.0 685
1732436069850 12.0 687
1732436070131 12.0 689
1732436070682 12.0 691
1732436070920 12.0 693
1732436071249 12.0 695
1732436071537 12.0 697
1732436071826 12.0 699
1732436072140 12.0 701
1732436072524 12.0 703
1732436072810 12.0 705
1732436073136 12.0 707
1732436073344 12.0 709
1732436073989 12.0 711
1732436074348 12.0 713
1732436074589 12.0 715
1732436074845 12.0 717
1732436075225 12.0 719
1732436075487 12.0 721
1732436075809 12.0 723
1732436076000 12.0 725
1732436076420 12.0 727
1732436080520 12.0 727
1732436080546 12.0 727
1732436082481 13.0 729
1732436082890 13.0 731
1732436083539 13.0 733
1732436083809 13.0 735
1732436084193 13.0 737
1732436084408 13.0 739
1732436084816 13.0 741
1732436085021 13.0 743
1732436085368 13.0 745
1732436085630 13.0 747
1732436085925 13.0 749
1732436086156 13.0 751
1732436086460 13.0 753
1732436086688 13.0 755
1732436087120 13.0 757
1732436087293 13.0 759
1732436087753 13.0 761
1732436087932 13.0 763
1732436088494 13.0 765
1732436088705 13.0 767
1732436089011 13.0 769
1732436089211 13.0 771
1732436089703 13.0 773
1732436089937 13.0 775
1732436090253 13.0 777
1732436090457 13.0 779
1732436090770 13.0 781
1732436091007 13.0 783
1732436095001 13.0 783
1732436095035 13.0 783
1732436097143 14.0 785
1732436097800 14.0 787
1732436098209 14.0 789
1732436098445 14.0 791
1732436099311 14.0 793
1732436100023 14.0 795
1732436100245 14.0 797
1732436100620 14.0 799
1732436101017 14.0 801
1732436101375 14.0 803
1732436101864 14.0 805
1732436102325 14.0 807
1732436102618 14.0 809
1732436102909 14.0 811
1732436103276 14.0 813
1732436103505 14.0 815
1732436103964 14.0 817
1732436104310 14.0 819
1732436104592 14.0 821
1732436104945 14.0 823
1732436105303 14.0 825
1732436105628 14.0 827
1732436105987 14.0 829
1732436106358 14.0 831
1732436106596 14.0 833
1732436106811 14.0 835
1732436107116 14.0 837
1732436107375 14.0 839
1732436111554 14.0 839
1732436111589 14.0 839
1732436113737 15.0 841
1732436114598 15.0 843
1732436115093 15.0 845
1732436115318 15.0 847
1732436116081 15.0 849
1732436116533 15.0 851
1732436116965 15.0 853
1732436117386 15.0 855
1732436117709 15.0 857
1732436117952 15.0 859
1732436118415 15.0 861
1732436118644 15.0 863
1732436119197 15.0 865
1732436119577 15.0 867
1732436119805 15.0 869
1732436120319 15.0 871
1732436120628 15.0 873
1732436120906 15.0 875
1732436121310 15.0 877
1732436121552 15.0 879
1732436122005 15.0 881
1732436122266 15.0 883
1732436122730 15.0 885
1732436122972 15.0 887
1732436123550 15.0 889
1732436123847 15.0 891
1732436124088 15.0 893
1732436124358 15.0 895
1732436128442 15.0 895
1732436128469 15.0 895
1732436130619 16.0 897
1732436131382 16.0 899
1732436131683 16.0 901
1732436131881 16.0 903
1732436132540 16.0 905
1732436132745 16.0 907
1732436133167 16.0 909
1732436133376 16.0 911
1732436133738 16.0 913
1732436133956 16.0 915
1732436134352 16.0 917
1732436134567 16.0 919
1732436135056 16.0 921
1732436135262 16.0 923
1732436135742 16.0 925
1732436135956 16.0 927
1732436136335 16.0 929
1732436136543 16.0 931
1732436136944 16.0 933
1732436137160 16.0 935
1732436137536 16.0 937
1732436137771 16.0 939
1732436138239 16.0 941
1732436138647 16.0 943
1732436138971 16.0 945
1732436139352 16.0 947
1732436139539 16.0 949
1732436139796 16.0 951
1732436144241 16.0 951
1732436144268 16.0 951
1732436146431 17.0 953
1732436146720 17.0 955
1732436146959 17.0 957
1732436147213 17.0 959
1732436147490 17.0 961
1732436147863 17.0 963
1732436148067 17.0 965
1732436148378 17.0 967
1732437074850 17.0 969
1732437075196 17.0 971
1732437075542 17.0 973
1732437075772 17.0 975
1732437076067 17.0 977
1732437076280 17.0 979
1732437076629 17.0 981
1732437076855 17.0 983
1732437077119 17.0 985
1732437077401 17.0 987
1732437077625 17.0 989
1732437077933 17.0 991
1732437078205 17.0 993
1732437078613 17.0 995
1732437078788 17.0 997
1732437079181 17.0 999
1732437079344 17.0 1001
1732437079802 17.0 1003
1732437079989 17.0 1005
1732437080383 17.0 1007
1732437084364 17.0 1007
1732437084391 17.0 1007
1732437100485 18.0 1009
1732437100885 18.0 1011
1732437101125 18.0 1013
1732437101473 18.0 1015
1732437101955 18.0 1017
1732437102190 18.0 1019
1732437102521 18.0 1021
1732437102753 18.0 1023
1732437103313 18.0 1025
1732437103541 18.0 1027
1732437103904 18.0 1029
1732437104131 18.0 1031
1732437104494 18.0 1033
1732437104720 18.0 1035
1732437105027 18.0 1037
1732437105328 18.0 1039
1732437105584 18.0 1041
1732437105797 18.0 1043
1732437106098 18.0 1045
1732437106312 18.0 1047
1732437106610 18.0 1049
1732437106811 18.0 1051
1732437107179 18.0 1053
1732437107352 18.0 1055
1732437107657 18.0 1057
1732437107883 18.0 1059
1732437108180 18.0 1061
1732437108461 18.0 1063
1732438052389 18.0 1063
1732438052416 18.0 1063
1732438054334 19.0 1065
1732438055071 19.0 1067
1732438055388 19.0 1069
1732438055604 19.0 1071
1732438055999 19.0 1073
1732438056191 19.0 1075
1732439011492 19.0 1077
1732439011670 19.0 1079
1732439011970 19.0 1081
1732439012124 19.0 1083
1732439012555 19.0 1085
1732439012753 19.0 1087
1732439013197 19.0 1089
1732439013387 19.0 1091
1732439013689 19.0 1093
1732439013952 19.0 1095
1732439014266 19.0 1097
1732439014506 19.0 1099
1732439014861 19.0 1101
1732439015053 19.0 1103
1732439015380 19.0 1105
1732439015602 19.0 1107
1732439015934 19.0 1109
1732439016183 19.0 1111
1732439262346 19.0 1113
1732439262623 19.0 1115
1732439262858 19.0 1117
1732439263268 19.0 1119
1732439267895 19.0 1119
1732439267922 19.0 1119
