1732435871079 1.3877947330474854 0
1732435871901 1.3682529926300049 1
1732435872169 1.3686679601669312 2
1732435872401 1.4936660528182983 3
1732435872650 1.4936683177947998 4
1732435872827 1.4936683177947998 5
1732435872980 1.5561683177947998 6
1732435873099 1.2436683177947998 7
1732435873196 1.4936683177947998 8
1732435873299 1.2436683177947998 9
1732435873548 1.3686683177947998 10
1732435873766 1.3686683177947998 11
1732435873885 1.2436683177947998 12
1732435874009 1.4936683177947998 13
1732435874124 1.4936683177947998 14
1732435874455 1.0561683177947998 15
1732435874583 1.4311683177947998 16
1732435874740 1.1186683177947998 17
1732435874887 1.3686683177947998 18
1732435875146 1.0561683177947998 19
1732435875252 1.3061683177947998 20
1732435875377 1.3061683177947998 21
1732435875490 1.1811683177947998 22
1732435875799 1.1811683177947998 23
1732435876006 1.1186683177947998 24
1732435876186 1.2436683177947998 25
1732435876380 1.4311683177947998 26
1732435876565 1.4936683177947998 27
1732435876725 1.5561683177947998 28
1732435876853 1.3686683177947998 29
1732435877038 1.4311683177947998 30
1732435877140 1.2436683177947998 31
1732435877417 1.1186683177947998 32
1732435877572 1.4311683177947998 33
1732435877702 1.4936683177947998 34
1732435877824 1.6186683177947998 35
1732435878046 1.2436683177947998 36
1732435878152 1.1186683177947998 37
1732435878308 1.4311683177947998 38
1732435878430 1.4311683177947998 39
1732435878670 1.4311683177947998 40
1732435878785 1.1186683177947998 41
1732435879053 1.3686683177947998 42
1732435879174 0.931168258190155 43
1732435879286 1.3061683177947998 44
1732435879393 1.1186683177947998 45
1732435879509 1.3061683177947998 46
1732435879672 1.1186683177947998 47
1732435879806 1.4311683177947998 48
1732435879926 1.3686683177947998 49
1732435880035 1.3061683177947998 50
1732435880320 1.1811683177947998 51
1732435880412 1.4311683177947998 52
1732435880506 1.3061683177947998 53
1732435880609 1.4311683177947998 54
1732435880830 1.3436683416366577 55
1732435886631 1.5561683177947998 0
1732435886947 1.2436683177947998 1
1732435887375 1.3686683177947998 2
1732435887706 1.2436683177947998 3
1732435887924 1.3686683177947998 4
1732435888026 1.4936683177947998 5
1732435888135 1.2436683177947998 6
1732435888352 1.2436683177947998 7
1732435888801 1.2436683177947998 8
1732435888956 1.4311683177947998 9
1732435889124 1.3061683177947998 10
1732435889255 1.3061683177947998 11
1732435889572 1.1811683177947998 12
1732435889843 1.4311683177947998 13
1732435889999 1.3686683177947998 14
1732435890235 1.4311683177947998 15
1732435890354 1.2436683177947998 16
1732435890562 1.1186683177947998 17
1732435890733 1.3061683177947998 18
1732435890953 1.6186683177947998 19
1732435891405 1.2436683177947998 20
1732435891551 1.3686683177947998 21
1732435891764 1.3686683177947998 22
1732435891984 1.4311683177947998 23
1732435892261 1.3686683177947998 24
1732435892429 1.4936683177947998 25
1732435892628 1.3686683177947998 26
1732435892794 1.3686683177947998 27
1732435893020 1.1186683177947998 28
1732435893189 1.3061683177947998 29
1732435893360 1.3061683177947998 30
1732435893517 1.1811683177947998 31
1732435893771 1.1811683177947998 32
1732435894102 1.3686683177947998 33
1732435894242 1.5561683177947998 34
1732435894409 1.3686683177947998 35
1732435894567 1.3061683177947998 36
1732435894916 1.2436683177947998 37
1732435895072 1.3061683177947998 38
1732435895183 1.3686683177947998 39
1732435895302 1.3061683177947998 40
1732435895528 1.3061683177947998 41
1732435895925 1.2436683177947998 42
1732435896050 1.1186683177947998 43
1732435896174 1.3686683177947998 44
1732435896685 1.3686683177947998 45
1732435896803 1.2436683177947998 46
1732435896913 1.0561683177947998 47
1732435897033 1.4311683177947998 48
1732435897216 1.4311683177947998 49
1732435897332 1.3061683177947998 50
1732435897437 1.5561683177947998 51
1732435897530 1.3061683177947998 52
1732435897620 1.2436683177947998 53
1732435897723 1.3686683177947998 54
1732435897817 1.2770016193389893 55
1732435903396 1.3686683177947998 0
1732435903708 1.4311683177947998 1
1732435904178 1.3686683177947998 2
1732435904562 1.3686683177947998 3
1732435904799 0.993668258190155 4
1732435904902 1.1811683177947998 5
1732435905030 1.3686683177947998 6
1732435905148 1.3686683177947998 7
1732435905747 1.1186683177947998 8
1732435905852 1.1186683177947998 9
1732435905977 1.3061683177947998 10
1732435906247 1.2436683177947998 11
1732435906523 1.2436683177947998 12
1732435906633 1.3686683177947998 13
1732435906749 1.5561683177947998 14
1732435906930 1.2436683177947998 15
1732435907200 1.3686683177947998 16
1732435907308 1.3686683177947998 17
1732435907419 1.4311683177947998 18
1732435907536 1.3061683177947998 19
1732435907868 1.3061683177947998 20
1732435907975 1.2436683177947998 21
1732435908132 1.3061683177947998 22
1732435908252 1.4936683177947998 23
1732435908497 1.4311683177947998 24
1732435908600 1.1811683177947998 25
1732435908751 1.2436683177947998 26
1732435908857 1.2436683177947998 27
1732435909134 1.1811683177947998 28
1732435909319 1.2436683177947998 29
1732435909466 1.3686683177947998 30
1732435909631 1.2436683177947998 31
1732435909734 1.4311683177947998 32
1732435909845 1.2436683177947998 33
1732435909978 1.4311683177947998 34
1732435910189 1.4936683177947998 35
1732435910327 1.4311683177947998 36
1732435910460 1.5561683177947998 37
1732435910582 1.3061683177947998 38
1732435910743 1.4936683177947998 39
1732435910879 1.4311683177947998 40
1732435910995 1.3061683177947998 41
1732435911173 1.4311683177947998 42
1732435911292 1.3061683177947998 43
1732435911522 1.3061683177947998 44
1732435911650 1.1811683177947998 45
1732435911794 1.4311683177947998 46
1732435911907 1.4311683177947998 47
1732435912132 1.3061683177947998 48
1732435912243 1.3686683177947998 49
1732435912373 1.2436683177947998 50
1732435912505 1.2436683177947998 51
1732435912693 1.1811683177947998 52
1732435912782 1.2436683177947998 53
1732435912859 1.4936683177947998 54
1732435912955 1.4103349447250366 55
1732435918593 1.2436683177947998 0
1732435918858 1.3686683177947998 1
1732435919393 1.6186683177947998 2
1732435919760 1.4311683177947998 3
1732435920018 1.1811683177947998 4
1732435920143 1.2436683177947998 5
1732435920248 1.1811683177947998 6
1732435920359 1.2436683177947998 7
1732435920910 1.4936683177947998 8
1732435921022 1.4936683177947998 9
1732435921140 1.2436683177947998 10
1732435921321 1.4311683177947998 11
1732435921667 1.3061683177947998 12
1732435921832 1.3061683177947998 13
1732435921946 1.3686683177947998 14
1732435922108 1.0561683177947998 15
1732435922350 1.3061683177947998 16
1732435922528 1.2436683177947998 17
1732435922653 1.3686683177947998 18
1732435922811 1.1186683177947998 19
1732435923006 1.5561683177947998 20
1732435923228 1.2436683177947998 21
1732435923392 1.4311683177947998 22
1732435923743 1.1811683177947998 23
1732435924002 1.3061683177947998 24
1732435924115 1.3061683177947998 25
1732435924383 1.2436683177947998 26
1732435924730 1.4311683177947998 27
1732435924851 1.4311683177947998 28
1732435924985 1.4311683177947998 29
1732435925305 1.2436683177947998 30
1732435925469 1.1811683177947998 31
1732435925599 1.3061683177947998 32
1732435925844 1.4311683177947998 33
1732435926192 1.1811683177947998 34
1732435926353 1.3686683177947998 35
1732435926502 1.1811683177947998 36
1732435926838 1.3686683177947998 37
1732435927120 1.2436683177947998 38
1732435927235 1.0561683177947998 39
1732435927349 1.4936683177947998 40
1732435927459 1.4936683177947998 41
1732435928040 1.4311683177947998 42
1732435928161 1.4936683177947998 43
1732435928271 1.6186683177947998 44
1732435928382 1.3686683177947998 45
1732435928567 1.2436683177947998 46
1732435928967 1.3686683177947998 47
1732435929090 1.3061683177947998 48
1732435929206 1.3061683177947998 49
1732435929309 1.1811683177947998 50
1732435929469 1.1811683177947998 51
1732435929569 1.4311683177947998 52
1732435929671 1.2436683177947998 53
1732435929773 1.3061683177947998 54
1732435929877 1.4770015478134155 55
1732435935857 1.3061683177947998 0
1732435936137 1.4936683177947998 1
1732435936602 1.4311683177947998 2
1732435936985 1.3686683177947998 3
1732435937276 1.2436683177947998 4
1732435937447 1.3061683177947998 5
1732435937560 1.1186683177947998 6
1732435937672 1.4936681985855103 7
1732435937792 1.2436683177947998 8
1732435938472 1.3061683177947998 9
1732435938654 1.3061683177947998 10
1732435938855 1.2436683177947998 11
1732435939026 1.4936683177947998 12
1732435939144 1.3686683177947998 13
1732435939310 1.1186683177947998 14
1732435939516 1.4936683177947998 15
1732435939771 1.4311683177947998 16
1732435939951 1.1186683177947998 17
1732435940148 1.4936683177947998 18
1732435940407 1.2436683177947998 19
1732435940578 1.4311683177947998 20
1732435940701 1.1811683177947998 21
1732435940830 1.3061683177947998 22
1732435941050 1.1811683177947998 23
1732435941166 1.1811683177947998 24
1732435941291 1.4311683177947998 25
1732435941443 1.3061683177947998 26
1732435941768 1.2436683177947998 27
1732435941901 1.5561683177947998 28
1732435942124 1.3686683177947998 29
1732435942347 1.1186683177947998 30
1732435942488 1.3686683177947998 31
1732435942727 1.4936683177947998 32
1732435942895 1.0561683177947998 33
1732435943113 1.3061683177947998 34
1732435943264 1.3686683177947998 35
1732435943515 1.3061683177947998 36
1732435943685 1.1811683177947998 37
1732435943825 1.1186683177947998 38
1732435944007 1.3061683177947998 39
1732435944344 1.4311683177947998 40
1732435944522 1.3061683177947998 41
1732435944678 1.4311683177947998 42
1732435944818 1.4936683177947998 43
1732435945055 1.4936683177947998 44
1732435945390 1.2436683177947998 45
1732435945507 1.1186683177947998 46
1732435945616 1.3061683177947998 47
1732435945762 1.3686683177947998 48
1732435945974 1.3686683177947998 49
1732435946093 1.3061683177947998 50
1732435946213 1.6811683177947998 51
1732435946328 1.3061683177947998 52
1732435946413 1.1186683177947998 53
1732435946513 1.4311683177947998 54
1732435946652 1.4770015478134155 55
1732435952435 1.3686683177947998 0
1732435952760 1.3686683177947998 1
1732435953217 1.3686683177947998 2
1732435953510 1.4936683177947998 3
1732435953723 1.3686683177947998 4
1732435953848 1.3686683177947998 5
1732435953956 1.4936683177947998 6
1732435954065 1.3061683177947998 7
1732435954788 1.4311683177947998 8
1732435954927 1.3061683177947998 9
1732435955266 1.2436683177947998 10
1732435955522 1.3061683177947998 11
1732435955643 1.4311683177947998 12
1732435955760 1.1186683177947998 13
1732435955928 1.3061683177947998 14
1732435956213 1.4311683177947998 15
1732435956343 1.1811683177947998 16
1732435956457 1.3061683177947998 17
1732435956597 1.4311683177947998 18
1732435956811 1.3061683177947998 19
1732435957046 1.2436683177947998 20
1732435957179 1.2436683177947998 21
1732435957317 1.2436683177947998 22
1732435957574 1.5561683177947998 23
1732435957714 1.4936683177947998 24
1732435957821 1.3686683177947998 25
1732435957998 1.4311683177947998 26
1732435958352 1.1811683177947998 27
1732435958537 1.2436683177947998 28
1732435958721 1.3686683177947998 29
1732435958848 1.4936683177947998 30
1732435959190 1.3061683177947998 31
1732435959415 1.3061683177947998 32
1732435959628 1.1811683177947998 33
1732435959790 1.1186683177947998 34
1732435960072 1.2436683177947998 35
1732435960316 1.3061683177947998 36
1732435960523 1.3061683177947998 37
1732435960674 1.1186683177947998 38
1732435960925 1.1811683177947998 39
1732435961246 1.2436683177947998 40
1732435961428 1.3061683177947998 41
1732435961554 1.3686683177947998 42
1732435961744 1.3686683177947998 43
1732435962134 1.2436683177947998 44
1732435962252 1.4936683177947998 45
1732435962417 1.4936683177947998 46
1732435962552 1.3686683177947998 47
1732435962739 1.3686683177947998 48
1732435962844 1.3686683177947998 49
1732435962957 1.4311683177947998 50
1732435963059 1.3061683177947998 51
1732435963157 1.3686683177947998 52
1732435963256 1.1186683177947998 53
1732435963362 1.3686683177947998 54
1732435963511 1.2103350162506104 55
1732435969512 1.2436683177947998 0
1732435969823 1.4936683177947998 1
1732435970228 1.5561683177947998 2
1732435970539 1.3061683177947998 3
1732435970804 1.2436683177947998 4
1732435970924 1.3686683177947998 5
1732435971025 1.3686683177947998 6
1732435971325 1.5561683177947998 7
1732435971676 1.2436683177947998 8
1732435971784 1.2436683177947998 9
1732435971896 1.1811683177947998 10
1732435972015 1.4936683177947998 11
1732435972332 1.3686683177947998 12
1732435972468 1.4311681985855103 13
1732435972586 1.3061683177947998 14
1732435972722 1.2436683177947998 15
1732435972965 1.2436683177947998 16
1732435973135 1.3686683177947998 17
1732435973383 1.1811683177947998 18
1732435973740 1.2436683177947998 19
1732435974063 1.3061683177947998 20
1732435974226 1.1811683177947998 21
1732435974378 1.3061683177947998 22
1732435974855 1.4936683177947998 23
1732435975025 1.3686683177947998 24
1732435975143 1.3061683177947998 25
1732435975263 1.1811683177947998 26
1732435975749 1.2436683177947998 27
1732435975918 1.3061683177947998 28
1732435976036 1.5561683177947998 29
1732435976147 1.2436683177947998 30
1732435976271 1.3061683177947998 31
1732435976754 1.1186683177947998 32
1732435976874 1.2436683177947998 33
1732435976984 1.3686683177947998 34
1732435977392 1.4311683177947998 35
1732435977660 1.4311683177947998 36
1732435977781 1.2436683177947998 37
1732435977887 1.4311683177947998 38
1732435977994 1.2436683177947998 39
1732435978599 1.1811683177947998 40
1732435978719 1.3061683177947998 41
1732435978824 1.2436683177947998 42
1732435979011 1.5561683177947998 43
1732435979441 1.4936683177947998 44
1732435979551 1.4311683177947998 45
1732435979661 1.4311683177947998 46
1732435979881 1.3686683177947998 47
1732435980284 1.1186683177947998 48
1732435980394 1.3061683177947998 49
1732435980513 1.3061683177947998 50
1732435980642 1.4311683177947998 51
1732435980879 1.4311683177947998 52
1732435980980 1.3061683177947998 53
1732435981075 1.1186683177947998 54
1732435981226 1.2770017385482788 55
1732435987331 1.4311683177947998 0
1732435987677 1.3686683177947998 1
1732435988127 1.3686683177947998 2
1732435988355 1.3061683177947998 3
1732435988522 1.5561681985855103 4
1732435988644 1.3686683177947998 5
1732435988802 1.4936683177947998 6
1732435988909 1.3686683177947998 7
1732435989256 1.4311683177947998 8
1732435989504 1.3061683177947998 9
1732435989643 1.3061683177947998 10
1732435989847 1.3061683177947998 11
1732435989956 1.4311683177947998 12
1732435990161 1.4936683177947998 13
1732435990310 1.3686683177947998 14
1732435990476 1.3061683177947998 15
1732435990602 1.4936683177947998 16
1732435990785 1.4311683177947998 17
1732435990909 1.1811683177947998 18
1732435991015 1.3061683177947998 19
1732435991119 1.3061683177947998 20
1732435991475 1.2436683177947998 21
1732435991679 1.2436683177947998 22
1732435991846 1.1186683177947998 23
1732435992153 1.4311683177947998 24
1732435992263 1.2436683177947998 25
1732435992401 1.3686683177947998 26
1732435992516 0.9311683177947998 27
1732435992626 1.3061683177947998 28
1732435992797 1.3061683177947998 29
1732435992996 1.2436683177947998 30
1732435993106 1.4311683177947998 31
1732435993218 1.2436683177947998 32
1732435993365 1.3061683177947998 33
1732435993541 1.3061683177947998 34
1732435993642 1.2436683177947998 35
1732435993749 1.3061683177947998 36
1732435993905 1.3686683177947998 37
1732435994025 1.2436683177947998 38
1732435994142 1.4311683177947998 39
1732435994262 1.4311683177947998 40
1732435994514 1.3061683177947998 41
1732435994635 1.3686683177947998 42
1732435994753 1.3061683177947998 43
1732435994885 1.2436683177947998 44
1732435995131 1.3061683177947998 45
1732435995284 1.4311683177947998 46
1732435995395 1.2436683177947998 47
1732435995499 1.4936683177947998 48
1732435995638 1.3686683177947998 49
1732435995752 1.2436683177947998 50
1732435995850 1.2436683177947998 51
1732435996017 1.2436683177947998 52
1732435996121 1.1811683177947998 53
1732435996229 1.2436683177947998 54
1732435996392 1.4103350639343262 55
1732436001895 1.1811683177947998 0
1732436002117 1.4936683177947998 1
1732436002347 1.3686683177947998 2
1732436002562 1.3686683177947998 3
1732436002924 1.1811683177947998 4
1732436003101 1.1186683177947998 5
1732436003230 1.2436683177947998 6
1732436003439 1.2436683177947998 7
1732436003630 1.3686683177947998 8
1732436003877 1.1811683177947998 9
1732436004169 1.4311683177947998 10
1732436004352 1.3061683177947998 11
1732436004461 1.1811683177947998 12
1732436004602 1.4936683177947998 13
1732436004776 1.4311683177947998 14
1732436004979 1.3686683177947998 15
1732436005192 1.3061683177947998 16
1732436005511 1.3686683177947998 17
1732436005661 1.1186683177947998 18
1732436005786 1.2436683177947998 19
1732436005890 1.4311683177947998 20
1732436006038 1.3686683177947998 21
1732436006295 1.3686683177947998 22
1732436006499 1.3686683177947998 23
1732436006627 1.3061683177947998 24
1732436006963 1.3061683177947998 25
1732436007127 1.1186683177947998 26
1732436007235 1.3686683177947998 27
1732436007342 1.4936683177947998 28
1732436007606 1.3061683177947998 29
1732436007781 1.2436683177947998 30
1732436007888 1.5561683177947998 31
1732436007994 1.3061683177947998 32
1732436008125 1.4311683177947998 33
1732436008408 1.2436683177947998 34
1732436008520 1.4936683177947998 35
1732436008621 1.1186683177947998 36
1732436008759 1.3061683177947998 37
1732436009052 1.3061683177947998 38
1732436009237 1.1811683177947998 39
1732436009391 1.3061683177947998 40
1732436009565 1.3061683177947998 41
1732436009683 1.4311683177947998 42
1732436009886 1.3061683177947998 43
1732436010065 1.4936683177947998 44
1732436010202 1.2436683177947998 45
1732436010312 1.3061683177947998 46
1732436010455 1.4936683177947998 47
1732436010600 1.3061683177947998 48
1732436010803 1.3686683177947998 49
1732436010921 1.4936683177947998 50
1732436011026 1.3686683177947998 51
1732436011127 1.4936683177947998 52
1732436011232 1.1811683177947998 53
1732436011471 1.3686683177947998 54
1732436011628 1.2103350162506104 55
1732436017656 1.4311683177947998 0
1732436017953 1.1811683177947998 1
1732436018376 1.1186683177947998 2
1732436018720 1.4311683177947998 3
1732436019029 1.4311683177947998 4
1732436019133 1.3686683177947998 5
1732436019245 1.3061683177947998 6
1732436019350 0.9936683177947998 7
1732436020033 1.3686683177947998 8
1732436020187 1.5561683177947998 9
1732436020325 1.4936683177947998 10
1732436020488 1.2436683177947998 11
1732436020626 1.4311683177947998 12
1732436020767 1.1811683177947998 13
1732436020994 1.1811683177947998 14
1732436021195 1.3686683177947998 15
1732436021420 1.3061683177947998 16
1732436021556 1.2436683177947998 17
1732436021696 1.4311683177947998 18
1732436021913 1.3686683177947998 19
1732436022120 1.3686683177947998 20
1732436022298 1.2436683177947998 21
1732436022432 1.3061683177947998 22
1732436022878 1.3686683177947998 23
1732436023032 1.2436683177947998 24
1732436023144 1.3061683177947998 25
1732436023257 1.4936683177947998 26
1732436023348 1.3686683177947998 27
1732436023875 1.6186683177947998 28
1732436023992 1.3061683177947998 29
1732436024106 1.2436683177947998 30
1732436024204 1.2436683177947998 31
1732436024692 1.3686683177947998 32
1732436024807 1.3686683177947998 33
1732436025004 1.4311683177947998 34
1732436025339 1.2436683177947998 35
1732436025444 1.3061683177947998 36
1732436025586 1.3686683177947998 37
1732436025776 1.3061683177947998 38
1732436026059 1.3061683177947998 39
1732436026209 1.2436683177947998 40
1732436026388 1.3686683177947998 41
1732436026513 1.3061683177947998 42
1732436026723 1.3686683177947998 43
1732436026871 1.4311683177947998 44
1732436027050 1.1186683177947998 45
1732436027159 1.3061683177947998 46
1732436027290 1.1811683177947998 47
1732436027575 1.4311683177947998 48
1732436027684 1.3686683177947998 49
1732436027792 1.3686683177947998 50
1732436027910 1.3686683177947998 51
1732436028086 1.2436683177947998 52
1732436028189 1.3061683177947998 53
1732436028294 1.4311683177947998 54
1732436028441 1.2103350162506104 55
1732436034126 1.1811683177947998 0
1732436034564 1.3686683177947998 1
1732436034948 1.2436683177947998 2
1732436035371 1.3061683177947998 3
1732436035599 1.6186683177947998 4
1732436035708 1.2436683177947998 5
1732436035824 1.3061683177947998 6
1732436035962 1.1811683177947998 7
1732436036526 1.1811683177947998 8
1732436036702 1.3061683177947998 9
1732436036909 1.2436683177947998 10
1732436037158 1.2436683177947998 11
1732436037353 1.3686683177947998 12
1732436037508 1.4936683177947998 13
1732436037629 1.4311683177947998 14
1732436037745 1.3061683177947998 15
1732436038073 1.3686683177947998 16
1732436038220 1.0561683177947998 17
1732436038334 1.2436683177947998 18
1732436038482 1.3061683177947998 19
1732436038644 1.5561683177947998 20
1732436038837 1.3686683177947998 21
1732436038963 1.4311683177947998 22
1732436039083 1.3061683177947998 23
1732436039530 1.3061683177947998 24
1732436039651 1.1186683177947998 25
1732436039759 1.5561683177947998 26
1732436039959 1.2436683177947998 27
1732436040381 1.1186683177947998 28
1732436040501 1.3061683177947998 29
1732436040674 1.3686683177947998 30
1732436040949 1.0561683177947998 31
1732436041318 1.2436683177947998 32
1732436041493 1.3061683177947998 33
1732436041700 1.4311683177947998 34
1732436041916 1.4311683177947998 35
1732436042194 1.3686683177947998 36
1732436042384 1.1186683177947998 37
1732436042666 1.3061683177947998 38
1732436043068 1.3061683177947998 39
1732436043257 1.4311683177947998 40
1732436043367 1.3686683177947998 41
1732436043499 1.3061683177947998 42
1732436043904 1.5561683177947998 43
1732436044069 1.5561683177947998 44
1732436044182 1.3686683177947998 45
1732436044288 1.4936683177947998 46
1732436044456 1.4311683177947998 47
1732436044769 1.3061683177947998 48
1732436044872 1.3686683177947998 49
1732436044978 1.3686683177947998 50
1732436045088 1.3061683177947998 51
1732436045196 1.3686683177947998 52
1732436045310 1.2436683177947998 53
1732436045406 1.2436683177947998 54
1732436045562 1.3436683416366577 55
1732436051149 1.4936683177947998 0
1732436051555 1.3061683177947998 1
1732436051730 1.3061683177947998 2
1732436051977 0.993668258190155 3
1732436052292 1.3061683177947998 4
1732436052542 1.3061683177947998 5
1732436052707 1.4936683177947998 6
1732436052953 1.4311683177947998 7
1732436053196 1.4311683177947998 8
1732436053479 1.4936683177947998 9
1732436053594 1.1186683177947998 10
1732436053697 1.4936683177947998 11
1732436053812 1.4311683177947998 12
1732436054290 1.2436683177947998 13
1732436054424 1.1186683177947998 14
1732436054871 1.3686683177947998 15
1732436055065 1.4311683177947998 16
1732436055162 1.3061683177947998 17
1732436055274 1.3686683177947998 18
1732436055406 1.2436683177947998 19
1732436055769 1.3686683177947998 20
1732436055883 1.4311683177947998 21
1732436055997 1.3686683177947998 22
1732436056110 1.2436683177947998 23
1732436056237 1.3686683177947998 24
1732436056506 1.5561683177947998 25
1732436056611 1.3061683177947998 26
1732436056713 1.2436683177947998 27
1732436056832 1.3686683177947998 28
1732436057121 1.3686683177947998 29
1732436057222 1.3686683177947998 30
1732436057322 1.4936683177947998 31
1732436057444 1.2436683177947998 32
1732436057775 1.1811683177947998 33
1732436057886 1.2436683177947998 34
1732436057989 1.3061683177947998 35
1732436058102 1.4311683177947998 36
1732436058336 1.4311683177947998 37
1732436058448 1.5561683177947998 38
1732436058556 1.3061683177947998 39
1732436058669 1.3686683177947998 40
1732436058986 1.3061683177947998 41
1732436059192 1.2436683177947998 42
1732436059298 1.3061683177947998 43
1732436059495 1.5561683177947998 44
1732436059623 1.1811683177947998 45
1732436059751 1.0561683177947998 46
1732436059869 1.1811683177947998 47
1732436059992 1.3061683177947998 48
1732436060221 0.9936683177947998 49
1732436060328 1.4311683177947998 50
1732436060427 1.3061683177947998 51
1732436060553 1.3061683177947998 52
1732436060842 1.3061683177947998 53
1732436060932 1.3061683177947998 54
1732436061079 1.2770016193389893 55
1732436066813 1.4311683177947998 0
1732436067069 1.4936683177947998 1
1732436067266 1.3686683177947998 2
1732436067583 1.4311683177947998 3
1732436067901 1.5561683177947998 4
1732436068145 1.3686683177947998 5
1732436068270 1.3061683177947998 6
1732436068378 1.4936683177947998 7
1732436068484 1.2436683177947998 8
1732436068830 1.3061683177947998 9
1732436068997 1.3686683177947998 10
1732436069118 1.5561683177947998 11
1732436069243 1.3061683177947998 12
1732436069475 1.2436683177947998 13
1732436069657 1.3061683177947998 14
1732436069832 1.2436683177947998 15
1732436070008 1.3686683177947998 16
1732436070112 1.2436683177947998 17
1732436070473 1.2436683177947998 18
1732436070663 1.3061683177947998 19
1732436070788 1.4311683177947998 20
1732436070895 1.5561683177947998 21
1732436071049 1.2436683177947998 22
1732436071230 1.3061683177947998 23
1732436071398 1.4311683177947998 24
1732436071518 1.4311683177947998 25
1732436071670 1.3686683177947998 26
1732436071805 1.3686683177947998 27
1732436071985 1.5561683177947998 28
1732436072115 1.3686683177947998 29
1732436072311 1.3686683177947998 30
1732436072506 1.0561683177947998 31
1732436072665 1.3061683177947998 32
1732436072789 1.2436683177947998 33
1732436073002 1.1811683177947998 34
1732436073119 1.3686683177947998 35
1732436073227 1.2436683177947998 36
1732436073325 1.4311683177947998 37
1732436073762 1.1811683177947998 38
1732436073971 1.2436683177947998 39
1732436074079 1.4936683177947998 40
1732436074327 1.1186683177947998 41
1732436074451 1.1811683177947998 42
1732436074570 1.3686683177947998 43
1732436074704 1.3061683177947998 44
1732436074827 1.3686683177947998 45
1732436075083 1.4311683177947998 46
1732436075207 1.2436683177947998 47
1732436075346 1.1186683177947998 48
1732436075466 1.0561683177947998 49
1732436075687 1.3061683177947998 50
1732436075792 1.0561683177947998 51
1732436075893 1.2436683177947998 52
1732436075982 1.3061683177947998 53
1732436076250 1.3686683177947998 54
1732436076406 1.477001667022705 55
1732436082231 1.1186683177947998 0
1732436082460 1.5561683177947998 1
1732436082598 1.4311683177947998 2
1732436082858 1.3061683177947998 3
1732436083397 1.4311683177947998 4
1732436083522 1.3686683177947998 5
1732436083685 1.4311683177947998 6
1732436083792 1.3686683177947998 7
1732436083878 1.3686683177947998 8
1732436084172 1.5561683177947998 9
1732436084278 1.4936683177947998 10
1732436084390 1.2436683177947998 11
1732436084500 1.2436683177947998 12
1732436084794 0.9936683177947998 13
1732436084895 1.3061683177947998 14
1732436085003 1.3686683177947998 15
1732436085095 1.4936683177947998 16
1732436085347 1.4936683177947998 17
1732436085436 1.3061683177947998 18
1732436085611 1.1186683177947998 19
1732436085704 1.3686683177947998 20
1732436085904 1.4936683177947998 21
1732436086000 1.2436683177947998 22
1732436086137 1.0561683177947998 23
1732436086247 1.3686683177947998 24
1732436086440 1.1811683177947998 25
1732436086531 1.1811683177947998 26
1732436086667 1.3686683177947998 27
1732436086887 1.2436683177947998 28
1732436087101 1.2436683177947998 29
1732436087184 1.0561683177947998 30
1732436087275 1.3686683177947998 31
1732436087410 1.1811683177947998 32
1732436087733 1.3686683177947998 33
1732436087826 1.4936683177947998 34
1732436087916 1.1186683177947998 35
1732436087997 1.3061683177947998 36
1732436088476 1.3061683177947998 37
1732436088577 1.2436683177947998 38
1732436088686 1.3061683177947998 39
1732436088797 1.4311683177947998 40
1732436088993 1.2436683177947998 41
1732436089104 1.3061683177947998 42
1732436089192 1.3061681985855103 43
1732436089301 1.2436683177947998 44
1732436089689 1.3686683177947998 45
1732436089813 1.2436683177947998 46
1732436089919 1.4311683177947998 47
1732436090025 1.4936683177947998 48
1732436090235 1.1811683177947998 49
1732436090339 1.3686683177947998 50
1732436090438 1.2436683177947998 51
1732436090547 1.4311683177947998 52
1732436090753 1.4936683177947998 53
1732436090842 1.5561683177947998 54
1732436090992 1.477001667022705 55
1732436096811 1.2436683177947998 0
1732436097123 1.3061683177947998 1
1732436097478 1.1811683177947998 2
1732436097782 1.2436683177947998 3
1732436098080 1.4936683177947998 4
1732436098190 1.2436683177947998 5
1732436098303 1.5561683177947998 6
1732436098426 1.3686683177947998 7
1732436099162 1.4311683177947998 8
1732436099291 0.9936683177947998 9
1732436099749 1.3686683177947998 10
1732436100005 1.3686683177947998 11
1732436100111 1.3686683177947998 12
1732436100224 1.2436683177947998 13
1732436100375 1.3061683177947998 14
1732436100601 1.4311683177947998 15
1732436100830 1.3061683177947998 16
1732436100996 1.4311683177947998 17
1732436101119 1.3061683177947998 18
1732436101356 1.4311683177947998 19
1732436101644 1.1811683177947998 20
1732436101842 1.4936683177947998 21
1732436102030 1.1186683177947998 22
1732436102305 1.1811683177947998 23
1732436102418 1.2436683177947998 24
1732436102598 1.3686683177947998 25
1732436102721 1.3686683177947998 26
1732436102880 1.4311683177947998 27
1732436103100 1.4311683177947998 28
1732436103259 1.3686683177947998 29
1732436103371 1.5561683177947998 30
1732436103486 1.3061683177947998 31
1732436103751 1.5561683177947998 32
1732436103945 1.3686683177947998 33
1732436104075 1.3686683177947998 34
1732436104290 1.3686683177947998 35
1732436104406 1.2436683177947998 36
1732436104573 1.2436683177947998 37
1732436104690 1.3686683177947998 38
1732436104924 1.4311683177947998 39
1732436105070 1.3061683177947998 40
1732436105285 1.4311683177947998 41
1732436105397 1.3686683177947998 42
1732436105605 1.1186683177947998 43
1732436105859 1.1186683177947998 44
1732436105969 1.3686683177947998 45
1732436106090 1.4936683177947998 46
1732436106341 1.0561683177947998 47
1732436106465 1.4936683177947998 48
1732436106577 1.2436683177947998 49
1732436106687 1.1811683177947998 50
1732436106794 1.0561683177947998 51
1732436106994 1.3686683177947998 52
1732436107100 1.4311683177947998 53
1732436107200 1.4311683177947998 54
1732436107360 1.2103350162506104 55
1732436113370 1.1811683177947998 0
1732436113719 1.2436683177947998 1
1732436114147 1.4311683177947998 2
1732436114576 1.3686683177947998 3
1732436114955 1.4311683177947998 4
1732436115066 1.3686683177947998 5
1732436115188 1.4936683177947998 6
1732436115288 1.2436683177947998 7
1732436115949 1.5561683177947998 8
1732436116063 1.4936683177947998 9
1732436116206 1.1811683177947998 10
1732436116513 1.1811683177947998 11
1732436116837 1.1811683177947998 12
1732436116946 1.3686683177947998 13
1732436117087 1.3686681985855103 14
1732436117366 1.1186683177947998 15
1732436117574 1.4311681985855103 16
1732436117690 1.3686683177947998 17
1732436117826 1.1811683177947998 18
1732436117931 1.3061683177947998 19
1732436118221 1.3686683177947998 20
1732436118395 1.3686683177947998 21
1732436118524 1.3061683177947998 22
1732436118625 1.3061683177947998 23
1732436118915 1.1186683177947998 24
1732436119177 1.4311683177947998 25
1732436119316 1.4936683177947998 26
1732436119559 1.3686683177947998 27
1732436119657 1.1186683177947998 28
1732436119788 1.0561683177947998 29
1732436119963 1.2436683177947998 30
1732436120301 1.4936683177947998 31
1732436120434 1.4311683177947998 32
1732436120610 1.3061683177947998 33
1732436120722 1.0561683177947998 34
1732436120883 1.1811683177947998 35
1732436121078 1.3686683177947998 36
1732436121292 1.5561683177947998 37
1732436121405 1.1811683177947998 38
1732436121524 1.2436683177947998 39
1732436121790 1.3686683177947998 40
1732436121988 1.1811683177947998 41
1732436122129 1.4311683177947998 42
1732436122240 1.1811683177947998 43
1732436122551 1.5561683177947998 44
1732436122712 1.3686683177947998 45
1732436122832 1.4311683177947998 46
1732436122943 1.1811683177947998 47
1732436123405 1.3061683177947998 48
1732436123532 1.3686683177947998 49
1732436123658 1.1186683177947998 50
1732436123830 1.5561683177947998 51
1732436123966 1.3686683177947998 52
1732436124070 1.4936683177947998 53
1732436124180 1.6186683177947998 54
1732436124344 1.2770017385482788 55
1732436130318 1.3061683177947998 0
1732436130588 1.3061683177947998 1
1732436131044 1.3686683177947998 2
1732436131347 1.4311681985855103 3
1732436131552 1.3061683177947998 4
1732436131664 1.3061683177947998 5
1732436131765 1.4311683177947998 6
1732436131862 1.2436683177947998 7
1732436132410 1.2436683177947998 8
1732436132521 1.3061683177947998 9
1732436132625 1.2436683177947998 10
1732436132726 1.1186683177947998 11
1732436133047 1.1811683177947998 12
1732436133148 1.5561683177947998 13
1732436133260 1.4936683177947998 14
1732436133355 1.3061683177947998 15
1732436133610 1.3686683177947998 16
1732436133717 1.3686683177947998 17
1732436133840 1.4311681985855103 18
1732436133935 1.1186683177947998 19
1732436134239 1.2436683177947998 20
1732436134335 1.2436683177947998 21
1732436134454 1.3061683177947998 22
1732436134551 1.1811683177947998 23
1732436134924 1.4311683177947998 24
1732436135038 1.4936683177947998 25
1732436135157 1.2436683177947998 26
1732436135243 1.1186683177947998 27
1732436135622 1.3061683177947998 28
1732436135724 1.2436683177947998 29
1732436135836 1.2436683177947998 30
1732436135937 1.1811683177947998 31
1732436136188 1.2436683177947998 32
1732436136316 1.2436683177947998 33
1732436136425 1.3061683177947998 34
1732436136522 1.3686683177947998 35
1732436136734 1.3061683177947998 36
1732436136925 1.4311683177947998 37
1732436137043 1.3061683177947998 38
1732436137140 1.3061683177947998 39
1732436137275 1.5561683177947998 40
1732436137518 1.3686683177947998 41
1732436137625 1.4311681985855103 42
1732436137748 1.4936683177947998 43
1732436137903 1.4311683177947998 44
1732436138215 1.3061683177947998 45
1732436138496 1.5561683177947998 46
1732436138625 1.2436683177947998 47
1732436138817 1.3061683177947998 48
1732436138947 1.3061683177947998 49
1732436139149 1.2436683177947998 50
1732436139337 1.1186683177947998 51
1732436139438 1.3686683177947998 52
1732436139522 1.5561683177947998 53
1732436139631 1.4311683177947998 54
1732436139783 1.4103349447250366 55
1732436146024 1.4936683177947998 0
1732436146413 1.4936683177947998 1
1732436146572 1.2436683177947998 2
1732436146701 1.3061683177947998 3
1732436146794 1.4311683177947998 4
1732436146939 1.1186683177947998 5
1732436147116 1.3686683177947998 6
1732436147195 1.3061683177947998 7
1732436147384 1.1186683177947998 8
1732436147471 1.3686683177947998 9
1732436147747 1.3686683177947998 10
1732436147843 1.3686683177947998 11
1732436147964 1.4311683177947998 12
1732436148050 1.4936683177947998 13
1732436148271 1.3061683177947998 14
1732436148359 1.2436683177947998 15
1732436148526 1.4936683177947998 16
1732437074834 1.4311683177947998 17
1732437074965 1.4311683177947998 18
1732437075174 1.1186683177947998 19
1732437075412 1.4311683177947998 20
1732437075524 1.4311683177947998 21
1732437075636 1.4311683177947998 22
1732437075739 1.3686683177947998 23
1732437075851 1.1811683177947998 24
1732437076049 1.4311683177947998 25
1732437076156 1.1811683177947998 26
1732437076263 1.1186683177947998 27
1732437076352 1.3686683177947998 28
1732437076607 1.3686683177947998 29
1732437076710 1.4311683177947998 30
1732437076839 1.4936683177947998 31
1732437076924 0.993668258190155 32
1732437077098 1.5561683177947998 33
1732437077185 1.1186683177947998 34
1732437077380 1.4936683177947998 35
1732437077474 1.3061683177947998 36
1732437077608 1.2436683177947998 37
1732437077690 1.4311683177947998 38
1732437077917 1.2436683177947998 39
1732437078008 1.3061683177947998 40
1732437078181 1.3061683177947998 41
1732437078269 1.4311683177947998 42
1732437078589 1.3686683177947998 43
1732437078683 1.1811683177947998 44
1732437078770 1.4311683177947998 45
1732437078867 1.3686683177947998 46
1732437079162 1.2436683177947998 47
1732437079252 1.0561683177947998 48
1732437079326 1.2436683177947998 49
1732437079411 1.0561683177947998 50
1732437079779 1.4936683177947998 51
1732437079865 1.3686683177947998 52
1732437079973 1.3061683177947998 53
1732437080065 1.3686683177947998 54
1732437080360 1.2103348970413208 55
1732437099714 1.1186683177947998 0
1732437100468 1.4311683177947998 1
1732437100717 1.4311683177947998 2
1732437100865 1.3061683177947998 3
1732437100979 1.3061683177947998 4
1732437101107 1.2436683177947998 5
1732437101222 1.3686683177947998 6
1732437101449 1.3686683177947998 7
1732437101817 1.0561683177947998 8
1732437101933 1.1811683177947998 9
1732437102055 1.3061683177947998 10
1732437102167 1.3061683177947998 11
1732437102412 1.3686683177947998 12
1732437102503 1.3061683177947998 13
1732437102643 1.0561683177947998 14
1732437102735 1.2436683177947998 15
1732437103131 1.2436683177947998 16
1732437103293 1.3061683177947998 17
1732437103406 1.3061683177947998 18
1732437103516 1.4936683177947998 19
1732437103715 1.4311683177947998 20
1732437103886 1.4311683177947998 21
1732437104002 1.3686683177947998 22
1732437104115 1.4936683177947998 23
1732437104317 1.2436683177947998 24
1732437104474 1.4311683177947998 25
1732437104601 1.5561683177947998 26
1732437104702 1.3061683177947998 27
1732437104900 1.4936683177947998 28
1732437105008 1.3061683177947998 29
1732437105202 1.3686683177947998 30
1732437105306 1.1811683177947998 31
1732437105456 0.9311683177947998 32
1732437105567 1.4311683177947998 33
1732437105679 1.2436683177947998 34
1732437105780 1.1811683177947998 35
1732437105974 1.4311683177947998 36
1732437106080 1.3061683177947998 37
1732437106196 1.3686683177947998 38
1732437106293 1.3061683177947998 39
1732437106492 1.4311683177947998 40
1732437106590 1.3061683177947998 41
1732437106699 1.5561683177947998 42
1732437106793 1.3061683177947998 43
1732437107053 1.3061683177947998 44
1732437107159 1.3061683177947998 45
1732437107251 1.3061683177947998 46
1732437107332 1.4311683177947998 47
1732437107544 1.1811683177947998 48
1732437107638 1.3686683177947998 49
1732437107748 1.4311683177947998 50
1732437107866 1.3686683177947998 51
1732437108088 1.3686683177947998 52
1732437108164 1.3686683177947998 53
1732437108260 1.1186683177947998 54
1732437108443 1.6103349924087524 55
1732438053916 1.3061683177947998 0
1732438054304 1.1811683177947998 1
1732438054696 1.3686683177947998 2
1732438055030 1.2436683177947998 3
1732438055272 1.4311683177947998 4
1732438055371 1.3061683177947998 5
1732438055478 1.5561683177947998 6
1732438055585 1.2436683177947998 7
1732438055673 1.2436683177947998 8
1732438055980 1.4936683177947998 9
1732438056078 1.4936683177947998 10
1732438056173 1.3686683177947998 11
1732438056271 1.5561683177947998 12
1732439011471 1.3686683177947998 13
1732439011556 1.6186683177947998 14
1732439011650 1.3686683177947998 15
1732439011768 1.3061683177947998 16
1732439011951 1.3061683177947998 17
1732439012034 1.3061683177947998 18
1732439012107 1.5561683177947998 19
1732439012330 1.2436683177947998 20
1732439012534 1.3061683177947998 21
1732439012643 1.3061683177947998 22
1732439012736 1.2436683177947998 23
1732439012839 1.4311683177947998 24
1732439013176 1.1811683177947998 25
1732439013269 1.3061683177947998 26
1732439013368 1.3061683177947998 27
1732439013459 1.3061683177947998 28
1732439013670 1.3061683177947998 29
1732439013840 1.4311683177947998 30
1732439013934 1.0561683177947998 31
1732439014044 1.3061683177947998 32
1732439014248 1.3061683177947998 33
1732439014357 1.2436683177947998 34
1732439014487 1.2436683177947998 35
1732439014585 1.0561683177947998 36
1732439014841 1.3061683177947998 37
1732439014954 1.3061683177947998 38
1732439015035 1.4311683177947998 39
1732439015132 1.3686683177947998 40
1732439015360 1.1811683177947998 41
1732439015464 1.4311683177947998 42
1732439015585 1.3061683177947998 43
1732439015677 1.2436683177947998 44
1732439015916 1.0561683177947998 45
1732439016016 1.3686683177947998 46
1732439016164 1.4936683177947998 47
1732439016265 1.1811683177947998 48
1732439262314 1.4311683177947998 49
1732439262449 1.1811683177947998 50
1732439262601 1.5561683177947998 51
1732439262710 1.3686683177947998 52
1732439262842 1.4311683177947998 53
1732439262934 1.3061683177947998 54
1732439263252 1.1436684131622314 55
