1732435884660 0.0 55
1732435901676 1.401298464324817e-45 111
1732435916736 7.006492321624085e-45 167
1732435934093 1.0933853816511295e-35 223
1732435950559 1.851278706270328e-34 279
1732435967652 7.006492321624085e-45 335
1732435985643 8.407790785948902e-45 391
1732436000250 9.80908925027372e-45 447
1732436015792 1.1210387714598537e-44 503
1732436032442 1.2611686178923354e-44 559
1732436049739 1.401298464324817e-44 615
1732436065280 1.5414283107572988e-44 671
1732436080546 1.6815581571897805e-44 727
1732436095035 1.8216880036222622e-44 783
1732436111589 0.0 839
1732436128469 2.1019476964872256e-44 895
1732436144268 2.2420775429197073e-44 951
1732437084391 2.382207389352189e-44 1007
1732438052416 2.5223372357846707e-44 1063
1732439267922 2.6624670822171524e-44 1119
