1732435884660 7.847271400218976e-44 55
1732435901676 1.5694542800437951e-43 111
1732435916736 7.006492321624085e-45 167
1732435934093 0.0 223
1732435950559 1.842741678547481e-34 279
1732435967652 4.708362840131385e-43 335
1732435985643 5.493089980153283e-43 391
1732436000250 1.0928056700816322e-35 447
1732436015792 7.062544260197078e-43 503
1732436032442 7.847271400218976e-43 559
1732436049739 8.631998540240873e-43 615
1732436065280 9.41672568026277e-43 671
1732436080546 1.0201452820284668e-42 727
1732436095035 1.0986179960306566e-42 783
1732436111589 0.0 839
1732436128469 1.2555634240350361e-42 895
1732436144268 5.876368651960321e-38 951
1732437084391 1.4125088520394156e-42 1007
1732438052416 1.4909815660416054e-42 1063
1732439267922 1.569454280043795e-42 1119
