1732435871933 0.0 1
1732435872428 0.0 3
1732435872845 0.0 5
1732435873121 0.109375 7
1732435873317 0.125 9
1732435873788 0.09375 11
1732435874026 0.0625 13
1732435874469 0.171875 15
1732435874757 0.15625 17
1732435875164 0.171875 19
1732435875396 0.109375 21
1732435875818 0.140625 23
1732435876209 0.125 25
1732435876585 0.0625 27
1732435876871 0.09375 29
1732435877160 0.125 31
1732435877590 0.078125 33
1732435877846 0.03125 35
1732435878172 0.15625 37
1732435878455 0.078125 39
1732435878806 0.15625 41
1732435879194 0.203125 43
1732435879411 0.15625 45
1732435879693 0.15625 47
1732435879945 0.09375 49
1732435880339 0.140625 51
1732435880523 0.109375 53
1732435880879 0.10000000149011612 55
1732435886968 0.125 57
1732435887725 0.125 59
1732435888044 0.0625 61
1732435888384 0.125 63
1732435888971 0.078125 65
1732435889279 0.109375 67
1732435889866 0.078125 69
1732435890254 0.078125 71
1732435890580 0.15625 73
1732435890979 0.03125 75
1732435891569 0.09375 77
1732435892009 0.078125 79
1732435892449 0.0625 81
1732435892815 0.09375 83
1732435893212 0.109375 85
1732435893541 0.140625 87
1732435894124 0.09375 89
1732435894427 0.09375 91
1732435894939 0.125 93
1732435895200 0.09375 95
1732435895552 0.109375 97
1732435896068 0.15625 99
1732435896701 0.09375 101
1732435896929 0.171875 103
1732435897233 0.078125 105
1732435897455 0.046875 107
1732435897637 0.125 109
1732435897829 0.11666666716337204 111
1732435903731 0.078125 113
1732435904592 0.09375 115
1732435904931 0.140625 117
1732435905169 0.09375 119
1732435905870 0.15625 121
1732435906274 0.125 123
1732435906654 0.09375 125
1732435906949 0.125 127
1732435907328 0.09375 129
1732435907553 0.109375 131
1732435907995 0.125 133
1732435908274 0.0625 135
1732435908620 0.140625 137
1732435908876 0.125 139
1732435909338 0.125 141
1732435909648 0.125 143
1732435909864 0.125 145
1732435910211 0.0625 147
1732435910477 0.046875 149
1732435910762 0.0625 151
1732435911020 0.109375 153
1732435911310 0.109375 155
1732435911669 0.140625 157
1732435911927 0.078125 159
1732435912261 0.09375 161
1732435912524 0.125 163
1732435912799 0.125 165
1732435912969 0.0833333358168602 167
1732435918880 0.09375 169
1732435919782 0.078125 171
1732435920160 0.125 173
1732435920379 0.125 175
1732435921041 0.0625 177
1732435921344 0.078125 179
1732435921851 0.109375 181
1732435922134 0.171875 183
1732435922546 0.125 185
1732435922830 0.15625 187
1732435923248 0.125 189
1732435923763 0.140625 191
1732435924149 0.109375 193
1732435924751 0.078125 195
1732435925006 0.078125 197
1732435925486 0.140625 199
1732435925870 0.078125 201
1732435926371 0.09375 203
1732435926901 0.09375 205
1732435927253 0.171875 207
1732435927477 0.0625 209
1732435928179 0.0625 211
1732435928402 0.09375 213
1732435928993 0.09375 215
1732435929224 0.109375 217
1732435929486 0.140625 219
1732435929688 0.125 221
1732435929891 0.06666667014360428 223
1732435936163 0.0625 225
1732435937013 0.09375 227
1732435937474 0.109375 229
1732435937693 0.0625 231
1732435938492 0.109375 233
1732435938873 0.125 235
1732435939160 0.09375 237
1732435939536 0.0625 239
1732435939968 0.15625 241
1732435940430 0.125 243
1732435940725 0.140625 245
1732435941067 0.140625 247
1732435941313 0.078125 249
1732435941785 0.125 251
1732435942144 0.09375 253
1732435942507 0.09375 255
1732435942915 0.171875 257
1732435943284 0.09375 259
1732435943704 0.140625 261
1732435944027 0.109375 263
1732435944542 0.109375 265
1732435944836 0.0625 267
1732435945407 0.125 269
1732435945633 0.109375 271
1732435945991 0.09375 273
1732435946231 0.015625 275
1732435946429 0.15625 277
1732435946667 0.06666667014360428 279
1732435952795 0.09375 281
1732435953538 0.0625 283
1732435953867 0.09375 285
1732435954082 0.109375 287
1732435954941 0.109375 289
1732435955542 0.109375 291
1732435955781 0.15625 293
1732435956235 0.078125 295
1732435956477 0.109375 297
1732435956832 0.109375 299
1732435957201 0.125 301
1732435957596 0.046875 303
1732435957841 0.09375 305
1732435958378 0.140625 307
1732435958740 0.09375 309
1732435959211 0.109375 311
1732435959646 0.140625 313
1732435960096 0.125 315
1732435960541 0.109375 317
1732435960946 0.140625 319
1732435961446 0.109375 321
1732435961766 0.09375 323
1732435962269 0.0625 325
1732435962571 0.09375 327
1732435962861 0.09375 329
1732435963077 0.109375 331
1732435963276 0.15625 333
1732435963526 0.13333334028720856 335
1732435969845 0.0625 337
1732435970560 0.109375 339
1732435970942 0.09375 341
1732435971363 0.046875 343
1732435971803 0.125 345
1732435972034 0.0625 347
1732435972483 0.078125 349
1732435972740 0.125 351
1732435973154 0.09375 353
1732435973763 0.125 355
1732435974252 0.140625 357
1732435974875 0.0625 359
1732435975162 0.109375 361
1732435975770 0.125 363
1732435976054 0.046875 365
1732435976291 0.109375 367
1732435976891 0.125 369
1732435977461 0.078125 371
1732435977800 0.125 373
1732435978013 0.125 375
1732435978737 0.109375 377
1732435979031 0.046875 379
1732435979568 0.078125 381
1732435979910 0.09375 383
1732435980415 0.109375 385
1732435980660 0.078125 387
1732435980998 0.109375 389
1732435981243 0.11666666716337204 391
1732435987708 0.09375 393
1732435988375 0.109375 395
1732435988666 0.09375 397
1732435988928 0.09375 399
1732435989525 0.109375 401
1732435989865 0.109375 403
1732435990178 0.0625 405
1732435990499 0.109375 407
1732435990801 0.078125 409
1732435991036 0.109375 411
1732435991494 0.125 413
1732435991863 0.15625 415
1732435992283 0.125 417
1732435992533 0.203125 419
1732435992819 0.109375 421
1732435993124 0.078125 423
1732435993383 0.109375 425
1732435993662 0.125 427
1732435993923 0.09375 429
1732435994158 0.078125 431
1732435994534 0.109375 433
1732435994777 0.109375 435
1732435995148 0.109375 437
1732435995414 0.125 439
1732435995656 0.09375 441
1732435995868 0.125 443
1732435996140 0.140625 445
1732435996409 0.0833333358168602 447
1732436002142 0.0625 449
1732436002580 0.09375 451
1732436003130 0.15625 453
1732436003458 0.125 455
1732436003901 0.140625 457
1732436004370 0.109375 459
1732436004620 0.0625 461
1732436004999 0.09375 463
1732436005530 0.09375 465
1732436005804 0.125 467
1732436006057 0.09375 469
1732436006518 0.09375 471
1732436006980 0.109375 473
1732436007252 0.09375 475
1732436007654 0.109375 477
1732436007907 0.046875 479
1732436008147 0.078125 481
1732436008538 0.0625 483
1732436008778 0.109375 485
1732436009256 0.140625 487
1732436009584 0.109375 489
1732436009906 0.109375 491
1732436010221 0.125 493
1732436010474 0.0625 495
1732436010820 0.09375 497
1732436011046 0.09375 499
1732436011249 0.140625 501
1732436011643 0.13333334028720856 503
1732436017971 0.140625 505
1732436018736 0.078125 507
1732436019150 0.09375 509
1732436019370 0.1875 511
1732436020208 0.046875 513
1732436020511 0.125 515
1732436020784 0.140625 517
1732436021212 0.09375 519
1732436021574 0.125 521
1732436021935 0.09375 523
1732436022317 0.125 525
1732436022896 0.09375 527
1732436023163 0.109375 529
1732436023367 0.09375 531
1732436024010 0.109375 533
1732436024223 0.125 535
1732436024826 0.09375 537
1732436025361 0.125 539
1732436025609 0.09375 541
1732436026092 0.109375 543
1732436026413 0.09375 545
1732436026745 0.09375 547
1732436027068 0.15625 549
1732436027312 0.140625 551
1732436027701 0.09375 553
1732436027928 0.09375 555
1732436028206 0.109375 557
1732436028456 0.13333334028720856 559
1732436034587 0.09375 561
1732436035404 0.109375 563
1732436035726 0.125 565
1732436035994 0.140625 567
1732436036721 0.109375 569
1732436037178 0.125 571
1732436037525 0.0625 573
1732436037775 0.109375 575
1732436038237 0.171875 577
1732436038504 0.109375 579
1732436038856 0.09375 581
1732436039104 0.109375 583
1732436039668 0.15625 585
1732436039996 0.125 587
1732436040520 0.109375 589
1732436040970 0.171875 591
1732436041512 0.109375 593
1732436041933 0.078125 595
1732436042404 0.15625 597
1732436043087 0.109375 599
1732436043395 0.09375 601
1732436043924 0.046875 603
1732436044200 0.09375 605
1732436044484 0.078125 607
1732436044892 0.09375 609
1732436045106 0.109375 611
1732436045327 0.125 613
1732436045581 0.10000000149011612 615
1732436051578 0.109375 617
1732436051996 0.1875 619
1732436052562 0.109375 621
1732436052973 0.078125 623
1732436053500 0.0625 625
1732436053716 0.0625 627
1732436054313 0.125 629
1732436054893 0.09375 631
1732436055180 0.109375 633
1732436055429 0.125 635
1732436055901 0.078125 637
1732436056130 0.125 639
1732436056528 0.046875 641
1732436056733 0.125 643
1732436057139 0.09375 645
1732436057341 0.0625 647
1732436057799 0.140625 649
1732436058007 0.109375 651
1732436058355 0.078125 653
1732436058578 0.109375 655
1732436059007 0.109375 657
1732436059317 0.109375 659
1732436059640 0.140625 661
1732436059886 0.140625 663
1732436060238 0.1875 665
1732436060447 0.109375 667
1732436060858 0.109375 669
1732436061093 0.11666666716337204 671
1732436067086 0.0625 673
1732436067604 0.078125 675
1732436068165 0.09375 677
1732436068404 0.0625 679
1732436068847 0.109375 681
1732436069138 0.046875 683
1732436069494 0.125 685
1732436069850 0.125 687
1732436070131 0.125 689
1732436070682 0.109375 691
1732436070920 0.046875 693
1732436071249 0.109375 695
1732436071537 0.078125 697
1732436071826 0.09375 699
1732436072140 0.09375 701
1732436072524 0.171875 703
1732436072810 0.125 705
1732436073136 0.09375 707
1732436073344 0.078125 709
1732436073989 0.125 711
1732436074348 0.15625 713
1732436074589 0.09375 715
1732436074845 0.09375 717
1732436075225 0.125 719
1732436075487 0.171875 721
1732436075809 0.171875 723
1732436076000 0.109375 725
1732436076420 0.06666667014360428 727
1732436082481 0.046875 729
1732436082890 0.109375 731
1732436083539 0.09375 733
1732436083809 0.09375 735
1732436084193 0.046875 737
1732436084408 0.125 739
1732436084816 0.1875 741
1732436085021 0.09375 743
1732436085368 0.0625 745
1732436085630 0.15625 747
1732436085925 0.0625 749
1732436086156 0.171875 751
1732436086460 0.140625 753
1732436086688 0.09375 755
1732436087120 0.125 757
1732436087293 0.09375 759
1732436087753 0.09375 761
1732436087932 0.15625 763
1732436088494 0.109375 765
1732436088705 0.109375 767
1732436089011 0.125 769
1732436089211 0.109375 771
1732436089703 0.09375 773
1732436089937 0.078125 775
1732436090253 0.140625 777
1732436090457 0.125 779
1732436090770 0.0625 781
1732436091007 0.06666667014360428 783
1732436097143 0.109375 785
1732436097800 0.125 787
1732436098209 0.125 789
1732436098445 0.09375 791
1732436099311 0.1875 793
1732436100023 0.09375 795
1732436100245 0.125 797
1732436100620 0.078125 799
1732436101017 0.078125 801
1732436101375 0.078125 803
1732436101864 0.0625 805
1732436102325 0.140625 807
1732436102618 0.09375 809
1732436102909 0.078125 811
1732436103276 0.09375 813
1732436103505 0.109375 815
1732436103964 0.09375 817
1732436104310 0.09375 819
1732436104592 0.125 821
1732436104945 0.078125 823
1732436105303 0.078125 825
1732436105628 0.15625 827
1732436105987 0.09375 829
1732436106358 0.171875 831
1732436106596 0.125 833
1732436106811 0.171875 835
1732436107116 0.078125 837
1732436107375 0.13333334028720856 839
1732436113737 0.125 841
1732436114598 0.09375 843
1732436115093 0.09375 845
1732436115318 0.125 847
1732436116081 0.0625 849
1732436116533 0.140625 851
1732436116965 0.09375 853
1732436117386 0.15625 855
1732436117709 0.09375 857
1732436117952 0.109375 859
1732436118415 0.09375 861
1732436118644 0.109375 863
1732436119197 0.078125 865
1732436119577 0.09375 867
1732436119805 0.171875 869
1732436120319 0.0625 871
1732436120628 0.109375 873
1732436120906 0.140625 875
1732436121310 0.046875 877
1732436121552 0.125 879
1732436122005 0.140625 881
1732436122266 0.140625 883
1732436122730 0.09375 885
1732436122972 0.140625 887
1732436123550 0.09375 889
1732436123847 0.046875 891
1732436124088 0.0625 893
1732436124358 0.11666666716337204 895
1732436130619 0.109375 897
1732436131382 0.078125 899
1732436131683 0.109375 901
1732436131881 0.125 903
1732436132540 0.109375 905
1732436132745 0.15625 907
1732436133167 0.046875 909
1732436133376 0.109375 911
1732436133738 0.09375 913
1732436133956 0.15625 915
1732436134352 0.125 917
1732436134567 0.140625 919
1732436135056 0.0625 921
1732436135262 0.15625 923
1732436135742 0.125 925
1732436135956 0.140625 927
1732436136335 0.125 929
1732436136543 0.09375 931
1732436136944 0.078125 933
1732436137160 0.109375 935
1732436137536 0.09375 937
1732436137771 0.0625 939
1732436138239 0.109375 941
1732436138647 0.125 943
1732436138971 0.109375 945
1732436139352 0.15625 947
1732436139539 0.046875 949
1732436139796 0.0833333358168602 951
1732436146431 0.0625 953
1732436146720 0.109375 955
1732436146959 0.15625 957
1732436147213 0.109375 959
1732436147490 0.09375 961
1732436147863 0.09375 963
1732436148067 0.0625 965
1732436148378 0.125 967
1732437074850 0.078125 969
1732437075196 0.15625 971
1732437075542 0.078125 973
1732437075772 0.09375 975
1732437076067 0.078125 977
1732437076280 0.15625 979
1732437076629 0.09375 981
1732437076855 0.0625 983
1732437077119 0.046875 985
1732437077401 0.0625 987
1732437077625 0.125 989
1732437077933 0.125 991
1732437078205 0.109375 993
1732437078613 0.09375 995
1732437078788 0.078125 997
1732437079181 0.125 999
1732437079344 0.125 1001
1732437079802 0.0625 1003
1732437079989 0.109375 1005
1732437080383 0.13333334028720856 1007
1732437100485 0.078125 1009
1732437100885 0.109375 1011
1732437101125 0.125 1013
1732437101473 0.09375 1015
1732437101955 0.140625 1017
1732437102190 0.109375 1019
1732437102521 0.109375 1021
1732437102753 0.125 1023
1732437103313 0.109375 1025
1732437103541 0.0625 1027
1732437103904 0.078125 1029
1732437104131 0.0625 1031
1732437104494 0.078125 1033
1732437104720 0.109375 1035
1732437105027 0.109375 1037
1732437105328 0.140625 1039
1732437105584 0.078125 1041
1732437105797 0.140625 1043
1732437106098 0.109375 1045
1732437106312 0.109375 1047
1732437106610 0.109375 1049
1732437106811 0.109375 1051
1732437107179 0.109375 1053
1732437107352 0.078125 1055
1732437107657 0.09375 1057
1732437107883 0.09375 1059
1732437108180 0.09375 1061
1732437108461 0.03333333507180214 1063
1732438054334 0.140625 1065
1732438055071 0.125 1067
1732438055388 0.109375 1069
1732438055604 0.125 1071
1732438055999 0.0625 1073
1732438056191 0.09375 1075
1732439011492 0.09375 1077
1732439011670 0.09375 1079
1732439011970 0.109375 1081
1732439012124 0.046875 1083
1732439012555 0.109375 1085
1732439012753 0.125 1087
1732439013197 0.140625 1089
1732439013387 0.109375 1091
1732439013689 0.109375 1093
1732439013952 0.171875 1095
1732439014266 0.109375 1097
1732439014506 0.125 1099
1732439014861 0.109375 1101
1732439015053 0.078125 1103
1732439015380 0.140625 1105
1732439015602 0.109375 1107
1732439015934 0.171875 1109
1732439016183 0.0625 1111
1732439262346 0.078125 1113
1732439262623 0.046875 1115
1732439262858 0.078125 1117
1732439263268 0.15000000596046448 1119
