1732448035462 0.0 17
1732448035480 0.0 17
1732448048618 1.0 35
1732448048647 1.0 35
1732448057655 2.0 49
1732448062767 2.0 53
1732448062788 2.0 53
1732448076960 3.0 71
1732448076980 3.0 71
1732448091265 4.0 89
1732448091282 4.0 89
1732448097566 5.0 99
1732448105023 5.0 107
1732448105041 5.0 107
1732448118598 6.0 125
1732448118616 6.0 125
1732448133213 7.0 143
1732448133234 7.0 143
1732448137999 8.0 149
1732448147359 8.0 161
1732448147377 8.0 161
1732448161634 9.0 179
1732448161655 9.0 179
1732448175076 10.0 197
1732448175100 10.0 197
1732448177471 11.0 199
1732448188289 11.0 215
1732448188307 11.0 215
