1732442076467 0.0 3
1732442076748 0.0 7
1732442077170 0.0 11
1732442077527 0.0 15
1732442077911 0.0 19
1732442078316 0.0 23
1732442078756 0.0 27
1732442079130 0.0 31
1732442079539 0.0 35
1732442079956 0.0 39
1732442080391 0.0 43
1732442080797 0.0 47
1732442081209 0.0 51
1732442081644 0.0 55
1732442083134 0.0 55
1732442083154 0.0 55
1732442084065 1.0 59
1732442084335 1.0 63
1732442084741 1.0 67
1732442085145 1.0 71
1732442085536 1.0 75
1732442085971 1.0 79
1732442086360 1.0 83
1732442086767 1.0 87
1732442087173 1.0 91
1732442087516 1.0 95
1732442087951 1.0 99
1732442088326 1.0 103
1732442088676 1.0 107
1732442089102 1.0 111
1732442090809 1.0 111
1732442090834 1.0 111
1732442091506 2.0 115
1732442091885 2.0 119
1732442092311 2.0 123
1732442092732 2.0 127
1732442093143 2.0 131
1732442093577 2.0 135
1732442093970 2.0 139
1732442094373 2.0 143
1732442094752 2.0 147
1732442095166 2.0 151
1732442095626 2.0 155
1732442096018 2.0 159
1732442096396 2.0 163
1732442096777 2.0 167
1732442098374 2.0 167
1732442098396 2.0 167
1732442099094 3.0 171
1732442099539 3.0 175
1732442099956 3.0 179
1732442100369 3.0 183
1732442100765 3.0 187
1732442101183 3.0 191
1732442101569 3.0 195
1732442101959 3.0 199
1732442102385 3.0 203
1732442102790 3.0 207
1732442103225 3.0 211
1732442103565 3.0 215
1732442103938 3.0 219
1732442104333 3.0 223
1732442105846 3.0 223
1732442105864 3.0 223
1732442106510 4.0 227
1732442106952 4.0 231
1732442107358 4.0 235
1732442107756 4.0 239
1732442108172 4.0 243
1732442108579 4.0 247
1732442108939 4.0 251
1732442109384 4.0 255
1732442109736 4.0 259
1732442110103 4.0 263
1732442110507 4.0 267
1732442110862 4.0 271
1732442111272 4.0 275
1732442111695 4.0 279
1732442113235 4.0 279
1732442113256 4.0 279
1732442113884 5.0 283
1732442114245 5.0 287
1732442114752 5.0 291
1732442115167 5.0 295
1732442115544 5.0 299
1732442116106 5.0 303
1732442116584 5.0 307
1732442116971 5.0 311
1732442117384 5.0 315
1732442117929 5.0 319
1732442118375 5.0 323
1732442118874 5.0 327
1732442119343 5.0 331
1732442119620 5.0 335
1732442121042 5.0 335
1732442121062 5.0 335
1732442121761 6.0 339
1732442122102 6.0 343
1732442122517 6.0 347
1732442122946 6.0 351
1732442123363 6.0 355
1732442123755 6.0 359
1732442124098 6.0 363
1732442124531 6.0 367
1732442124961 6.0 371
1732442125397 6.0 375
1732442125830 6.0 379
1732442126199 6.0 383
1732442126619 6.0 387
1732442127049 6.0 391
1732442128552 6.0 391
1732442128571 6.0 391
1732442129244 7.0 395
1732442129632 7.0 399
1732442129997 7.0 403
1732442130347 7.0 407
1732442130710 7.0 411
1732442131113 7.0 415
1732442131535 7.0 419
1732442131947 7.0 423
1732442132395 7.0 427
1732442132820 7.0 431
1732442133259 7.0 435
1732442133639 7.0 439
1732442133989 7.0 443
1732442134381 7.0 447
1732442135771 7.0 447
1732442135793 7.0 447
1732442136350 8.0 451
1732442136817 8.0 455
1732442137175 8.0 459
1732442137590 8.0 463
1732442137984 8.0 467
1732442138356 8.0 471
1732442138766 8.0 475
1732442139202 8.0 479
1732442139568 8.0 483
1732442139987 8.0 487
1732442140373 8.0 491
1732442140819 8.0 495
1732442141208 8.0 499
1732442141632 8.0 503
1732442143184 8.0 503
1732442143205 8.0 503
1732442143859 9.0 507
1732442144299 9.0 511
1732442144705 9.0 515
1732442145139 9.0 519
1732442145564 9.0 523
1732442145883 9.0 527
1732442146295 9.0 531
1732442146672 9.0 535
1732442147059 9.0 539
1732442147444 9.0 543
1732442147829 9.0 547
1732442148245 9.0 551
1732442148656 9.0 555
1732442149014 9.0 559
1732442150510 9.0 559
1732442150531 9.0 559
1732442151255 10.0 563
1732442151682 10.0 567
1732442152009 10.0 571
1732442152401 10.0 575
1732442152821 10.0 579
1732442153295 10.0 583
1732442153692 10.0 587
1732442154163 10.0 591
1732442154585 10.0 595
1732442154997 10.0 599
1732442155441 10.0 603
1732442155838 10.0 607
1732442156207 10.0 611
1732442156608 10.0 615
1732442158000 10.0 615
1732442158021 10.0 615
1732442158694 11.0 619
1732442159116 11.0 623
1732442159668 11.0 627
1732442160047 11.0 631
1732442160505 11.0 635
1732442160971 11.0 639
1732442161363 11.0 643
1732442161748 11.0 647
1732442162160 11.0 651
1732442162564 11.0 655
1732442163028 11.0 659
1732442163421 11.0 663
1732442163810 11.0 667
1732442164274 11.0 671
1732442165747 11.0 671
1732442165768 11.0 671
1732442166452 12.0 675
1732442166854 12.0 679
1732442167279 12.0 683
1732442167661 12.0 687
1732442168006 12.0 691
1732442168463 12.0 695
1732442168903 12.0 699
1732442169306 12.0 703
1732442169715 12.0 707
1732442170096 12.0 711
1732442170540 12.0 715
1732442170950 12.0 719
1732442171350 12.0 723
1732442171777 12.0 727
1732442173257 12.0 727
1732442173277 12.0 727
1732442173948 13.0 731
1732442174417 13.0 735
1732442174780 13.0 739
1732442175255 13.0 743
1732442175629 13.0 747
1732442176019 13.0 751
1732442176407 13.0 755
1732442176788 13.0 759
1732442177232 13.0 763
1732442177626 13.0 767
1732442178047 13.0 771
1732442178438 13.0 775
1732442178921 13.0 779
1732442179338 13.0 783
1732442180816 13.0 783
1732442180836 13.0 783
1732442181554 14.0 787
1732442181968 14.0 791
1732442182309 14.0 795
1732442182720 14.0 799
1732442183097 14.0 803
1732442183503 14.0 807
1732442183891 14.0 811
1732442184294 14.0 815
1732442184727 14.0 819
1732442185099 14.0 823
1732442185489 14.0 827
1732442185934 14.0 831
1732442186322 14.0 835
1732442186768 14.0 839
