1732442076448 0.1 3
1732442076720 0.1 7
1732442077146 0.1 11
1732442077508 0.1 15
1732442077890 0.1 19
1732442078288 0.1 23
1732442078736 0.1 27
1732442079111 0.1 31
1732442079520 0.1 35
1732442079933 0.1 39
1732442080368 0.1 43
1732442080780 0.1 47
1732442081185 0.1 51
1732442081552 0.1 55
1732442084042 0.1 59
1732442084315 0.1 63
1732442084721 0.1 67
1732442085125 0.1 71
1732442085513 0.1 75
1732442085947 0.1 79
1732442086327 0.1 83
1732442086745 0.1 87
1732442087154 0.1 91
1732442087495 0.1 95
1732442087925 0.1 99
1732442088300 0.1 103
1732442088659 0.1 107
1732442089084 0.1 111
1732442091487 0.1 115
1732442091867 0.1 119
1732442092292 0.1 123
1732442092714 0.1 127
1732442093124 0.1 131
1732442093558 0.1 135
1732442093953 0.1 139
1732442094352 0.1 143
1732442094733 0.1 147
1732442095147 0.1 151
1732442095608 0.1 155
1732442095998 0.1 159
1732442096377 0.1 163
1732442096757 0.1 167
1732442099076 0.1 171
1732442099513 0.1 175
1732442099933 0.1 179
1732442100348 0.1 183
1732442100740 0.1 187
1732442101155 0.1 191
1732442101548 0.1 195
1732442101939 0.1 199
1732442102362 0.1 203
1732442102770 0.1 207
1732442103201 0.1 211
1732442103539 0.1 215
1732442103919 0.1 219
1732442104316 0.1 223
1732442106492 0.1 227
1732442106932 0.1 231
1732442107338 0.1 235
1732442107735 0.1 239
1732442108145 0.1 243
1732442108559 0.1 247
1732442108914 0.1 251
1732442109358 0.1 255
1732442109715 0.1 259
1732442110086 0.1 263
1732442110483 0.1 267
1732442110842 0.1 271
1732442111249 0.1 275
1732442111679 0.1 279
1732442113863 0.1 283
1732442114228 0.1 287
1732442114732 0.1 291
1732442115144 0.1 295
1732442115527 0.1 299
1732442116084 0.1 303
1732442116560 0.1 307
1732442116953 0.1 311
1732442117364 0.1 315
1732442117906 0.1 319
1732442118352 0.1 323
1732442118850 0.1 327
1732442119321 0.1 331
1732442119603 0.1 335
1732442121726 0.1 339
1732442122083 0.1 343
1732442122494 0.1 347
1732442122926 0.1 351
1732442123338 0.1 355
1732442123730 0.1 359
1732442124077 0.1 363
1732442124511 0.1 367
1732442124943 0.1 371
1732442125377 0.1 375
1732442125810 0.1 379
1732442126180 0.1 383
1732442126601 0.1 387
1732442127028 0.1 391
1732442129222 0.1 395
1732442129611 0.1 399
1732442129978 0.1 403
1732442130329 0.1 407
1732442130692 0.1 411
1732442131087 0.1 415
1732442131516 0.1 419
1732442131928 0.1 423
1732442132372 0.1 427
1732442132794 0.1 431
1732442133238 0.1 435
1732442133621 0.1 439
1732442133970 0.1 443
1732442134364 0.1 447
1732442136333 0.1 451
1732442136798 0.1 455
1732442137150 0.1 459
1732442137571 0.1 463
1732442137963 0.1 467
1732442138339 0.1 471
1732442138741 0.1 475
1732442139180 0.1 479
1732442139551 0.1 483
1732442139964 0.1 487
1732442140354 0.1 491
1732442140799 0.1 495
1732442141187 0.1 499
1732442141614 0.1 503
1732442143833 0.1 507
1732442144279 0.1 511
1732442144679 0.1 515
1732442145115 0.1 519
1732442145538 0.1 523
1732442145864 0.1 527
1732442146275 0.1 531
1732442146650 0.1 535
1732442147035 0.1 539
1732442147425 0.1 543
1732442147805 0.1 547
1732442148226 0.1 551
1732442148630 0.1 555
1732442148992 0.1 559
1732442151236 0.1 563
1732442151655 0.1 567
1732442151988 0.1 571
1732442152374 0.1 575
1732442152802 0.1 579
1732442153267 0.1 583
1732442153673 0.1 587
1732442154144 0.1 591
1732442154563 0.1 595
1732442154978 0.1 599
1732442155423 0.1 603
1732442155817 0.1 607
1732442156184 0.1 611
1732442156587 0.1 615
1732442158674 0.1 619
1732442159094 0.1 623
1732442159649 0.1 627
1732442160028 0.1 631
1732442160486 0.1 635
1732442160944 0.1 639
1732442161336 0.1 643
1732442161729 0.1 647
1732442162141 0.1 651
1732442162542 0.1 655
1732442163005 0.1 659
1732442163400 0.1 663
1732442163790 0.1 667
1732442164256 0.1 671
1732442166433 0.1 675
1732442166831 0.1 679
1732442167258 0.1 683
1732442167638 0.1 687
1732442167986 0.1 691
1732442168445 0.1 695
1732442168883 0.1 699
1732442169288 0.1 703
1732442169696 0.1 707
1732442170076 0.1 711
1732442170515 0.1 715
1732442170932 0.1 719
1732442171329 0.1 723
1732442171753 0.1 727
1732442173929 0.1 731
1732442174397 0.1 735
1732442174759 0.1 739
1732442175236 0.1 743
1732442175610 0.1 747
1732442176000 0.1 751
1732442176390 0.1 755
1732442176768 0.1 759
1732442177213 0.1 763
1732442177607 0.1 767
1732442178020 0.1 771
1732442178418 0.1 775
1732442178872 0.1 779
1732442179320 0.1 783
1732442181536 0.1 787
1732442181941 0.1 791
1732442182287 0.1 795
1732442182701 0.1 799
1732442183074 0.1 803
1732442183486 0.1 807
1732442183874 0.1 811
1732442184277 0.1 815
1732442184702 0.1 819
1732442185081 0.1 823
1732442185471 0.1 827
1732442185909 0.1 831
1732442186299 0.1 835
1732442186743 0.1 839
