1732442075907 1.395547866821289 0
1732442076259 1.296815037727356 1
1732442076360 1.3988571166992188 2
1732442076455 1.3020273447036743 3
1732442076539 1.3690476417541504 4
1732442076604 1.4228531122207642 5
1732442076660 1.3679699897766113 6
1732442076727 1.126223087310791 7
1732442076938 1.3597326278686523 8
1732442076999 1.480362892150879 9
1732442077078 1.2577407360076904 10
1732442077152 1.5445432662963867 11
1732442077313 1.1821980476379395 12
1732442077380 1.4039266109466553 13
1732442077451 1.341611385345459 14
1732442077515 1.2590949535369873 15
1732442077707 1.1851304769515991 16
1732442077766 1.429945707321167 17
1732442077827 1.3062453269958496 18
1732442077897 1.2431676387786865 19
1732442078116 1.1797912120819092 20
1732442078174 1.2432682514190674 21
1732442078230 1.3135340213775635 22
1732442078296 1.1192395687103271 23
1732442078545 1.3049931526184082 24
1732442078598 1.5561623573303223 25
1732442078676 1.1812078952789307 26
1732442078742 1.4311680793762207 27
1732442078918 1.3061670064926147 28
1732442078984 1.5561671257019043 29
1732442079054 1.1811683177947998 30
1732442079117 1.2436683177947998 31
1732442079332 1.3061684370040894 32
1732442079403 1.5561699867248535 33
1732442079457 1.2436702251434326 34
1732442079527 1.4311683177947998 35
1732442079744 1.4936619997024536 36
1732442079810 1.5561683177947998 37
1732442079871 1.3061681985855103 38
1732442079939 1.3686683177947998 39
1732442080185 1.1811683177947998 40
1732442080253 1.3061683177947998 41
1732442080315 1.2436683177947998 42
1732442080375 1.3061683177947998 43
1732442080593 1.2436683177947998 44
1732442080662 1.3686683177947998 45
1732442080727 1.3061683177947998 46
1732442080786 1.1811683177947998 47
1732442080995 1.2436683177947998 48
1732442081066 1.0561683177947998 49
1732442081131 1.3061683177947998 50
1732442081192 1.3061683177947998 51
1732442081380 1.4311683177947998 52
1732442081441 1.4936683177947998 53
1732442081501 1.5561683177947998 54
1732442081599 1.3436683416366577 55
1732442083845 0.9936683177947998 0
1732442083916 1.3686683177947998 1
1732442083978 1.2436683177947998 2
1732442084051 1.5561683177947998 3
1732442084126 1.3061683177947998 4
1732442084189 1.3061683177947998 5
1732442084252 1.3686683177947998 6
1732442084322 1.3061683177947998 7
1732442084553 1.3061683177947998 8
1732442084610 1.4311683177947998 9
1732442084666 1.2436683177947998 10
1732442084729 1.3061683177947998 11
1732442084968 1.1811683177947998 12
1732442085023 1.3061683177947998 13
1732442085077 1.2436683177947998 14
1732442085132 1.2436683177947998 15
1732442085358 1.3061683177947998 16
1732442085413 1.4311683177947998 17
1732442085462 1.3686683177947998 18
1732442085521 1.3061683177947998 19
1732442085777 1.3686683177947998 20
1732442085834 1.2436683177947998 21
1732442085890 1.6811683177947998 22
1732442085958 1.2436683177947998 23
1732442086154 1.2436683177947998 24
1732442086211 1.3061683177947998 25
1732442086267 1.4311683177947998 26
1732442086341 1.1811683177947998 27
1732442086584 1.4311683177947998 28
1732442086638 1.4311683177947998 29
1732442086694 1.1186683177947998 30
1732442086752 1.4936683177947998 31
1732442086993 1.2436683177947998 32
1732442087048 1.3061683177947998 33
1732442087104 1.2436683177947998 34
1732442087161 1.2436683177947998 35
1732442087341 1.4311683177947998 36
1732442087397 1.3686683177947998 37
1732442087448 1.3061683177947998 38
1732442087501 1.4936683177947998 39
1732442087764 1.3061683177947998 40
1732442087826 1.2436683177947998 41
1732442087875 1.5561683177947998 42
1732442087932 1.3061683177947998 43
1732442088134 1.2436683177947998 44
1732442088193 1.2436683177947998 45
1732442088251 1.4936683177947998 46
1732442088307 1.2436683177947998 47
1732442088478 1.4936683177947998 48
1732442088562 1.3061683177947998 49
1732442088615 1.3061683177947998 50
1732442088666 1.3061683177947998 51
1732442088857 1.3061683177947998 52
1732442088989 1.3686683177947998 53
1732442089045 1.2436683177947998 54
1732442089093 1.4103350639343262 55
1732442091294 1.4936683177947998 0
1732442091368 1.1811683177947998 1
1732442091433 1.3686683177947998 2
1732442091494 1.3061683177947998 3
1732442091628 1.3061683177947998 4
1732442091763 1.2436683177947998 5
1732442091815 1.5561683177947998 6
1732442091874 1.4311683177947998 7
1732442092023 1.3061683177947998 8
1732442092193 1.3686683177947998 9
1732442092245 1.4936683177947998 10
1732442092298 1.4311683177947998 11
1732442092427 1.3686683177947998 12
1732442092609 1.2436683177947998 13
1732442092666 1.3686683177947998 14
1732442092721 1.4936683177947998 15
1732442092856 1.1186683177947998 16
1732442093022 1.3061683177947998 17
1732442093078 1.3686683177947998 18
1732442093130 1.2436683177947998 19
1732442093260 1.2436683177947998 20
1732442093460 1.3686683177947998 21
1732442093513 1.3686683177947998 22
1732442093565 1.1186683177947998 23
1732442093779 1.3061683177947998 24
1732442093852 1.3061683177947998 25
1732442093908 1.2436683177947998 26
1732442093960 1.4936683177947998 27
1732442094190 1.4311683177947998 28
1732442094249 1.5561683177947998 29
1732442094307 1.3686683177947998 30
1732442094358 1.1186683177947998 31
1732442094559 1.4311683177947998 32
1732442094620 1.2436683177947998 33
1732442094683 1.4311683177947998 34
1732442094740 1.1186683177947998 35
1732442094943 1.2436683177947998 36
1732442095018 1.2436683177947998 37
1732442095103 1.3061683177947998 38
1732442095155 1.3061683177947998 39
1732442095334 1.4311683177947998 40
1732442095462 1.1811683177947998 41
1732442095556 1.2436683177947998 42
1732442095614 1.3686681985855103 43
1732442095760 1.2436683177947998 44
1732442095815 1.4936683177947998 45
1732442095949 1.1811683177947998 46
1732442096005 1.4311683177947998 47
1732442096127 1.3061683177947998 48
1732442096236 1.1186683177947998 49
1732442096325 1.3686683177947998 50
1732442096383 1.2436683177947998 51
1732442096540 1.6186683177947998 52
1732442096651 1.1811683177947998 53
1732442096714 1.3061683177947998 54
1732442096763 1.3436683416366577 55
1732442098883 1.4936683177947998 0
1732442098961 1.2436683177947998 1
1732442099019 1.1186683177947998 2
1732442099083 1.2436683177947998 3
1732442099276 1.5561683177947998 4
1732442099403 1.1186683177947998 5
1732442099466 1.4936683177947998 6
1732442099520 1.2436683177947998 7
1732442099747 1.2436683177947998 8
1732442099822 1.2436683177947998 9
1732442099880 1.3061683177947998 10
1732442099941 1.4311683177947998 11
1732442100188 1.1811683177947998 12
1732442100247 1.4311683177947998 13
1732442100299 1.5561683177947998 14
1732442100355 1.4936683177947998 15
1732442100579 1.5561683177947998 16
1732442100642 1.1186683177947998 17
1732442100695 1.5561683177947998 18
1732442100747 1.3061683177947998 19
1732442100989 1.4311683177947998 20
1732442101050 1.4936683177947998 21
1732442101106 1.3686683177947998 22
1732442101163 1.3686683177947998 23
1732442101382 1.4936683177947998 24
1732442101447 1.1811683177947998 25
1732442101497 1.1811683177947998 26
1732442101555 1.1811683177947998 27
1732442101765 1.4936683177947998 28
1732442101844 1.1811683177947998 29
1732442101893 1.3061683177947998 30
1732442101945 1.2436683177947998 31
1732442102206 1.2436683177947998 32
1732442102271 1.3686683177947998 33
1732442102313 1.1811683177947998 34
1732442102371 1.2436683177947998 35
1732442102593 1.4311683177947998 36
1732442102655 1.2436683177947998 37
1732442102718 1.2436683177947998 38
1732442102778 1.4311683177947998 39
1732442103020 1.3686683177947998 40
1732442103082 1.1811683177947998 41
1732442103136 1.3061683177947998 42
1732442103208 1.4311683177947998 43
1732442103376 1.4311683177947998 44
1732442103434 1.4936683177947998 45
1732442103489 1.4311683177947998 46
1732442103545 1.3061683177947998 47
1732442103757 1.2436683177947998 48
1732442103821 1.3061683177947998 49
1732442103871 1.0561683177947998 50
1732442103926 1.3061683177947998 51
1732442104164 1.3061683177947998 52
1732442104225 1.1811683177947998 53
1732442104275 1.3686683177947998 54
1732442104323 1.3436682224273682 55
1732442106285 1.3061683177947998 0
1732442106384 1.2436683177947998 1
1732442106441 1.4311683177947998 2
1732442106498 1.3061683177947998 3
1732442106726 1.2436683177947998 4
1732442106832 1.2436683177947998 5
1732442106886 1.2436683177947998 6
1732442106940 1.4936683177947998 7
1732442107111 1.3686683177947998 8
1732442107237 1.2436683177947998 9
1732442107291 1.3061683177947998 10
1732442107345 1.1811683177947998 11
1732442107510 1.4936683177947998 12
1732442107637 1.2436683177947998 13
1732442107689 1.2436683177947998 14
1732442107743 1.1186683177947998 15
1732442107875 1.5561683177947998 16
1732442108039 1.2436683177947998 17
1732442108095 1.3686683177947998 18
1732442108153 1.4936683177947998 19
1732442108249 1.3686683177947998 20
1732442108441 1.3686683177947998 21
1732442108505 1.3686683177947998 22
1732442108567 1.4311683177947998 23
1732442108653 1.3061683177947998 24
1732442108809 1.3061683177947998 25
1732442108864 1.4311683177947998 26
1732442108920 1.3686683177947998 27
1732442109063 1.3686683177947998 28
1732442109242 1.0561683177947998 29
1732442109301 1.4936683177947998 30
1732442109365 1.3061683177947998 31
1732442109468 1.3061683177947998 32
1732442109613 1.5561683177947998 33
1732442109664 1.2436683177947998 34
1732442109722 1.4936683177947998 35
1732442109880 1.3686683177947998 36
1732442109991 1.3061683177947998 37
1732442110048 1.2436683177947998 38
1732442110093 1.2436683177947998 39
1732442110260 1.3061683177947998 40
1732442110384 1.3061683177947998 41
1732442110437 1.3061683177947998 42
1732442110490 1.3061683177947998 43
1732442110669 1.2436683177947998 44
1732442110743 1.3061683177947998 45
1732442110800 1.4936683177947998 46
1732442110848 1.1811683177947998 47
1732442111051 1.4936683177947998 48
1732442111147 1.3061683177947998 49
1732442111202 1.1811683177947998 50
1732442111255 1.3061683177947998 51
1732442111451 1.2436683177947998 52
1732442111569 1.4311683177947998 53
1732442111635 1.2436683177947998 54
1732442111685 1.3436683416366577 55
1732442113701 1.3686683177947998 0
1732442113756 1.3061683177947998 1
1732442113806 1.3686683177947998 2
1732442113870 1.4936683177947998 3
1732442114074 1.3686683177947998 4
1732442114131 1.4936683177947998 5
1732442114183 1.3061683177947998 6
1732442114235 1.3686681985855103 7
1732442114566 1.0561683177947998 8
1732442114621 1.3061683177947998 9
1732442114671 1.2436683177947998 10
1732442114739 1.1186683177947998 11
1732442114976 1.3061683177947998 12
1732442115030 1.4936683177947998 13
1732442115088 1.4936683177947998 14
1732442115151 1.4936683177947998 15
1732442115372 1.2436683177947998 16
1732442115415 1.3061683177947998 17
1732442115479 1.3061683177947998 18
1732442115534 1.4936683177947998 19
1732442115908 1.0561683177947998 20
1732442115966 1.2436683177947998 21
1732442116031 1.3061683177947998 22
1732442116090 1.3686681985855103 23
1732442116373 1.1811683177947998 24
1732442116445 1.4311683177947998 25
1732442116505 1.1186683177947998 26
1732442116568 1.3686683177947998 27
1732442116756 1.2436683177947998 28
1732442116825 1.1186683177947998 29
1732442116891 1.5561683177947998 30
1732442116959 1.4311683177947998 31
1732442117173 1.4936683177947998 32
1732442117243 1.3686681985855103 33
1732442117305 1.3686683177947998 34
1732442117370 1.4936683177947998 35
1732442117709 1.3061683177947998 36
1732442117778 1.3061683177947998 37
1732442117846 1.3686683177947998 38
1732442117912 1.2436683177947998 39
1732442118156 1.1811683177947998 40
1732442118225 1.0561683177947998 41
1732442118291 1.3686683177947998 42
1732442118359 1.2436683177947998 43
1732442118653 1.4311683177947998 44
1732442118721 1.3686683177947998 45
1732442118788 1.3061683177947998 46
1732442118857 1.4311683177947998 47
1732442119144 1.3061683177947998 48
1732442119205 1.5561683177947998 49
1732442119265 1.3061683177947998 50
1732442119327 1.1811683177947998 51
1732442119439 1.2436683177947998 52
1732442119499 1.3061683177947998 53
1732442119553 1.1811683177947998 54
1732442119612 1.5436683893203735 55
1732442121498 1.4936683177947998 0
1732442121556 1.2436683177947998 1
1732442121643 1.3686683177947998 2
1732442121746 1.3061683177947998 3
1732442121899 1.3686683177947998 4
1732442121981 1.3686683177947998 5
1732442122034 1.4936683177947998 6
1732442122090 1.3686683177947998 7
1732442122335 1.2436683177947998 8
1732442122390 1.3686683177947998 9
1732442122443 1.4936683177947998 10
1732442122501 1.3686683177947998 11
1732442122735 1.3061683177947998 12
1732442122826 1.1811683177947998 13
1732442122880 1.3061683177947998 14
1732442122933 1.3061683177947998 15
1732442123097 1.3686681985855103 16
1732442123234 1.1186683177947998 17
1732442123290 1.3686683177947998 18
1732442123345 1.2436683177947998 19
1732442123559 1.1811683177947998 20
1732442123629 1.3061683177947998 21
1732442123680 1.3686683177947998 22
1732442123738 1.2436683177947998 23
1732442123907 1.3686683177947998 24
1732442123978 1.4936683177947998 25
1732442124033 1.2436683177947998 26
1732442124084 1.3686683177947998 27
1732442124349 1.1811683177947998 28
1732442124411 1.5561683177947998 29
1732442124464 1.1186683177947998 30
1732442124519 1.4311683177947998 31
1732442124774 1.2436683177947998 32
1732442124839 1.1186683177947998 33
1732442124897 1.4311683177947998 34
1732442124950 1.3686683177947998 35
1732442125186 1.1811683177947998 36
1732442125273 1.0561683177947998 37
1732442125325 1.1186683177947998 38
1732442125384 1.1811683177947998 39
1732442125647 1.3686683177947998 40
1732442125710 1.4311683177947998 41
1732442125763 1.3061683177947998 42
1732442125817 1.4936683177947998 43
1732442126005 1.3061683177947998 44
1732442126067 1.3686683177947998 45
1732442126123 1.3061683177947998 46
1732442126188 1.3686683177947998 47
1732442126445 1.4311683177947998 48
1732442126499 1.3686683177947998 49
1732442126552 1.6186683177947998 50
1732442126607 1.4311683177947998 51
1732442126866 1.3686683177947998 52
1732442126914 1.3686683177947998 53
1732442126977 1.1811683177947998 54
1732442127034 1.3436683416366577 55
1732442129066 1.3686683177947998 0
1732442129121 1.4311683177947998 1
1732442129174 1.3061683177947998 2
1732442129229 1.2436683177947998 3
1732442129452 1.2436683177947998 4
1732442129507 1.4936683177947998 5
1732442129557 1.3686683177947998 6
1732442129618 1.4936683177947998 7
1732442129832 1.1811683177947998 8
1732442129888 1.4311683177947998 9
1732442129934 1.3061683177947998 10
1732442129984 1.4311683177947998 11
1732442130178 1.3686683177947998 12
1732442130233 1.1186683177947998 13
1732442130281 1.3061683177947998 14
1732442130335 1.4311683177947998 15
1732442130531 1.5561683177947998 16
1732442130586 1.4936683177947998 17
1732442130636 1.2436683177947998 18
1732442130700 1.3061683177947998 19
1732442130925 1.3686683177947998 20
1732442130985 1.5561683177947998 21
1732442131038 1.4311683177947998 22
1732442131093 1.1186683177947998 23
1732442131360 1.1186683177947998 24
1732442131416 1.4936683177947998 25
1732442131466 1.3061683177947998 26
1732442131523 1.4311683177947998 27
1732442131777 1.2436683177947998 28
1732442131832 1.3686683177947998 29
1732442131881 1.3061683177947998 30
1732442131936 1.2436683177947998 31
1732442132216 1.2436683177947998 32
1732442132268 1.1811683177947998 33
1732442132317 1.3061683177947998 34
1732442132379 1.2436683177947998 35
1732442132617 1.1811683177947998 36
1732442132676 1.3686683177947998 37
1732442132741 1.3061683177947998 38
1732442132801 1.3061683177947998 39
1732442133064 1.0561683177947998 40
1732442133127 1.4311683177947998 41
1732442133183 1.3686683177947998 42
1732442133245 1.3686683177947998 43
1732442133459 1.3686683177947998 44
1732442133512 1.0561683177947998 45
1732442133574 1.3686683177947998 46
1732442133629 1.3061683177947998 47
1732442133808 1.4311683177947998 48
1732442133859 1.4936683177947998 49
1732442133913 1.4936683177947998 50
1732442133978 1.2436683177947998 51
1732442134198 1.1811683177947998 52
1732442134252 1.2436683177947998 53
1732442134308 1.3061683177947998 54
1732442134371 1.3436683416366577 55
1732442136178 1.5561683177947998 0
1732442136239 1.4311683177947998 1
1732442136291 1.3061683177947998 2
1732442136341 1.3686683177947998 3
1732442136588 1.4311683177947998 4
1732442136684 1.4936683177947998 5
1732442136750 1.4311683177947998 6
1732442136805 1.1811683177947998 7
1732442136986 1.3686683177947998 8
1732442137052 1.3061683177947998 9
1732442137105 1.1811683177947998 10
1732442137157 1.5561683177947998 11
1732442137395 1.3686683177947998 12
1732442137467 1.1811683177947998 13
1732442137519 0.9936683177947998 14
1732442137578 1.4311683177947998 15
1732442137762 1.5561683177947998 16
1732442137861 1.3061683177947998 17
1732442137918 1.1186683177947998 18
1732442137969 1.1811683177947998 19
1732442138115 1.4311683177947998 20
1732442138175 1.4936683177947998 21
1732442138289 1.1811683177947998 22
1732442138345 1.3686683177947998 23
1732442138492 1.3686683177947998 24
1732442138638 1.1186683177947998 25
1732442138697 1.3061683177947998 26
1732442138748 1.3061683177947998 27
1732442138883 1.3686683177947998 28
1732442139018 1.3061683177947998 29
1732442139130 1.1186683177947998 30
1732442139187 1.3686683177947998 31
1732442139355 1.1811683177947998 32
1732442139419 1.1186683177947998 33
1732442139507 1.3061683177947998 34
1732442139557 1.1186683177947998 35
1732442139754 1.3686681985855103 36
1732442139855 1.2436683177947998 37
1732442139913 1.6186683177947998 38
1732442139971 1.3061683177947998 39
1732442140139 1.1811683177947998 40
1732442140248 1.3061683177947998 41
1732442140304 1.3061683177947998 42
1732442140361 1.1186683177947998 43
1732442140481 1.3061683177947998 44
1732442140692 1.3686683177947998 45
1732442140746 1.3061683177947998 46
1732442140806 1.6186683177947998 47
1732442140870 1.3061683177947998 48
1732442141077 1.3686683177947998 49
1732442141135 1.3686683177947998 50
1732442141194 1.3686683177947998 51
1732442141250 1.4936683177947998 52
1732442141525 1.3686681985855103 53
1732442141574 1.4936683177947998 54
1732442141620 1.2770017385482788 55
1732442143668 1.4936683177947998 0
1732442143729 1.3061683177947998 1
1732442143786 1.4311683177947998 2
1732442143840 1.4311683177947998 3
1732442144109 1.1811683177947998 4
1732442144184 1.1811683177947998 5
1732442144235 1.4936683177947998 6
1732442144287 1.3686681985855103 7
1732442144515 1.3061683177947998 8
1732442144574 1.4311683177947998 9
1732442144628 1.2436683177947998 10
1732442144687 1.1811683177947998 11
1732442144939 1.1186683177947998 12
1732442144997 1.2436683177947998 13
1732442145062 1.5561683177947998 14
1732442145122 0.993668258190155 15
1732442145372 1.1811683177947998 16
1732442145433 1.3686683177947998 17
1732442145486 1.4936683177947998 18
1732442145546 1.4311683177947998 19
1732442145715 1.2436683177947998 20
1732442145767 1.3686683177947998 21
1732442145817 1.1811683177947998 22
1732442145871 1.3686683177947998 23
1732442146116 1.3686681985855103 24
1732442146171 1.2436683177947998 25
1732442146224 1.3686683177947998 26
1732442146281 1.4311683177947998 27
1732442146490 1.4311683177947998 28
1732442146548 1.3061683177947998 29
1732442146598 1.4936683177947998 30
1732442146657 1.2436683177947998 31
1732442146866 1.3061683177947998 32
1732442146927 1.3686683177947998 33
1732442146984 1.4311683177947998 34
1732442147041 1.3686683177947998 35
1732442147264 1.1811683177947998 36
1732442147321 1.3686681985855103 37
1732442147372 1.3686683177947998 38
1732442147432 1.4936683177947998 39
1732442147642 1.2436683177947998 40
1732442147702 1.4936683177947998 41
1732442147756 1.4936683177947998 42
1732442147812 1.3061683177947998 43
1732442148064 1.3061683177947998 44
1732442148125 1.2436683177947998 45
1732442148179 1.3686683177947998 46
1732442148233 0.9936683177947998 47
1732442148459 1.1186683177947998 48
1732442148520 1.4311683177947998 49
1732442148576 1.3686683177947998 50
1732442148637 1.4311683177947998 51
1732442148836 1.2436683177947998 52
1732442148886 1.3061683177947998 53
1732442148937 1.4936683177947998 54
1732442148999 1.0770015716552734 55
1732442151054 1.3061683177947998 0
1732442151120 1.2436683177947998 1
1732442151178 1.1186683177947998 2
1732442151243 1.5561683177947998 3
1732442151487 1.3061683177947998 4
1732442151547 1.1811683177947998 5
1732442151598 1.3061683177947998 6
1732442151662 1.4311683177947998 7
1732442151829 1.3061683177947998 8
1732442151881 1.1811683177947998 9
1732442151934 1.4936683177947998 10
1732442151996 1.2436683177947998 11
1732442152216 1.0561683177947998 12
1732442152270 1.3686683177947998 13
1732442152322 1.3686683177947998 14
1732442152382 1.4936683177947998 15
1732442152632 1.3061683177947998 16
1732442152683 1.5561683177947998 17
1732442152742 1.1811683177947998 18
1732442152809 1.2436683177947998 19
1732442153082 1.2436683177947998 20
1732442153137 1.4936683177947998 21
1732442153202 1.3686683177947998 22
1732442153274 1.3686683177947998 23
1732442153493 1.2436683177947998 24
1732442153557 1.0561683177947998 25
1732442153626 1.5561683177947998 26
1732442153680 1.3061683177947998 27
1732442153962 1.1186683177947998 28
1732442154029 1.2436683177947998 29
1732442154092 1.0561683177947998 30
1732442154151 1.2436683177947998 31
1732442154378 1.4311683177947998 32
1732442154435 1.1186683177947998 33
1732442154511 1.3686683177947998 34
1732442154569 1.3686683177947998 35
1732442154782 1.4311683177947998 36
1732442154846 1.4936681985855103 37
1732442154914 1.4311683177947998 38
1732442154985 1.3061683177947998 39
1732442155230 1.2436683177947998 40
1732442155315 1.1811683177947998 41
1732442155374 1.4936683177947998 42
1732442155430 1.6186683177947998 43
1732442155630 1.3686681985855103 44
1732442155700 1.4936683177947998 45
1732442155763 1.2436683177947998 46
1732442155824 1.4936683177947998 47
1732442155995 1.3061683177947998 48
1732442156065 1.4311683177947998 49
1732442156128 1.4936683177947998 50
1732442156191 1.3061683177947998 51
1732442156370 1.2436683177947998 52
1732442156439 1.1186683177947998 53
1732442156498 1.4311683177947998 54
1732442156594 1.3436683416366577 55
1732442158514 1.3061683177947998 0
1732442158570 0.9936683177947998 1
1732442158621 1.3686683177947998 2
1732442158681 1.1811683177947998 3
1732442158936 1.2436683177947998 4
1732442158988 1.1186683177947998 5
1732442159038 1.5561683177947998 6
1732442159102 1.4311683177947998 7
1732442159456 1.3686683177947998 8
1732442159526 1.4936683177947998 9
1732442159590 1.3061683177947998 10
1732442159656 1.3686683177947998 11
1732442159847 1.4311683177947998 12
1732442159912 1.3061683177947998 13
1732442159974 1.4936683177947998 14
1732442160034 1.3686683177947998 15
1732442160298 1.1186683177947998 16
1732442160358 1.3686683177947998 17
1732442160420 1.4311683177947998 18
1732442160494 1.3686683177947998 19
1732442160731 1.1811683177947998 20
1732442160792 1.4936683177947998 21
1732442160882 1.3686683177947998 22
1732442160958 1.3061683177947998 23
1732442161144 1.1811683177947998 24
1732442161206 1.3061683177947998 25
1732442161273 1.3686683177947998 26
1732442161351 1.2436683177947998 27
1732442161551 1.3061683177947998 28
1732442161607 1.3061683177947998 29
1732442161671 1.3061683177947998 30
1732442161736 1.4311683177947998 31
1732442161950 1.3686683177947998 32
1732442162019 1.3061683177947998 33
1732442162088 1.4311683177947998 34
1732442162148 1.4311683177947998 35
1732442162350 1.1186683177947998 36
1732442162410 1.1811683177947998 37
1732442162480 1.2436683177947998 38
1732442162550 1.3061683177947998 39
1732442162835 0.9936683177947998 40
1732442162895 1.2436683177947998 41
1732442162951 1.5561683177947998 42
1732442163016 1.4311683177947998 43
1732442163197 1.2436683177947998 44
1732442163262 1.6186683177947998 45
1732442163336 1.4936683177947998 46
1732442163407 1.2436683177947998 47
1732442163604 1.4311683177947998 48
1732442163664 1.4311683177947998 49
1732442163731 1.3686683177947998 50
1732442163799 1.3061683177947998 51
1732442164053 1.3061683177947998 52
1732442164115 1.4311683177947998 53
1732442164169 1.0561683177947998 54
1732442164263 1.3436683416366577 55
1732442166258 1.1811683177947998 0
1732442166316 1.3686683177947998 1
1732442166375 1.5561683177947998 2
1732442166440 1.1811683177947998 3
1732442166647 1.5561683177947998 4
1732442166720 1.1811683177947998 5
1732442166778 1.3686683177947998 6
1732442166838 1.3686683177947998 7
1732442167042 1.4311683177947998 8
1732442167151 1.1811683177947998 9
1732442167208 1.4311683177947998 10
1732442167265 1.2436683177947998 11
1732442167426 1.4311683177947998 12
1732442167531 1.3686683177947998 13
1732442167583 1.3686683177947998 14
1732442167645 1.1811683177947998 15
1732442167792 1.3061683177947998 16
1732442167887 1.6811683177947998 17
1732442167939 1.3686683177947998 18
1732442167993 1.3686683177947998 19
1732442168203 1.2436683177947998 20
1732442168338 1.2436683177947998 21
1732442168393 1.4311683177947998 22
1732442168452 1.3061683177947998 23
1732442168577 1.4936683177947998 24
1732442168777 1.1811683177947998 25
1732442168835 1.4311683177947998 26
1732442168890 1.0561683177947998 27
1732442168996 1.2436683177947998 28
1732442169172 1.1811683177947998 29
1732442169234 1.1811683177947998 30
1732442169295 1.4311683177947998 31
1732442169371 1.4311683177947998 32
1732442169587 1.2436683177947998 33
1732442169640 1.1811683177947998 34
1732442169702 1.1811683177947998 35
1732442169759 1.5561683177947998 36
1732442169970 1.4936683177947998 37
1732442170029 1.4311683177947998 38
1732442170083 1.3061683177947998 39
1732442170185 1.1186683177947998 40
1732442170407 1.3061683177947998 41
1732442170464 1.3061683177947998 42
1732442170521 1.2436683177947998 43
1732442170581 1.1811683177947998 44
1732442170817 1.2436683177947998 45
1732442170883 1.3686683177947998 46
1732442170939 1.4311683177947998 47
1732442170993 1.3061683177947998 48
1732442171215 1.3686683177947998 49
1732442171279 1.2436683177947998 50
1732442171336 1.4311683177947998 51
1732442171394 1.3686683177947998 52
1732442171614 1.6186683177947998 53
1732442171681 1.3686683177947998 54
1732442171761 1.010334849357605 55
1732442173712 1.3686683177947998 0
1732442173824 1.3061683177947998 1
1732442173880 1.3686683177947998 2
1732442173936 1.3061683177947998 3
1732442174053 1.3061683177947998 4
1732442174270 1.3061683177947998 5
1732442174334 1.2436683177947998 6
1732442174404 1.1186683177947998 7
1732442174471 1.2436683177947998 8
1732442174653 1.1811683177947998 9
1732442174704 1.3686683177947998 10
1732442174767 1.3061683177947998 11
1732442175001 1.2436683177947998 12
1732442175115 1.1811683177947998 13
1732442175182 1.1811683177947998 14
1732442175243 1.3686681985855103 15
1732442175357 1.3686683177947998 16
1732442175497 1.2436683177947998 17
1732442175554 1.3061683177947998 18
1732442175617 1.3686683177947998 19
1732442175743 1.1811683177947998 20
1732442175892 1.2436683177947998 21
1732442175945 1.5561683177947998 22
1732442176007 1.3686683177947998 23
1732442176122 1.3686683177947998 24
1732442176273 1.3686683177947998 25
1732442176333 1.4936683177947998 26
1732442176396 1.4311683177947998 27
1732442176543 1.3686683177947998 28
1732442176654 1.4311683177947998 29
1732442176711 1.4311683177947998 30
1732442176775 1.3061683177947998 31
1732442177030 1.4311683177947998 32
1732442177091 1.3686683177947998 33
1732442177153 1.2436683177947998 34
1732442177220 1.3686683177947998 35
1732442177426 1.5561683177947998 36
1732442177491 1.0561683177947998 37
1732442177548 1.4936683177947998 38
1732442177614 1.4936683177947998 39
1732442177839 1.3686683177947998 40
1732442177904 1.1811683177947998 41
1732442177962 1.1811683177947998 42
1732442178027 1.3061683177947998 43
1732442178245 1.4311683177947998 44
1732442178308 1.5561683177947998 45
1732442178365 1.4311683177947998 46
1732442178426 1.3686683177947998 47
1732442178686 1.2436683177947998 48
1732442178753 1.3061683177947998 49
1732442178807 1.3061683177947998 50
1732442178891 1.4936683177947998 51
1732442179123 1.2436683177947998 52
1732442179184 1.1186683177947998 53
1732442179238 1.3061683177947998 54
1732442179327 1.2103350162506104 55
1732442181366 1.3061683177947998 0
1732442181426 1.2436683177947998 1
1732442181488 1.3061683177947998 2
1732442181543 1.3061683177947998 3
1732442181790 1.2436683177947998 4
1732442181843 1.2436683177947998 5
1732442181892 1.3686683177947998 6
1732442181947 1.3686683177947998 7
1732442182131 1.6811683177947998 8
1732442182190 1.4311683177947998 9
1732442182242 1.3686683177947998 10
1732442182293 1.4936683177947998 11
1732442182549 1.3061683177947998 12
1732442182605 1.4311683177947998 13
1732442182656 1.1186683177947998 14
1732442182707 1.3686683177947998 15
1732442182916 1.0561683177947998 16
1732442182974 1.4311683177947998 17
1732442183028 1.3061683177947998 18
1732442183081 1.4936683177947998 19
1732442183320 1.4311683177947998 20
1732442183381 1.4311683177947998 21
1732442183433 1.5561683177947998 22
1732442183493 1.4936683177947998 23
1732442183708 1.4311683177947998 24
1732442183776 1.4311683177947998 25
1732442183827 1.2436683177947998 26
1732442183880 1.4311683177947998 27
1732442184068 1.4311683177947998 28
1732442184177 1.3061683177947998 29
1732442184234 1.2436683177947998 30
1732442184283 1.4311683177947998 31
1732442184428 1.3061683177947998 32
1732442184599 1.3061683177947998 33
1732442184654 1.1811683177947998 34
1732442184709 1.1811683177947998 35
1732442184816 1.3686683177947998 36
1732442184978 1.3686683177947998 37
1732442185035 1.2436683177947998 38
1732442185088 1.2436683177947998 39
1732442185245 1.1811683177947998 40
1732442185366 1.3686683177947998 41
1732442185423 1.2436683177947998 42
1732442185478 1.3686683177947998 43
1732442185695 1.4311683177947998 44
1732442185808 1.1186683177947998 45
1732442185863 1.3686683177947998 46
1732442185916 1.3686683177947998 47
1732442186129 0.9936683177947998 48
1732442186196 1.4311683177947998 49
1732442186252 1.3686683177947998 50
1732442186306 1.1186683177947998 51
1732442186519 1.2436683177947998 52
1732442186616 1.3061683177947998 53
1732442186674 1.3061683177947998 54
1732442186750 1.1436684131622314 55
