1732442083154 0.0 55
1732442090834 1.401298464324817e-45 111
1732442098396 2.802596928649634e-45 167
1732442105864 4.203895392974451e-45 223
1732442113256 5.605193857299268e-45 279
1732442121062 7.006492321624085e-45 335
1732442128571 8.407790785948902e-45 391
1732442135793 9.80908925027372e-45 447
1732442143205 1.1210387714598537e-44 503
1732442150531 1.2611686178923354e-44 559
1732442158021 1.401298464324817e-44 615
1732442165768 7.006492321624085e-45 671
1732442173277 1.6815581571897805e-44 727
1732442180836 1.8216880036222622e-44 783
