1732442083154 7.847271400218976e-44 55
1732442090834 1.5414202321034961e-34 111
1732442098396 2.3541814200656927e-43 167
1732442105864 3.1389085600875902e-43 223
1732442113256 3.923635700109488e-43 279
1732442121062 4.708362840131385e-43 335
1732442128571 0.0 391
1732442135793 6.2778171201751805e-43 447
1732442143205 7.062544260197078e-43 503
1732442150531 7.847271400218976e-43 559
1732442158021 0.0 615
1732442165768 8.653988383948152e-19 671
1732442173277 1.0201452820284668e-42 727
1732442180836 1.0986179960306566e-42 783
