1732442076467 0.0 3
1732442076748 0.0 7
1732442077170 0.0 11
1732442077527 0.0 15
1732442077911 0.0 19
1732442078316 0.0 23
1732442078756 0.046875 27
1732442079130 0.09375 31
1732442079539 0.0625 35
1732442079956 0.078125 39
1732442080391 0.484375 43
1732442080797 0.59375 47
1732442081209 0.546875 51
1732442081644 0.6666666865348816 55
1732442084065 0.59375 59
1732442084335 0.71875 63
1732442084741 0.71875 67
1732442085145 0.75 71
1732442085536 0.71875 75
1732442085971 0.75 79
1732442086360 0.78125 83
1732442086767 0.625 87
1732442087173 0.75 91
1732442087516 0.625 95
1732442087951 0.71875 99
1732442088326 0.75 103
1732442088676 0.71875 107
1732442089102 0.6666666865348816 111
1732442091506 0.71875 115
1732442091885 0.65625 119
1732442092311 0.65625 123
1732442092732 0.625 127
1732442093143 0.75 131
1732442093577 0.8125 135
1732442093970 0.625 139
1732442094373 0.8125 143
1732442094752 0.8125 147
1732442095166 0.71875 151
1732442095626 0.6875 155
1732442096018 0.65625 159
1732442096396 0.75 163
1732442096777 0.699999988079071 167
1732442099094 0.75 171
1732442099539 0.75 175
1732442099956 0.65625 179
1732442100369 0.625 183
1732442100765 0.71875 187
1732442101183 0.6875 191
1732442101569 0.78125 195
1732442101959 0.75 199
1732442102385 0.75 203
1732442102790 0.65625 207
1732442103225 0.65625 211
1732442103565 0.71875 215
1732442103938 0.71875 219
1732442104333 0.699999988079071 223
1732442106510 0.71875 227
1732442106952 0.625 231
1732442107358 0.78125 235
1732442107756 0.8125 239
1732442108172 0.625 243
1732442108579 0.65625 247
1732442108939 0.6875 251
1732442109384 0.71875 255
1732442109736 0.625 259
1732442110103 0.75 263
1732442110507 0.71875 267
1732442110862 0.78125 271
1732442111272 0.71875 275
1732442111695 0.699999988079071 279
1732442113884 0.625 283
1732442114245 0.6875 287
1732442114752 0.8125 291
1732442115167 0.625 295
1732442115544 0.625 299
1732442116106 0.6875 303
1732442116584 0.6875 307
1732442116971 0.65625 311
1732442117384 0.625 315
1732442117929 0.75 319
1732442118375 0.75 323
1732442118874 0.65625 327
1732442119343 0.78125 331
1732442119620 0.6000000238418579 335
1732442121761 0.71875 339
1732442122102 0.6875 343
1732442122517 0.6875 347
1732442122946 0.71875 351
1732442123363 0.75 355
1732442123755 0.75 359
1732442124098 0.6875 363
1732442124531 0.65625 367
1732442124961 0.6875 371
1732442125397 0.78125 375
1732442125830 0.625 379
1732442126199 0.6875 383
1732442126619 0.65625 387
1732442127049 0.699999988079071 391
1732442129244 0.75 395
1732442129632 0.625 399
1732442129997 0.65625 403
1732442130347 0.65625 407
1732442130710 0.71875 411
1732442131113 0.8125 415
1732442131535 0.65625 419
1732442131947 0.75 423
1732442132395 0.75 427
1732442132820 0.71875 431
1732442133259 0.6875 435
1732442133639 0.71875 439
1732442133989 0.75 443
1732442134381 0.699999988079071 447
1732442136350 0.6875 451
1732442136817 0.78125 455
1732442137175 0.59375 459
1732442137590 0.65625 463
1732442137984 0.78125 467
1732442138356 0.6875 471
1732442138766 0.71875 475
1732442139202 0.6875 479
1732442139568 0.8125 483
1732442139987 0.71875 487
1732442140373 0.8125 491
1732442140819 0.5625 495
1732442141208 0.6875 499
1732442141632 0.7333333492279053 503
1732442143859 0.65625 507
1732442144299 0.6875 511
1732442144705 0.78125 515
1732442145139 0.875 519
1732442145564 0.65625 523
1732442145883 0.6875 527
1732442146295 0.65625 531
1732442146672 0.75 535
1732442147059 0.6875 539
1732442147444 0.625 543
1732442147829 0.71875 547
1732442148245 0.875 551
1732442148656 0.65625 555
1732442149014 0.8333333134651184 559
1732442151255 0.59375 563
1732442151682 0.65625 567
1732442152009 0.75 571
1732442152401 0.625 575
1732442152821 0.75 579
1732442153295 0.6875 583
1732442153692 0.71875 587
1732442154163 0.75 591
1732442154585 0.6875 595
1732442154997 0.71875 599
1732442155441 0.5625 603
1732442155838 0.625 607
1732442156207 0.71875 611
1732442156608 0.699999988079071 615
1732442158694 0.78125 619
1732442159116 0.65625 623
1732442159668 0.6875 627
1732442160047 0.6875 631
1732442160505 0.6875 635
1732442160971 0.71875 639
1732442161363 0.75 643
1732442161748 0.65625 647
1732442162160 0.65625 651
1732442162564 0.71875 655
1732442163028 0.65625 659
1732442163421 0.75 663
1732442163810 0.71875 667
1732442164274 0.699999988079071 671
1732442166452 0.78125 675
1732442166854 0.6875 679
1732442167279 0.75 683
1732442167661 0.78125 687
1732442168006 0.6875 691
1732442168463 0.71875 695
1732442168903 0.84375 699
1732442169306 0.65625 703
1732442169715 0.78125 707
1732442170096 0.71875 711
1732442170540 0.75 715
1732442170950 0.65625 719
1732442171350 0.65625 723
1732442171777 0.8666666746139526 727
1732442173948 0.71875 731
1732442174417 0.8125 735
1732442174780 0.71875 739
1732442175255 0.6875 743
1732442175629 0.6875 747
1732442176019 0.6875 751
1732442176407 0.65625 755
1732442176788 0.71875 759
1732442177232 0.6875 763
1732442177626 0.625 767
1732442178047 0.71875 771
1732442178438 0.6875 775
1732442178921 0.625 779
1732442179338 0.7666666507720947 783
1732442181554 0.71875 787
1732442181968 0.6875 791
1732442182309 0.625 795
1732442182720 0.6875 799
1732442183097 0.625 803
1732442183503 0.625 807
1732442183891 0.65625 811
1732442184294 0.65625 815
1732442184727 0.78125 819
1732442185099 0.75 823
1732442185489 0.6875 827
1732442185934 0.6875 831
1732442186322 0.8125 835
1732442186768 0.800000011920929 839
