1732463222548 0.0 9
1732463227242 0.0 19
1732463230264 0.0 23
1732463230334 0.0 23
1732463233162 1.0 29
1732463237899 1.0 39
1732463242433 1.0 47
1732463242503 1.0 47
1732463243473 2.0 49
1732463248232 2.0 59
1732463253041 2.0 69
1732463254736 2.0 71
1732463254806 2.0 71
1732463258644 3.0 79
1732463263340 3.0 89
1732463266932 3.0 95
1732463267005 3.0 95
1732463268925 4.0 99
1732463273671 4.0 109
1732463278430 4.0 119
1732463279143 4.0 119
1732463279208 4.0 119
1732463284013 5.0 129
1732463288749 5.0 139
1732463291422 5.0 143
1732463291490 5.0 143
1732463294381 6.0 149
1732463299130 6.0 159
1732463303663 6.0 167
1732463303734 6.0 167
1732463304690 7.0 169
1732463309410 7.0 179
1732463314153 7.0 189
1732463315842 7.0 191
1732463315912 7.0 191
1732463319690 8.0 199
1732463324402 8.0 209
1732463327989 8.0 215
1732463328058 8.0 215
1732463329959 9.0 219
1732463334686 9.0 229
1732463339461 9.0 239
1732463340184 9.0 239
1732463340253 9.0 239
1732463344985 10.0 249
1732463349712 10.0 259
1732463352349 10.0 263
1732463352416 10.0 263
1732463355281 11.0 269
1732463360066 11.0 279
1732463364641 11.0 287
1732463364713 11.0 287
1732463365693 12.0 289
1732463370438 12.0 299
1732463375186 12.0 309
1732463376867 12.0 311
1732463376935 12.0 311
1732463380765 13.0 319
1732463385535 13.0 329
1732463389145 13.0 335
1732463389220 13.0 335
1732463391186 14.0 339
1732463396021 14.0 349
1732463400895 14.0 359
1732463401627 14.0 359
1732463401695 14.0 359
1732463406530 15.0 369
1732463411315 15.0 379
1732463413990 15.0 383
1732463414061 15.0 383
1732463416949 16.0 389
1732463421747 16.0 399
1732463426372 16.0 407
1732463426453 16.0 407
1732463427431 17.0 409
1732463432166 17.0 419
1732463436918 17.0 429
1732463438600 17.0 431
1732463438670 17.0 431
1732463442474 18.0 439
1732463447213 18.0 449
1732463450803 18.0 455
1732463450873 18.0 455
1732463452785 19.0 459
1732463457531 19.0 469
1732463462320 19.0 479
1732463463041 19.0 479
1732463463112 19.0 479
1732463467861 20.0 489
1732463472590 20.0 499
1732463475229 20.0 503
1732463475300 20.0 503
1732463478144 21.0 509
1732463482864 21.0 519
1732463487470 21.0 527
1732463487540 21.0 527
1732463488511 22.0 529
1732463493268 22.0 539
1732463498062 22.0 549
1732463499785 22.0 551
1732463499854 22.0 551
1732463503699 23.0 559
1732463508440 23.0 569
1732463512041 23.0 575
1732463512115 23.0 575
1732463514038 24.0 579
1732463518778 24.0 589
1732463523568 24.0 599
1732463524289 24.0 599
1732463524357 24.0 599
1732463529097 25.0 609
1732463533847 25.0 619
1732463536523 25.0 623
1732463536592 25.0 623
1732463539464 26.0 629
1732463544189 26.0 639
1732463548732 26.0 647
1732463548800 26.0 647
1732463549762 27.0 649
1732463554515 27.0 659
1732463559285 27.0 669
1732463560975 27.0 671
1732463561044 27.0 671
1732463564841 28.0 679
1732463569560 28.0 689
1732463573180 28.0 695
1732463573247 28.0 695
1732463575155 29.0 699
1732463579887 29.0 709
1732463584677 29.0 719
1732463585403 29.0 719
1732463585471 29.0 719
1732463590225 30.0 729
1732463594989 30.0 739
1732463597649 30.0 743
1732463597718 30.0 743
1732463600585 31.0 749
1732463605348 31.0 759
1732463609930 31.0 767
1732463610000 31.0 767
1732463610970 32.0 769
1732463615749 32.0 779
1732463620549 32.0 789
1732463622260 32.0 791
1732463622333 32.0 791
1732463626159 33.0 799
1732463630927 33.0 809
1732463634572 33.0 815
1732463634642 33.0 815
1732463636567 34.0 819
1732463641339 34.0 829
1732463646174 34.0 839
1732463646910 34.0 839
1732463646978 34.0 839
1732463651800 35.0 849
1732463656549 35.0 859
1732463659185 35.0 863
1732463659254 35.0 863
1732463662100 36.0 869
1732463666885 36.0 879
1732463671474 36.0 887
1732463671546 36.0 887
1732463672517 37.0 889
1732463677256 37.0 899
1732463682034 37.0 909
1732463683728 37.0 911
1732463683795 37.0 911
1732463687609 38.0 919
1732463692358 38.0 929
1732463695957 38.0 935
1732463696027 38.0 935
1732463697934 39.0 939
1732463702655 39.0 949
1732463707444 39.0 959
1732463708159 39.0 959
1732463708227 39.0 959
1732463712984 40.0 969
1732463717729 40.0 979
1732463720359 40.0 983
1732463720431 40.0 983
1732463723294 41.0 989
1732463728027 41.0 999
1732463732577 41.0 1007
1732463732647 41.0 1007
1732463733603 42.0 1009
1732463738338 42.0 1019
1732463743079 42.0 1029
1732463744760 42.0 1031
1732463744830 42.0 1031
1732463748641 43.0 1039
1732463753363 43.0 1049
1732463756951 43.0 1055
1732463757021 43.0 1055
1732463758930 44.0 1059
1732463763659 44.0 1069
1732463768441 44.0 1079
1732463769165 44.0 1079
1732463769234 44.0 1079
1732463773977 45.0 1089
1732463778712 45.0 1099
1732463781355 45.0 1103
1732463781426 45.0 1103
1732463784281 46.0 1109
1732463789003 46.0 1119
1732463793557 46.0 1127
1732463793627 46.0 1127
1732463794582 47.0 1129
1732463799320 47.0 1139
1732463804075 47.0 1149
1732463805759 47.0 1151
1732463805828 47.0 1151
1732463809620 48.0 1159
1732463814353 48.0 1169
1732463817950 48.0 1175
1732463818019 48.0 1175
1732463819924 49.0 1179
1732463824653 49.0 1189
1732463829444 49.0 1199
1732463830159 49.0 1199
1732463830228 49.0 1199
