1732463217530 0.1 0
1732463230338 0.1 24
1732463242506 0.1 48
1732463254809 0.1 72
1732463267009 0.010000000000000002 96
1732463279212 0.010000000000000002 120
1732463291493 0.010000000000000002 144
1732463303738 0.010000000000000002 168
1732463315916 0.010000000000000002 192
1732463328062 0.010000000000000002 216
1732463340257 0.0010000000000000002 240
1732463352420 0.0010000000000000002 264
1732463364717 0.0010000000000000002 288
1732463376939 0.00010000000000000003 312
1732463389224 0.00010000000000000003 336
1732463401698 0.00010000000000000003 360
1732463414064 1.0000000000000004e-05 384
1732463426457 1.0000000000000004e-05 408
1732463438673 1.0000000000000004e-05 432
1732463450877 1.0000000000000004e-06 456
1732463463115 1.0000000000000004e-06 480
1732463475304 1.0000000000000004e-06 504
1732463487543 1.0000000000000005e-07 528
1732463499857 1.0000000000000005e-07 552
1732463512119 1.0000000000000005e-07 576
1732463524360 1.0000000000000005e-08 600
1732463536596 1.0000000000000005e-08 624
1732463548804 1.0000000000000005e-08 648
1732463561047 1.0000000000000005e-08 672
1732463573251 1.0000000000000005e-08 696
1732463585475 1.0000000000000005e-08 720
1732463597722 1.0000000000000005e-08 744
1732463610003 1.0000000000000005e-08 768
1732463622336 1.0000000000000005e-08 792
1732463634645 1.0000000000000005e-08 816
1732463646981 1.0000000000000005e-08 840
1732463659258 1.0000000000000005e-08 864
1732463671550 1.0000000000000005e-08 888
1732463683799 1.0000000000000005e-08 912
1732463696031 1.0000000000000005e-08 936
1732463708230 1.0000000000000005e-08 960
1732463720434 1.0000000000000005e-08 984
1732463732651 1.0000000000000005e-08 1008
1732463744834 1.0000000000000005e-08 1032
1732463757025 1.0000000000000005e-08 1056
1732463769238 1.0000000000000005e-08 1080
1732463781429 1.0000000000000005e-08 1104
1732463793631 1.0000000000000005e-08 1128
1732463805832 1.0000000000000005e-08 1152
1732463818023 1.0000000000000005e-08 1176
