1732463222548 0.71875 9
1732463227242 0.71875 19
1732463233162 0.78125 29
1732463237899 0.75 39
1732463243473 0.59375 49
1732463248232 0.65625 59
1732463253041 0.625 69
1732463258644 0.53125 79
1732463263340 0.65625 89
1732463268925 0.625 99
1732463273671 0.59375 109
1732463278430 0.75 119
1732463284013 0.75 129
1732463288749 0.75 139
1732463294381 0.625 149
1732463299130 0.59375 159
1732463304690 0.59375 169
1732463309410 0.59375 179
1732463314153 0.75 189
1732463319690 0.6875 199
1732463324402 0.46875 209
1732463329959 0.6875 219
1732463334686 0.71875 229
1732463339461 0.800000011920929 239
1732463344985 0.65625 249
1732463349712 0.59375 259
1732463355281 0.71875 269
1732463360066 0.71875 279
1732463365693 0.6875 289
1732463370438 0.5625 299
1732463375186 0.59375 309
1732463380765 0.75 319
1732463385535 0.65625 329
1732463391186 0.59375 339
1732463396021 0.75 349
1732463400895 0.5 359
1732463406530 0.65625 369
1732463411315 0.65625 379
1732463416949 0.71875 389
1732463421747 0.625 399
1732463427431 0.6875 409
1732463432166 0.6875 419
1732463436918 0.65625 429
1732463442474 0.59375 439
1732463447213 0.6875 449
1732463452785 0.65625 459
1732463457531 0.6875 469
1732463462320 0.6499999761581421 479
1732463467861 0.5625 489
1732463472590 0.65625 499
1732463478144 0.6875 509
1732463482864 0.59375 519
1732463488511 0.625 529
1732463493268 0.65625 539
1732463498062 0.59375 549
1732463503699 0.65625 559
1732463508440 0.53125 569
1732463514038 0.625 579
1732463518778 0.59375 589
1732463523568 0.699999988079071 599
1732463529097 0.65625 609
1732463533847 0.6875 619
1732463539464 0.59375 629
1732463544189 0.65625 639
1732463549762 0.5625 649
1732463554515 0.625 659
1732463559285 0.53125 669
1732463564841 0.6875 679
1732463569560 0.65625 689
1732463575155 0.71875 699
1732463579887 0.6875 709
1732463584677 0.699999988079071 719
1732463590225 0.6875 729
1732463594989 0.59375 739
1732463600585 0.625 749
1732463605348 0.65625 759
1732463610970 0.75 769
1732463615749 0.65625 779
1732463620549 0.625 789
1732463626159 0.6875 799
1732463630927 0.625 809
1732463636567 0.71875 819
1732463641339 0.6875 829
1732463646174 0.550000011920929 839
1732463651800 0.65625 849
1732463656549 0.625 859
1732463662100 0.6875 869
1732463666885 0.75 879
1732463672517 0.59375 889
1732463677256 0.65625 899
1732463682034 0.65625 909
1732463687609 0.5625 919
1732463692358 0.71875 929
1732463697934 0.625 939
1732463702655 0.625 949
1732463707444 0.6499999761581421 959
1732463712984 0.65625 969
1732463717729 0.71875 979
1732463723294 0.53125 989
1732463728027 0.59375 999
1732463733603 0.5625 1009
1732463738338 0.625 1019
1732463743079 0.6875 1029
1732463748641 0.65625 1039
1732463753363 0.5625 1049
1732463758930 0.5625 1059
1732463763659 0.65625 1069
1732463768441 0.949999988079071 1079
1732463773977 0.6875 1089
1732463778712 0.65625 1099
1732463784281 0.65625 1109
1732463789003 0.6875 1119
1732463794582 0.59375 1129
1732463799320 0.6875 1139
1732463804075 0.65625 1149
1732463809620 0.625 1159
1732463814353 0.5625 1169
1732463819924 0.5625 1179
1732463824653 0.625 1189
1732463829444 0.5 1199
