1732463230334 0.0 23
1732463242503 0.0 47
1732463254806 2.802596928649634e-45 71
1732463267005 4.203895392974451e-45 95
1732463279208 5.605193857299268e-45 119
1732463291490 0.0 143
1732463303734 6.115798784463317e-24 167
1732463315912 1.2678465048654441e-13 191
1732463328058 1.0161439807622706e-36 215
1732463340253 1.2611686178923354e-44 239
1732463352416 0.0 263
1732463364713 1.5414283107572988e-44 287
1732463376935 1.6815581571897805e-44 311
1732463389220 0.0 335
1732463401695 1.961817850054744e-44 359
1732463414061 2.1019476964872256e-44 383
1732463426453 4.039809037678974e-36 407
1732463438670 2.382207389352189e-44 431
1732463450873 2.5223372357846707e-44 455
1732463463112 2.6624670822171524e-44 479
1732463475300 1.0182805909775714e-36 503
1732463487540 2.942726775082116e-44 527
1732463499854 3.0828566215145976e-44 551
1732463512115 3.2229864679470793e-44 575
1732463524357 3.363116314379561e-44 599
1732463536592 3.5032461608120427e-44 623
1732463548800 7.006492321624085e-45 647
1732463561044 3.783505853677006e-44 671
1732463573247 0.0 695
1732463585471 4.0637655465419695e-44 719
1732463597718 0.0 743
1732463610000 0.0 767
1732463622333 4.484155085839415e-44 791
1732463634642 4.624284932271896e-44 815
1732463646978 4.764414778704378e-44 839
1732463659254 4.90454462513686e-44 863
1732463671546 5.044674471569341e-44 887
1732463683795 0.0 911
1732463696027 0.0 935
1732463708227 5.465064010866787e-44 959
1732463720431 5.605193857299268e-44 983
1732463732647 0.0 1007
1732463744830 5.885453550164232e-44 1031
1732463757021 1.4103360815975026e-33 1055
1732463769234 6.165713243029195e-44 1079
1732463781426 0.0 1103
1732463793627 6.445972935894159e-44 1127
1732463805828 5.1319786486356547e+26 1151
1732463818019 6.726232628759122e-44 1175
1732463830228 6.866362475191604e-44 1199
