1732463230334 3.363116314379561e-44 23
1732463242503 0.0 47
1732463254806 1.0089348943138683e-43 71
1732463267005 1.3452465257518244e-43 95
1732463279208 5.605193857299268e-45 119
1732463291490 0.0 143
1732463303734 7.006492321624085e-45 167
1732463315912 7.006492321624085e-45 191
1732463328058 0.0 215
1732463340253 1.2611686178923354e-44 239
1732463352416 1.4265329243838952e-33 263
1732463364713 4.035739577255473e-43 287
1732463376935 4.372051208693429e-43 311
1732463389220 0.0 335
1732463401695 5.0446744715693415e-43 359
1732463414061 5.3809861030072976e-43 383
1732463426453 0.0 407
1732463438670 6.05360936588321e-43 431
1732463450873 6.389920997321166e-43 455
1732463463112 6.726232628759122e-43 479
1732463475300 0.0 503
1732463487540 2.942726775082116e-44 527
1732463499854 7.73516752307299e-43 551
1732463512115 7.006492321624085e-45 575
1732463524357 8.407790785948902e-43 599
1732463536592 8.744102417386859e-43 623
1732463548800 0.0 647
1732463561044 9.41672568026277e-43 671
1732463573247 0.0 695
1732463585471 1.0089348943138683e-42 719
1732463597718 8.301772702932247e+25 743
1732463610000 0.0 767
1732463622333 1.1098283837452551e-42 791
1732463634642 1.1434595468890507e-42 815
1732463646978 1.1770907100328463e-42 839
1732463659254 1.210721873176642e-42 863
1732463671546 1.2443530363204376e-42 887
1732463683795 1.0182805909775714e-36 911
1732463696027 0.0 935
1732463708227 1.3452465257518244e-42 959
1732463720431 1.37887768889562e-42 983
1732463732647 0.0 1007
1732463744830 5.885453550164232e-44 1031
1732463757021 0.0 1055
1732463769234 1.5134023414708024e-42 1079
1732463781426 0.0 1103
1732463793627 6.445972935894159e-44 1127
1732463805828 7.006492321624085e-45 1151
1732463818019 1.647926994045985e-42 1175
1732463830228 1.6815581571897805e-42 1199
