1732463222548 1.3061683177947998 9
1732463227242 1.3061683177947998 19
1732463233162 1.1811683177947998 29
1732463237899 1.2436683177947998 39
1732463243473 1.3996870517730713 49
1732463248232 1.4311683177947998 59
1732463253041 1.4936683177947998 69
1732463258644 1.6811683177947998 79
1732463263340 1.4311683177947998 89
1732463268925 1.4936683177947998 99
1732463273671 1.5561683177947998 109
1732463278430 1.2436683177947998 119
1732463284013 1.1334360837936401 129
1732463288749 1.2436683177947998 139
1732463294381 1.4936683177947998 149
1732463299130 1.5561683177947998 159
1732463304690 1.5561683177947998 169
1732463309410 1.4806795120239258 179
1732463314153 1.2436683177947998 189
1732463319690 1.2931283712387085 199
1732463324402 1.6952195167541504 209
1732463329959 1.3686683177947998 219
1732463334686 1.2316358089447021 229
1732463339461 1.143668293952942 239
1732463344985 1.3220727443695068 249
1732463349712 1.478330135345459 259
1732463355281 1.2311577796936035 269
1732463360066 1.3061683177947998 279
1732463365693 1.3686683177947998 289
1732463370438 1.6186683177947998 299
1732463375186 1.5561683177947998 309
1732463380765 1.1658592224121094 319
1732463385535 1.3562077283859253 329
1732463391186 1.5561683177947998 339
1732463396021 1.2436683177947998 349
1732463400895 1.7436683177947998 359
1732463406530 1.353376865386963 369
1732463411315 1.3562167882919312 379
1732463416949 1.3061683177947998 389
1732463421747 1.4936683177947998 399
1732463427431 1.3686683177947998 409
1732463432166 1.3686681985855103 419
1732463436918 1.4311683177947998 429
1732463442474 1.5561683177947998 439
1732463447213 1.29953932762146 449
1732463452785 1.4311683177947998 459
1732463457531 1.3686683177947998 469
1732463462320 1.443668246269226 479
1732463467861 1.6186683177947998 489
1732463472590 1.4311683177947998 499
1732463478144 1.3686683177947998 509
1732463482864 1.4034298658370972 519
1732463488511 1.4936683177947998 529
1732463493268 1.356217622756958 539
1732463498062 1.4783804416656494 549
1732463503699 1.4311683177947998 559
1732463508440 1.6811683177947998 569
1732463514038 1.4936683177947998 579
1732463518778 1.5561683177947998 589
1732463523568 1.2330620288848877 599
1732463529097 1.4311683177947998 609
1732463533847 1.3686683177947998 619
1732463539464 1.5561683177947998 629
1732463544189 1.4311683177947998 639
1732463549762 1.434584140777588 649
1732463554515 1.4936683177947998 659
1732463559285 1.606217622756958 669
1732463564841 1.3686683177947998 679
1732463569560 1.4311683177947998 689
1732463575155 1.3061683177947998 699
1732463579887 1.3686683177947998 709
1732463584677 1.3436682224273682 719
1732463590225 1.3686681985855103 729
1732463594989 1.4034297466278076 739
1732463600585 1.4158804416656494 749
1732463605348 1.3220349550247192 759
1732463610970 1.1745394468307495 769
1732463615749 1.4311683177947998 779
1732463620549 1.3845348358154297 789
1732463626159 1.3686681985855103 799
1732463630927 1.4936683177947998 809
1732463636567 1.1970348358154297 819
1732463641339 1.3686683177947998 829
1732463646174 1.5184553861618042 839
1732463651800 1.4311683177947998 849
1732463656549 1.4936683177947998 859
1732463662100 1.3686683177947998 869
1732463666885 1.2436683177947998 879
1732463672517 1.4783804416656494 889
1732463677256 1.4311683177947998 899
1732463682034 1.4311683177947998 909
1732463687609 1.6186683177947998 919
1732463692358 1.3061683177947998 929
1732463697934 1.418717622756958 939
1732463702655 1.4936683177947998 949
1732463707444 1.443668246269226 959
1732463712984 1.4311683177947998 969
1732463717729 1.3061683177947998 979
1732463723294 1.4942469596862793 989
1732463728027 1.5561683177947998 999
1732463733603 1.543717622756958 1009
1732463738338 1.4936683177947998 1019
1732463743079 1.293717622756958 1029
1732463748641 1.4311683177947998 1039
1732463753363 1.5408804416656494 1049
1732463758930 1.6186683177947998 1059
1732463763659 1.4311683177947998 1069
1732463768441 0.8436682820320129 1079
1732463773977 1.3686683177947998 1089
1732463778712 1.4311683177947998 1099
1732463784281 1.4311683177947998 1109
1732463789003 1.3686683177947998 1119
1732463794582 1.5561681985855103 1129
1732463799320 1.3686683177947998 1139
1732463804075 1.4311683177947998 1149
1732463809620 1.3845348358154297 1159
1732463814353 1.6186683177947998 1169
1732463819924 1.5095348358154297 1179
1732463824653 1.3845348358154297 1189
1732463829444 1.6330620050430298 1199
