1732442206148 0.0 3
1732442206397 0.0 7
1732442206809 0.0 11
1732442207192 0.0 15
1732442207690 0.0 19
1732442208045 0.0 23
1732442208463 0.0 27
1732442208959 0.0 31
1732442209375 0.0 35
1732442209863 0.0 39
1732442210341 0.0 43
1732442210702 0.0 47
1732442211059 0.0 51
1732442211576 0.0 55
1732442213188 0.0 55
1732442213228 0.0 55
1732442214161 1.0 59
1732442214509 1.0 63
1732442214880 1.0 67
1732442215266 1.0 71
1732442215641 1.0 75
1732442216056 1.0 79
1732442216461 1.0 83
1732442216890 1.0 87
1732442217294 1.0 91
1732442217689 1.0 95
1732442218082 1.0 99
1732442218498 1.0 103
1732442218950 1.0 107
1732442219271 1.0 111
1732442220766 1.0 111
1732442220786 1.0 111
1732442221544 2.0 115
1732442221967 2.0 119
1732442222384 2.0 123
1732442222796 2.0 127
1732442223201 2.0 131
1732442223619 2.0 135
1732442224062 2.0 139
1732442224471 2.0 143
1732442224887 2.0 147
1732442225254 2.0 151
1732442225669 2.0 155
1732442226096 2.0 159
1732442226483 2.0 163
1732442226898 2.0 167
1732442228385 2.0 167
1732442228407 2.0 167
1732442229044 3.0 171
1732442229414 3.0 175
1732442229843 3.0 179
1732442230234 3.0 183
1732442230654 3.0 187
1732442231090 3.0 191
1732442231479 3.0 195
1732442231948 3.0 199
1732442232335 3.0 203
1732442232782 3.0 207
1732442233253 3.0 211
1732442233725 3.0 215
1732442234118 3.0 219
1732442234509 3.0 223
1732442236190 3.0 223
1732442236212 3.0 223
1732442236909 4.0 227
1732442237307 4.0 231
1732442237849 4.0 235
1732442238160 4.0 239
1732442238657 4.0 243
1732442239037 4.0 247
1732442239484 4.0 251
1732442239859 4.0 255
1732442240311 4.0 259
1732442240694 4.0 263
1732442241072 4.0 267
1732442241519 4.0 271
1732442241903 4.0 275
1732442242315 4.0 279
1732442243866 4.0 279
1732442243892 4.0 279
1732442244568 5.0 283
1732442244986 5.0 287
1732442245487 5.0 291
1732442245899 5.0 295
1732442246287 5.0 299
1732442246678 5.0 303
1732442247177 5.0 307
1732442247686 5.0 311
1732442248033 5.0 315
1732442248426 5.0 319
1732442248821 5.0 323
1732442249230 5.0 327
1732442249681 5.0 331
1732442250098 5.0 335
1732442251559 5.0 335
1732442251579 5.0 335
1732442252268 6.0 339
1732442252672 6.0 343
1732442253116 6.0 347
1732442253507 6.0 351
1732442253942 6.0 355
1732442254396 6.0 359
1732442254818 6.0 363
1732442255164 6.0 367
1732442255539 6.0 371
1732442255890 6.0 375
1732442256327 6.0 379
1732442256700 6.0 383
1732442257123 6.0 387
1732442257536 6.0 391
1732442259071 6.0 391
1732442259095 6.0 391
1732442259836 7.0 395
