1732442206123 0.1 3
1732442206375 0.1 7
1732442206791 0.1 11
1732442207172 0.1 15
1732442207657 0.1 19
1732442208021 0.1 23
1732442208444 0.1 27
1732442208936 0.1 31
1732442209354 0.1 35
1732442209838 0.1 39
1732442210318 0.1 43
1732442210680 0.1 47
1732442211037 0.1 51
1732442211485 0.1 55
1732442214142 0.1 59
1732442214483 0.1 63
1732442214859 0.1 67
1732442215242 0.1 71
1732442215615 0.1 75
1732442216034 0.1 79
1732442216440 0.1 83
1732442216870 0.1 87
1732442217273 0.1 91
1732442217666 0.1 95
1732442218063 0.1 99
1732442218465 0.1 103
1732442218926 0.1 107
1732442219252 0.1 111
1732442221521 0.1 115
1732442221945 0.1 119
1732442222357 0.1 123
1732442222773 0.1 127
1732442223174 0.1 131
1732442223601 0.1 135
1732442224043 0.1 139
1732442224452 0.1 143
1732442224866 0.1 147
1732442225235 0.1 151
1732442225646 0.1 155
1732442226077 0.1 159
1732442226461 0.1 163
1732442226883 0.1 167
1732442229022 0.1 171
1732442229392 0.1 175
1732442229821 0.1 179
1732442230209 0.1 183
1732442230634 0.1 187
1732442231070 0.1 191
1732442231457 0.1 195
1732442231928 0.1 199
1732442232309 0.1 203
1732442232755 0.1 207
1732442233199 0.1 211
1732442233704 0.1 215
1732442234095 0.1 219
1732442234488 0.1 223
1732442236890 0.1 227
1732442237289 0.1 231
1732442237825 0.1 235
1732442238140 0.1 239
1732442238639 0.1 243
1732442239017 0.1 247
1732442239457 0.1 251
1732442239840 0.1 255
1732442240294 0.1 259
1732442240674 0.1 263
1732442241046 0.1 267
1732442241495 0.1 271
1732442241886 0.1 275
1732442242300 0.1 279
1732442244547 0.1 283
1732442244965 0.1 287
1732442245467 0.1 291
1732442245878 0.1 295
1732442246269 0.1 299
1732442246655 0.1 303
1732442247149 0.1 307
1732442247667 0.1 311
1732442248014 0.1 315
1732442248405 0.1 319
1732442248798 0.1 323
1732442249208 0.1 327
1732442249658 0.1 331
1732442250080 0.1 335
1732442252247 0.1 339
1732442252653 0.1 343
1732442253094 0.1 347
1732442253489 0.1 351
1732442253918 0.1 355
1732442254377 0.1 359
1732442254791 0.1 363
1732442255145 0.1 367
1732442255519 0.1 371
1732442255873 0.1 375
1732442256307 0.1 379
1732442256682 0.1 383
1732442257105 0.1 387
1732442257516 0.1 391
1732442259806 0.1 395
