1732442205607 1.3919950723648071 0
1732442205882 1.3405165672302246 1
1732442206034 1.3897898197174072 2
1732442206135 1.3507070541381836 3
1732442206201 1.3839409351348877 4
1732442206258 1.3742989301681519 5
1732442206316 1.2974008321762085 6
1732442206383 1.3208463191986084 7
1732442206577 1.3897202014923096 8
1732442206680 1.2599931955337524 9
1732442206738 1.280086874961853 10
1732442206799 1.303396224975586 11
1732442207015 1.3032180070877075 12
1732442207072 1.3079893589019775 13
1732442207123 1.4497647285461426 14
1732442207180 1.2653237581253052 15
1732442207444 1.3452534675598145 16
1732442207500 1.3901805877685547 17
1732442207567 1.3840306997299194 18
1732442207667 1.392627477645874 19
1732442207855 1.219022512435913 20
1732442207913 1.3549859523773193 21
1732442207965 1.2585409879684448 22
1732442208029 1.43423593044281 23
1732442208282 1.3551294803619385 24
1732442208338 1.432898759841919 25
1732442208391 1.3980250358581543 26
1732442208451 1.4017044305801392 27
1732442208766 1.2124643325805664 28
1732442208826 1.3942795991897583 29
1732442208880 1.1232887506484985 30
1732442208942 1.1708989143371582 31
1732442209185 1.4458842277526855 32
1732442209240 1.303778886795044 33
1732442209294 1.4387030601501465 34
1732442209360 1.2570335865020752 35
1732442209647 1.4471213817596436 36
1732442209718 1.444726824760437 37
1732442209781 1.1603819131851196 38
1732442209846 1.1660315990447998 39
1732442210132 1.4057856798171997 40
1732442210197 1.444594383239746 41
1732442210260 1.3984277248382568 42
1732442210326 1.3007237911224365 43
1732442210496 1.1980407238006592 44
1732442210556 1.2981503009796143 45
1732442210620 1.2571461200714111 46
1732442210688 1.3018798828125 47
1732442210863 1.3943524360656738 48
1732442210922 1.3032431602478027 49
1732442210979 1.3086483478546143 50
1732442211044 1.2569448947906494 51
1732442211318 1.3019416332244873 52
1732442211367 1.3494510650634766 53
1732442211427 1.3486121892929077 54
1732442211532 1.3794628381729126 55
1732442213957 1.4392023086547852 0
1732442214030 1.4042003154754639 1
1732442214089 1.248384714126587 2
1732442214150 1.3582627773284912 3
1732442214297 1.3998178243637085 4
1732442214349 1.2228915691375732 5
1732442214426 1.3034353256225586 6
1732442214490 1.29830002784729 7
1732442214690 1.209723949432373 8
1732442214744 1.266571283340454 9
1732442214800 1.3512673377990723 10
1732442214868 1.3008332252502441 11
1732442215079 1.3509631156921387 12
1732442215137 1.3929991722106934 13
1732442215190 1.2540104389190674 14
1732442215249 1.258510947227478 15
1732442215453 1.2467559576034546 16
1732442215517 1.349298119544983 17
1732442215567 1.203962802886963 18
1732442215621 1.203413486480713 19
1732442215856 1.3434590101242065 20
1732442215933 1.3021199703216553 21
1732442215987 1.298152208328247 22
1732442216040 1.2978639602661133 23
1732442216251 1.5041645765304565 24
1732442216339 1.3526887893676758 25
1732442216393 1.396211862564087 26
1732442216449 1.3888893127441406 27
1732442216597 1.3112633228302002 28
1732442216765 1.2101352214813232 29
1732442216821 1.435685634613037 30
1732442216878 1.2654106616973877 31
1732442216985 1.2637070417404175 32
1732442217166 1.3049075603485107 33
1732442217224 1.0719108581542969 34
1732442217281 1.39605712890625 35
1732442217424 1.293931245803833 36
1732442217558 1.3455678224563599 37
1732442217618 1.3059818744659424 38
1732442217673 1.3884460926055908 39
1732442217823 1.4446067810058594 40
1732442217958 1.2622194290161133 41
1732442218012 1.2998065948486328 42
1732442218071 1.3028204441070557 43
1732442218216 1.3563185930252075 44
1732442218365 1.3475768566131592 45
1732442218415 1.446657657623291 46
1732442218484 1.2922909259796143 47
1732442218583 1.3487324714660645 48
1732442218815 1.3052548170089722 49
1732442218881 1.39082670211792 50
1732442218933 1.2060741186141968 51
1732442219065 1.2097138166427612 52
1732442219158 1.3990991115570068 53
1732442219210 1.388696551322937 54
1732442219262 1.2814289331436157 55
1732442221335 1.2246915102005005 0
1732442221402 1.312986969947815 1
1732442221461 1.1717482805252075 2
1732442221529 1.3000385761260986 3
1732442221716 1.4340821504592896 4
1732442221825 1.3463504314422607 5
1732442221889 1.303377389907837 6
1732442221952 1.2093722820281982 7
1732442222141 1.2124667167663574 8
1732442222247 1.360066294670105 9
1732442222310 1.2515110969543457 10
1732442222364 1.3872251510620117 11
1732442222533 1.266451358795166 12
1732442222667 1.4424008131027222 13
1732442222726 1.3913135528564453 14
1732442222780 1.293813943862915 15
1732442222982 1.204833745956421 16
1732442223062 1.3956226110458374 17
1732442223121 1.492260217666626 18
1732442223180 1.4528306722640991 19
1732442223430 1.2902065515518188 20
1732442223494 1.3574399948120117 21
1732442223553 1.3202682733535767 22
1732442223608 1.3392611742019653 23
1732442223791 1.2987300157546997 24
1732442223930 1.312145709991455 25
1732442223995 1.3122552633285522 26
1732442224051 1.2168688774108887 27
1732442224206 1.2163612842559814 28
1732442224335 1.4376593828201294 29
1732442224405 1.2234469652175903 30
1732442224458 1.256994605064392 31
1732442224693 1.177173137664795 32
1732442224754 1.3054332733154297 33
1732442224810 1.290438175201416 34
1732442224873 1.3444103002548218 35
1732442225050 1.1532278060913086 36
1732442225121 1.3974426984786987 37
1732442225184 1.3443659543991089 38
1732442225242 1.3629449605941772 39
1732442225422 1.3946059942245483 40
1732442225527 1.2992420196533203 41
1732442225595 1.2538228034973145 42
1732442225652 1.296857476234436 43
1732442225860 1.308542251586914 44
1732442225963 1.3035446405410767 45
1732442226027 1.2097020149230957 46
1732442226084 1.457913875579834 47
1732442226289 1.2973158359527588 48
1732442226347 1.3500285148620605 49
1732442226404 1.3034560680389404 50
1732442226468 1.5439527034759521 51
1732442226726 1.3999463319778442 52
1732442226778 1.393782138824463 53
1732442226833 1.2944227457046509 54
1732442226890 1.3652621507644653 55
1732442228829 1.3130983114242554 0
1732442228891 1.436253547668457 1
1732442228964 1.2068958282470703 2
1732442229029 1.2469282150268555 3
1732442229206 1.1718758344650269 4
1732442229271 1.2473021745681763 5
1732442229329 1.3986425399780273 6
1732442229398 1.3059346675872803 7
1732442229599 1.2699012756347656 8
1732442229712 1.2989747524261475 9
1732442229772 1.3429007530212402 10
1732442229828 1.2950732707977295 11
1732442230005 1.1643891334533691 12
1732442230106 1.3418607711791992 13
1732442230160 1.4941917657852173 14
1732442230215 1.3763964176177979 15
1732442230393 1.4237709045410156 16
1732442230534 1.2136749029159546 17
1732442230587 1.3389971256256104 18
1732442230641 1.424793004989624 19
1732442230785 1.379781723022461 20
1732442230968 1.3040261268615723 21
1732442231023 1.3709068298339844 22
1732442231077 1.1487256288528442 23
1732442231181 1.19892418384552 24
1732442231357 1.3385288715362549 25
1732442231409 1.2716128826141357 26
1732442231465 1.2030236721038818 27
1732442231609 1.3347630500793457 28
1732442231817 1.2962639331817627 29
1732442231873 1.2886804342269897 30
1732442231936 1.385561466217041 31
1732442232037 1.3952810764312744 32
1732442232206 1.382126808166504 33
1732442232259 1.3535414934158325 34
1732442232316 1.3492515087127686 35
1732442232408 1.3521952629089355 36
1732442232642 1.1839327812194824 37
1732442232702 1.3734705448150635 38
1732442232762 1.3024518489837646 39
1732442232832 1.4898537397384644 40
1732442233072 1.2602472305297852 41
1732442233130 1.228722095489502 42
1732442233215 1.3133280277252197 43
1732442233327 1.3610589504241943 44
1732442233567 1.1693257093429565 45
1732442233646 1.3476159572601318 46
1732442233712 1.3410422801971436 47
1732442233776 1.4455562829971313 48
1732442233962 1.3506275415420532 49
1732442234023 1.4003859758377075 50
1732442234103 1.3977397680282593 51
1732442234186 1.3073548078536987 52
1732442234375 1.345137119293213 53
1732442234447 1.3210604190826416 54
1732442234495 1.2208374738693237 55
1732442236716 1.2471872568130493 0
1732442236768 1.2876032590866089 1
1732442236834 1.3057235479354858 2
1732442236898 1.5228993892669678 3
1732442237127 1.2075929641723633 4
1732442237182 1.387607455253601 5
1732442237239 1.4780265092849731 6
1732442237297 1.21150541305542 7
1732442237624 1.3254296779632568 8
1732442237697 1.2461445331573486 9
1732442237766 1.3368741273880005 10
1732442237833 1.427597999572754 11
1732442237987 1.291388988494873 12
1732442238040 1.3091095685958862 13
1732442238092 1.324641466140747 14
1732442238147 1.3023796081542969 15
1732442238476 1.171419620513916 16
1732442238535 1.3256018161773682 17
1732442238588 1.2869905233383179 18
1732442238646 1.3752713203430176 19
1732442238860 1.194799780845642 20
1732442238917 1.238016963005066 21
1732442238969 1.3762283325195312 22
1732442239025 1.4426801204681396 23
1732442239296 1.1790395975112915 24
1732442239352 1.343494176864624 25
1732442239402 1.4339399337768555 26
1732442239465 1.2213077545166016 27
1732442239684 1.3498899936676025 28
1732442239736 1.2893776893615723 29
1732442239786 1.1564035415649414 30
1732442239846 1.4351017475128174 31
1732442240135 1.2662819623947144 32
1732442240192 1.3342856168746948 33
1732442240245 1.4443295001983643 34
1732442240301 1.400254249572754 35
1732442240512 1.40963613986969 36
1732442240571 1.2542163133621216 37
1732442240622 1.1503981351852417 38
1732442240681 1.3178945779800415 39
1732442240890 1.2947800159454346 40
1732442240945 1.3149607181549072 41
1732442240995 1.304770588874817 42
1732442241053 1.4468241930007935 43
1732442241331 1.2557179927825928 44
1732442241388 1.3536348342895508 45
1732442241447 1.4099364280700684 46
1732442241502 1.3137365579605103 47
1732442241717 1.3956327438354492 48
1732442241776 1.382086157798767 49
1732442241838 1.3138028383255005 50
1732442241893 1.198513150215149 51
1732442242128 1.2131719589233398 52
1732442242198 1.4040511846542358 53
1732442242256 1.2608275413513184 54
1732442242307 1.3424160480499268 55
1732442244387 1.2059204578399658 0
1732442244443 1.521698236465454 1
1732442244492 1.346529483795166 2
1732442244554 1.303890585899353 3
1732442244814 1.3797948360443115 4
1732442244871 1.3625967502593994 5
1732442244919 1.1684625148773193 6
1732442244974 1.3482390642166138 7
1732442245306 1.2515629529953003 8
1732442245359 1.1760292053222656 9
1732442245415 1.29832124710083 10
1732442245475 1.4371598958969116 11
1732442245710 1.2438501119613647 12
1732442245766 1.4442479610443115 13
1732442245824 1.2948391437530518 14
1732442245886 1.3114696741104126 15
1732442246111 1.2977795600891113 16
1732442246165 1.2046129703521729 17
1732442246217 1.3103196620941162 18
1732442246276 1.1574825048446655 19
1732442246492 1.4377379417419434 20
1732442246552 1.2484312057495117 21
1732442246609 1.4581584930419922 22
1732442246662 1.3532304763793945 23
1732442246947 1.2447024583816528 24
1732442247009 1.3557229042053223 25
1732442247066 1.263477087020874 26
1732442247160 1.3971099853515625 27
1732442247428 1.3978028297424316 28
1732442247498 1.2594788074493408 29
1732442247606 1.349847435951233 30
1732442247674 1.5071732997894287 31
1732442247825 1.3994053602218628 32
1732442247884 1.1149731874465942 33
1732442247949 1.171333909034729 34
1732442248022 1.3554613590240479 35
1732442248231 1.349043846130371 36
1732442248287 1.3058054447174072 37
1732442248349 1.2051125764846802 38
1732442248412 1.3105757236480713 39
1732442248615 1.3477067947387695 40
1732442248675 1.4565212726593018 41
1732442248733 1.3561575412750244 42
1732442248806 1.2893823385238647 43
1732442249039 1.292769193649292 44
1732442249095 1.4367873668670654 45
1732442249151 1.407537817955017 46
1732442249217 1.3408005237579346 47
1732442249486 1.33890962600708 48
1732442249541 1.2891135215759277 49
1732442249601 1.3011138439178467 50
1732442249666 1.0363614559173584 51
1732442249934 1.3969202041625977 52
1732442249989 1.1989251375198364 53
1732442250038 1.3788814544677734 54
1732442250087 1.3778984546661377 55
1732442252066 1.313284158706665 0
1732442252139 1.0779961347579956 1
1732442252195 1.4470973014831543 2
1732442252253 1.2487154006958008 3
1732442252412 1.3450431823730469 4
1732442252549 1.2840538024902344 5
1732442252605 1.4313313961029053 6
1732442252661 1.387300729751587 7
1732442252784 1.255768060684204 8
1732442252978 1.2106053829193115 9
1732442253040 1.2901828289031982 10
1732442253101 1.1158301830291748 11
1732442253224 1.3133482933044434 12
1732442253390 1.2623543739318848 13
1732442253444 1.2659375667572021 14
1732442253496 1.399849772453308 15
1732442253640 1.3015673160552979 16
1732442253817 1.2970582246780396 17
1732442253869 1.2616026401519775 18
1732442253925 1.5815620422363281 19
1732442254009 1.4044506549835205 20
1732442254261 1.3547661304473877 21
1732442254319 1.4042319059371948 22
1732442254385 1.2677602767944336 23
1732442254447 1.3799808025360107 24
1732442254676 1.449000358581543 25
1732442254732 1.5215508937835693 26
1732442254799 1.3813213109970093 27
1732442254872 1.3113837242126465 28
1732442255033 1.5317068099975586 29
1732442255090 1.3464713096618652 30
1732442255152 1.3158979415893555 31
1732442255208 1.3417553901672363 32
1732442255414 1.3542094230651855 33
1732442255470 1.357560634613037 34
1732442255526 1.3074085712432861 35
1732442255644 1.2447999715805054 36
1732442255769 1.2871763706207275 37
1732442255828 1.3171796798706055 38
1732442255880 1.2963862419128418 39
1732442256022 1.341822862625122 40
1732442256208 1.2704269886016846 41
1732442256260 1.2829240560531616 42
1732442256315 1.2269049882888794 43
1732442256464 1.2703810930252075 44
1732442256586 1.3843387365341187 45
1732442256638 1.2464823722839355 46
1732442256690 1.363961935043335 47
1732442256856 1.3472602367401123 48
1732442257005 1.3098207712173462 49
1732442257061 1.351576805114746 50
1732442257113 1.32773756980896 51
1732442257257 1.250543475151062 52
1732442257414 1.1077611446380615 53
1732442257472 1.2538363933563232 54
1732442257523 1.2873905897140503 55
1732442259608 1.305734634399414 0
1732442259670 1.0475231409072876 1
1732442259724 1.3435418605804443 2
1732442259817 1.247734785079956 3
1732442260125 1.297558307647705 4
1732442260181 1.1963520050048828 5
