1732464133063 0.0 9
1732464137794 0.0 19
1732464140564 0.0 23
1732464140623 0.0 23
1732464143473 1.0 29
1732464148157 1.0 39
1732464152666 1.0 47
1732464152729 1.0 47
1732464153679 2.0 49
1732464158351 2.0 59
1732464163052 2.0 69
1732464164726 2.0 71
1732464164788 2.0 71
1732464168543 3.0 79
1732464173214 3.0 89
1732464176778 3.0 95
1732464176839 3.0 95
1732464178746 4.0 99
1732464183420 4.0 109
1732464188207 4.0 119
1732464188945 4.0 119
1732464189008 4.0 119
1732464193747 5.0 129
1732464198494 5.0 139
1732464201118 5.0 143
1732464201185 5.0 143
1732464204042 6.0 149
1732464208764 6.0 159
1732464213339 6.0 167
1732464213403 6.0 167
1732464214364 7.0 169
1732464219081 7.0 179
1732464223829 7.0 189
1732464225533 7.0 191
1732464225596 7.0 191
1732464229403 8.0 199
1732464234107 8.0 209
1732464237729 8.0 215
1732464237792 8.0 215
1732464239703 9.0 219
1732464244441 9.0 229
1732464249216 9.0 239
1732464249951 9.0 239
1732464250013 9.0 239
1732464254762 10.0 249
1732464259521 10.0 259
1732464262168 10.0 263
1732464262230 10.0 263
1732464265093 11.0 269
1732464269834 11.0 279
1732464274407 11.0 287
1732464274474 11.0 287
1732464275455 12.0 289
1732464280169 12.0 299
1732465087078 12.0 309
1732465088774 12.0 311
1732465088833 12.0 311
1732465092636 13.0 319
1732465097346 13.0 329
1732465100927 13.0 335
1732465100988 13.0 335
1732465102896 14.0 339
1732465107595 14.0 349
1732465112335 14.0 359
1732465113058 14.0 359
1732465113119 14.0 359
1732465117836 15.0 369
1732465122546 15.0 379
1732465125187 15.0 383
1732465125250 15.0 383
1732465128085 16.0 389
1732465132783 16.0 399
1732465137336 16.0 407
1732465137398 16.0 407
1732465138369 17.0 409
1732465143094 17.0 419
1732465147820 17.0 429
1732465149524 17.0 431
1732465149583 17.0 431
1732465153402 18.0 439
1732465158117 18.0 449
1732465161720 18.0 455
1732465161788 18.0 455
1732465163700 19.0 459
1732465168434 19.0 469
1732465173227 19.0 479
1732465173958 19.0 479
1732465174015 19.0 479
1732465178779 20.0 489
1732465183515 20.0 499
1732465186158 20.0 503
1732465186220 20.0 503
1732465189050 21.0 509
1732465193761 21.0 519
1732465198311 21.0 527
1732465198373 21.0 527
1732465199346 22.0 529
1732465204065 22.0 539
1732465208800 22.0 549
1732465210470 22.0 551
1732465210527 22.0 551
1732465214320 23.0 559
1732465219009 23.0 569
1732465222588 23.0 575
1732465222649 23.0 575
1732465224537 24.0 579
1732465229209 24.0 589
1732465233934 24.0 599
1732465234656 24.0 599
1732465234716 24.0 599
1732465239427 25.0 609
1732465244115 25.0 619
1732465246738 25.0 623
1732465246803 25.0 623
1732465249626 26.0 629
1732465254310 26.0 639
1732465258816 26.0 647
1732465258879 26.0 647
1732465259834 27.0 649
1732465264517 27.0 659
1732465269223 27.0 669
1732465270904 27.0 671
1732465270968 27.0 671
1732465274720 28.0 679
1732465279444 28.0 689
1732465283019 28.0 695
1732465283086 28.0 695
1732465285024 29.0 699
1732465289744 29.0 709
1732465294479 29.0 719
1732465295203 29.0 719
1732465295266 29.0 719
1732465300008 30.0 729
1732465304719 30.0 739
1732465307362 30.0 743
1732465307430 30.0 743
1732465310272 31.0 749
1732465315006 31.0 759
1732465319569 31.0 767
1732465319633 31.0 767
