1732464128086 0.1 0
1732464140627 0.1 24
1732464152733 0.1 48
1732464164792 0.1 72
1732464176843 0.1 96
1732464189012 0.010000000000000002 120
1732464201188 0.010000000000000002 144
1732464213406 0.010000000000000002 168
1732464225599 0.0010000000000000002 192
1732464237796 0.0010000000000000002 216
1732464250016 0.0010000000000000002 240
1732464262234 0.00010000000000000003 264
1732464274478 0.00010000000000000003 288
1732465088839 0.00010000000000000003 312
1732465100991 0.00010000000000000003 336
1732465113122 1.0000000000000004e-05 360
1732465125253 1.0000000000000004e-05 384
1732465137402 1.0000000000000004e-05 408
1732465149587 1.0000000000000004e-06 432
1732465161792 1.0000000000000004e-06 456
1732465174019 1.0000000000000004e-06 480
1732465186222 1.0000000000000005e-07 504
1732465198377 1.0000000000000005e-07 528
1732465210531 1.0000000000000005e-07 552
1732465222653 1.0000000000000005e-08 576
1732465234720 1.0000000000000005e-08 600
1732465246807 1.0000000000000005e-08 624
1732465258883 1.0000000000000005e-08 648
1732465270972 1.0000000000000005e-08 672
1732465283090 1.0000000000000005e-08 696
1732465295270 1.0000000000000005e-08 720
1732465307434 1.0000000000000005e-08 744
1732465319637 1.0000000000000005e-08 768
