1732464133063 1.4311683177947998 9
1732464137794 1.6186683177947998 19
1732464143473 1.6186683177947998 29
1732464148157 1.4936681985855103 39
1732464153679 1.5561683177947998 49
1732464158351 1.4936683177947998 59
1732464163052 1.3061683177947998 69
1732464168543 1.6811683177947998 79
1732464173214 1.5561683177947998 89
1732464178746 1.6733211278915405 99
1732464183420 1.4311683177947998 109
1732464188207 1.4436683654785156 119
1732464193747 1.4936683177947998 129
1732464198494 1.1811683177947998 139
1732464204042 1.5561683177947998 149
1732464208764 1.4936683177947998 159
1732464214364 1.3686683177947998 169
1732464219081 1.4311683177947998 179
1732464223829 1.4311683177947998 189
1732464229403 1.6186683177947998 199
1732464234107 1.4936683177947998 209
1732464239703 1.4936683177947998 219
1732464244441 1.6186683177947998 229
1732464249216 1.6436684131622314 239
1732464254762 1.5561683177947998 249
1732464259521 1.5561683177947998 259
1732464265093 1.4936683177947998 269
1732464269834 1.4311683177947998 279
1732464275455 1.3686683177947998 289
1732464280169 1.5561683177947998 299
1732465087078 1.3686683177947998 309
1732465092636 1.6186683177947998 319
1732465097346 1.4936683177947998 329
1732465102896 1.5561683177947998 339
1732465107595 1.4936681985855103 349
1732465112335 1.443668246269226 359
1732465117836 1.6186683177947998 369
1732465122546 1.5561683177947998 379
1732465128085 1.4311683177947998 389
1732465132783 1.4936683177947998 399
1732465138369 1.4311683177947998 409
1732465143094 1.6186683177947998 419
1732465147820 1.3061683177947998 429
1732465153402 1.4311683177947998 439
1732465158117 1.4936683177947998 449
1732465163700 1.6186683177947998 459
1732465168434 1.5561683177947998 469
1732465173227 1.2436683177947998 479
1732465178779 1.4311683177947998 489
1732465183515 1.5561683177947998 499
1732465189050 1.3686683177947998 509
1732465193761 1.1186683177947998 519
1732465199346 1.6186683177947998 529
1732465204065 1.4936683177947998 539
1732465208800 1.4311683177947998 549
1732465214320 1.5561683177947998 559
1732465219009 1.5561683177947998 569
1732465224537 1.4311683177947998 579
1732465229209 1.6186683177947998 589
1732465233934 1.6436681747436523 599
1732465239427 1.4936683177947998 609
1732465244115 1.6811683177947998 619
1732465249626 1.3686683177947998 629
1732465254310 1.5561683177947998 639
1732465259834 1.4936683177947998 649
1732465264517 1.5561683177947998 659
1732465269223 1.4311683177947998 669
1732465274720 1.4311683177947998 679
1732465279444 1.3686683177947998 689
1732465285024 1.5561683177947998 699
1732465289744 1.6186683177947998 709
1732465294479 1.543668270111084 719
1732465300008 1.6186683177947998 729
1732465304719 1.3686683177947998 739
1732465310272 1.4311683177947998 749
1732465315006 1.5561683177947998 759
