1732464133063 0.65625 9
1732464137794 0.5625 19
1732464143473 0.5625 29
1732464148157 0.625 39
1732464153679 0.59375 49
1732464158351 0.625 59
1732464163052 0.71875 69
1732464168543 0.53125 79
1732464173214 0.59375 89
1732464178746 0.5 99
1732464183420 0.65625 109
1732464188207 0.6499999761581421 119
1732464193747 0.625 129
1732464198494 0.78125 139
1732464204042 0.59375 149
1732464208764 0.625 159
1732464214364 0.6875 169
1732464219081 0.65625 179
1732464223829 0.65625 189
1732464229403 0.5625 199
1732464234107 0.625 209
1732464239703 0.625 219
1732464244441 0.5625 229
1732464249216 0.550000011920929 239
1732464254762 0.59375 249
1732464259521 0.59375 259
1732464265093 0.625 269
1732464269834 0.65625 279
1732464275455 0.6875 289
1732464280169 0.59375 299
1732465087078 0.6875 309
1732465092636 0.5625 319
1732465097346 0.625 329
1732465102896 0.59375 339
1732465107595 0.625 349
1732465112335 0.6499999761581421 359
1732465117836 0.5625 369
1732465122546 0.59375 379
1732465128085 0.65625 389
1732465132783 0.625 399
1732465138369 0.65625 409
1732465143094 0.5625 419
1732465147820 0.71875 429
1732465153402 0.65625 439
1732465158117 0.625 449
1732465163700 0.5625 459
1732465168434 0.59375 469
1732465173227 0.75 479
1732465178779 0.65625 489
1732465183515 0.59375 499
1732465189050 0.6875 509
1732465193761 0.8125 519
1732465199346 0.5625 529
1732465204065 0.625 539
1732465208800 0.65625 549
1732465214320 0.59375 559
1732465219009 0.59375 569
1732465224537 0.65625 579
1732465229209 0.5625 589
1732465233934 0.550000011920929 599
1732465239427 0.625 609
1732465244115 0.53125 619
1732465249626 0.6875 629
1732465254310 0.59375 639
1732465259834 0.625 649
1732465264517 0.59375 659
1732465269223 0.65625 669
1732465274720 0.65625 679
1732465279444 0.6875 689
1732465285024 0.59375 699
1732465289744 0.5625 709
1732465294479 0.6000000238418579 719
1732465300008 0.5625 729
1732465304719 0.6875 739
1732465310272 0.65625 749
1732465315006 0.59375 759
