1732464140623 3.363116314379561e-44 23
1732464152729 0.0 47
1732464164788 1.0089348943138683e-43 71
1732464176839 1.3452465257518244e-43 95
1732464189008 1.6815581571897805e-43 119
1732464201185 2.0178697886277366e-43 143
1732464213403 2.3541814200656927e-43 167
1732464225596 2.6904930515036488e-43 191
1732464237792 3.026804682941605e-43 215
1732464250013 3.363116314379561e-43 239
1732464262230 3.699427945817517e-43 263
1732464274474 4.035739577255473e-43 287
1732465088833 4.372051208693429e-43 311
1732465100988 4.708362840131385e-43 335
1732465113119 5.0446744715693415e-43 359
1732465125250 3.8457348416898185e-11 383
1732465137398 5.717297734445254e-43 407
1732465149583 1.327682408458486e-11 431
1732465161788 6.389920997321166e-43 455
1732465174015 6.726232628759122e-43 479
1732465186220 7.062544260197078e-43 503
1732465198373 7.398855891635034e-43 527
1732465210527 0.0 551
1732465222649 0.0 575
1732465234716 8.407790785948902e-43 599
1732465246803 8.744102417386859e-43 623
1732465258879 9.080414048824815e-43 647
1732465270968 0.0 671
1732465283086 9.753037311700727e-43 695
1732465295266 1.0089348943138683e-42 719
1732465307430 1.0425660574576639e-42 743
1732465319633 7.006492321624085e-45 767
