1732464140623 0.0 23
1732464152729 0.0 47
1732464164788 2.802596928649634e-45 71
1732464176839 4.203895392974451e-45 95
1732464189008 5.605193857299268e-45 119
1732464201185 7.006492321624085e-45 143
1732464213403 8.407790785948902e-45 167
1732464225596 9.80908925027372e-45 191
1732464237792 1.1210387714598537e-44 215
1732464250013 1.2611686178923354e-44 239
1732464262230 1.401298464324817e-44 263
1732464274474 1.5414283107572988e-44 287
1732465088833 1.6815581571897805e-44 311
1732465100988 1.8216880036222622e-44 335
1732465113119 1.961817850054744e-44 359
1732465125250 0.0 383
1732465137398 2.2420775429197073e-44 407
1732465149583 1.3224199513217627e-11 431
1732465161788 2.5223372357846707e-44 455
1732465174015 2.6624670822171524e-44 479
1732465186220 2.802596928649634e-44 503
1732465198373 2.942726775082116e-44 527
1732465210527 7.006492321624085e-45 551
1732465222649 0.0 575
1732465234716 3.363116314379561e-44 599
1732465246803 3.5032461608120427e-44 623
1732465258879 3.6433760072445244e-44 647
1732465270968 3.962608019492109e-11 671
1732465283086 3.923635700109488e-44 695
1732465295266 4.0637655465419695e-44 719
1732465307430 4.203895392974451e-44 743
1732465319633 7.006492321624085e-45 767
