1732434001414 0.0 1
1732434002301 0.0 3
1732434005303 0.0 5
1732434007556 0.0 7
1732434009479 0.0 9
1732434013732 0.0 11
1732434014918 0.0 13
1732434018417 0.0 15
1732434021573 0.0 17
1732434021936 0.0 19
1732434027110 0.0 21
1732434027853 0.0 23
1732434033259 0.0 25
1732434033439 0.0 27
1732434039658 0.0 29
1732434039852 0.0 31
1732434043062 0.0 33
1732434043243 0.0 35
1732434047597 0.0 37
1732434047758 0.0 39
1732434052845 0.0 41
1732434053027 0.0 43
1732434057581 0.0 45
1732434057775 0.0 47
1732434063146 0.0 49
1732434063366 0.0 51
1732434067743 0.0 53
1732434068013 0.0 55
1732434084639 0.0 55
1732434084686 0.0 55
1732434090760 1.0 57
1732434091230 1.0 59
1732434097051 1.0 61
1732434097270 1.0 63
1732434101160 1.0 65
1732434101702 1.0 67
1732434106688 1.0 69
1732434107865 1.0 71
1732434112445 1.0 73
1732434112700 1.0 75
1732434116507 1.0 77
1732434116705 1.0 79
1732434119475 1.0 81
1732434120902 1.0 83
1732434123611 1.0 85
1732434123820 1.0 87
1732434129782 1.0 89
1732434129964 1.0 91
1732434134608 1.0 93
1732434134805 1.0 95
1732434138754 1.0 97
1732434138942 1.0 99
1732434143393 1.0 101
1732434143582 1.0 103
1732434147251 1.0 105
1732434148571 1.0 107
1732434153080 1.0 109
1732434153235 1.0 111
1732434169850 1.0 111
1732434169898 1.0 111
1732434175438 2.0 113
1732434175644 2.0 115
1732434180866 2.0 117
1732434181067 2.0 119
1732434186808 2.0 121
1732434187019 2.0 123
1732434192389 2.0 125
1732434192615 2.0 127
1732434197153 2.0 129
1732434197369 2.0 131
1732434201245 2.0 133
1732434201456 2.0 135
1732434205698 2.0 137
1732434205928 2.0 139
1732434210287 2.0 141
1732434210477 2.0 143
1732434214679 2.0 145
1732434214874 2.0 147
1732434219524 2.0 149
1732434219725 2.0 151
1732434223444 2.0 153
1732434223634 2.0 155
1732434229445 2.0 157
1732434229654 2.0 159
1732434233368 2.0 161
1732434233562 2.0 163
1732434236778 2.0 165
1732434236938 2.0 167
1732434253763 2.0 167
1732434253804 2.0 167
1732434260548 3.0 169
1732434260760 3.0 171
1732434267299 3.0 173
1732434267548 3.0 175
1732434272380 3.0 177
1732434272648 3.0 179
1732434276424 3.0 181
1732434276648 3.0 183
1732434283728 3.0 185
1732434283975 3.0 187
1732434289305 3.0 189
1732434289542 3.0 191
1732434295616 3.0 193
1732434295849 3.0 195
1732434300555 3.0 197
1732434300781 3.0 199
1732434304425 3.0 201
1732434304649 3.0 203
1732434308828 3.0 205
1732434309051 3.0 207
1732434314550 3.0 209
1732434314794 3.0 211
1732434319400 3.0 213
1732434319690 3.0 215
1732434324497 3.0 217
1732434324712 3.0 219
1732434327929 3.0 221
1732434328148 3.0 223
