1732434000850 1.3827266693115234 0
1732434001395 1.530045986175537 1
1732434002016 1.5561681985855103 2
1732434002275 1.6186683177947998 3
1732434004665 1.7431889772415161 4
1732434005272 1.3061681985855103 5
1732434006332 1.4936683177947998 6
1732434007534 1.4311683177947998 7
1732434009313 1.4311683177947998 8
1732434009459 1.4936683177947998 9
1732434011796 1.4311683177947998 10
1732434013717 1.7436683177947998 11
1732434014803 1.4936683177947998 12
1732434014898 1.4311683177947998 13
1732434016576 1.4936683177947998 14
1732434018392 1.5561683177947998 15
1732434021432 1.6186683177947998 16
1732434021552 1.4936683177947998 17
1732434021649 1.5561683177947998 18
1732434021914 1.4936683177947998 19
1732434026995 1.6811683177947998 20
1732434027090 1.4936683177947998 21
1732434027185 1.6186683177947998 22
1732434027828 1.6186683177947998 23
1732434033145 1.5561683177947998 24
1732434033240 1.4936683177947998 25
1732434033327 1.5561683177947998 26
1732434033419 1.5561683177947998 27
1732434039516 1.6186683177947998 28
1732434039635 1.6186683177947998 29
1732434039737 1.4311683177947998 30
1732434039832 1.5561683177947998 31
1732434042946 1.4311683177947998 32
1732434043042 1.6186683177947998 33
1732434043133 1.5561683177947998 34
1732434043224 1.3686683177947998 35
1732434047473 1.5561683177947998 36
1732434047577 1.6186683177947998 37
1732434047661 1.4936683177947998 38
1732434047739 1.3686683177947998 39
1732434052725 1.4936681985855103 40
1732434052826 1.6186683177947998 41
1732434052921 1.5561683177947998 42
1732434053008 1.4936683177947998 43
1732434057453 1.4936683177947998 44
1732434057560 1.6186683177947998 45
1732434057643 1.6186683177947998 46
1732434057754 1.5561683177947998 47
1732434062981 1.6186681985855103 48
1732434063126 1.6186683177947998 49
1732434063226 1.4311681985855103 50
1732434063348 1.5561683177947998 51
1732434067616 1.3061683177947998 52
1732434067723 1.4936683177947998 53
1732434067815 1.7436683177947998 54
1732434067966 1.3436683416366577 55
1732434090231 1.4936683177947998 0
1732434090739 1.6186683177947998 1
1732434090855 1.6186683177947998 2
1732434091202 1.6811683177947998 3
1732434093439 1.6811683177947998 4
1732434096967 1.5561683177947998 5
1732434097145 1.5561683177947998 6
1732434097249 1.6186683177947998 7
1732434097860 1.3061683177947998 8
1732434101083 1.5561683177947998 9
1732434101236 1.4936683177947998 10
1732434101679 1.4311683177947998 11
1732434103549 1.5561683177947998 12
1732434106593 1.6186683177947998 13
1732434106776 1.6186683177947998 14
1732434107845 1.4936683177947998 15
1732434109737 1.4936683177947998 16
1732434112375 1.5561683177947998 17
1732434112533 1.6186683177947998 18
1732434112680 1.5561683177947998 19
1732434113066 1.4311683177947998 20
1732434116442 1.5561683177947998 21
1732434116594 1.6811683177947998 22
1732434116686 1.3686683177947998 23
1732434117767 1.3686681985855103 24
1732434119413 1.6186683177947998 25
1732434119560 1.3686683177947998 26
1732434120829 1.4311683177947998 27
1732434121670 1.4311683177947998 28
1732434123549 1.4936683177947998 29
1732434123689 1.6186683177947998 30
1732434123801 1.3061683177947998 31
1732434125838 1.4936683177947998 32
1732434129700 1.6811683177947998 33
1732434129850 1.5561683177947998 34
1732434129944 1.3061683177947998 35
1732434130034 1.3686683177947998 36
1732434134525 1.4936683177947998 37
1732434134681 1.4311683177947998 38
1732434134784 1.5561683177947998 39
1732434134879 1.6186683177947998 40
1732434138691 1.5561683177947998 41
1732434138842 1.4936683177947998 42
1732434138922 1.5561683177947998 43
1732434140945 1.5561681985855103 44
1732434143332 1.6186683177947998 45
1732434143478 1.4311683177947998 46
1732434143563 1.6186683177947998 47
1732434145474 1.4936683177947998 48
1732434147193 1.4311683177947998 49
1732434147329 1.6186683177947998 50
1732434148486 1.6186683177947998 51
1732434148635 1.3061683177947998 52
1732434153023 1.5561683177947998 53
1732434153145 1.4936683177947998 54
1732434153220 1.5436683893203735 55
1732434175215 1.6811683177947998 0
1732434175418 1.3686683177947998 1
1732434175514 1.4936683177947998 2
1732434175624 1.5561683177947998 3
1732434180676 1.5561683177947998 4
1732434180836 1.6186683177947998 5
1732434180956 1.4311683177947998 6
1732434181048 1.4311683177947998 7
1732434186521 1.5561683177947998 8
1732434186788 1.4936681985855103 9
1732434186893 1.6186683177947998 10
1732434186999 1.6186683177947998 11
1732434192211 1.4936683177947998 12
1732434192369 1.6186683177947998 13
1732434192483 1.3686681985855103 14
1732434192594 1.4936683177947998 15
1732434196986 1.4311681985855103 16
1732434197133 1.5561683177947998 17
1732434197248 1.5561683177947998 18
1732434197350 1.5561683177947998 19
1732434201073 1.4936683177947998 20
1732434201224 1.6811683177947998 21
1732434201335 1.4936683177947998 22
1732434201436 1.6186683177947998 23
1732434205127 1.5561683177947998 24
1732434205664 1.5561683177947998 25
1732434205799 1.4936683177947998 26
1732434205908 1.5561681985855103 27
1732434209266 1.4311683177947998 28
1732434210261 1.4936683177947998 29
1732434210371 1.6186683177947998 30
1732434210457 1.3061683177947998 31
1732434214164 1.5561683177947998 32
1732434214659 1.5561683177947998 33
1732434214767 1.3061683177947998 34
1732434214854 1.5561683177947998 35
1732434217205 1.6186683177947998 36
1732434219445 1.5561683177947998 37
1732434219605 1.5561683177947998 38
1732434219703 1.3061683177947998 39
1732434222421 1.4936683177947998 40
1732434223422 1.6811683177947998 41
1732434223524 1.1811683177947998 42
1732434223614 1.5561683177947998 43
1732434227141 1.7436683177947998 44
1732434229367 1.5561683177947998 45
1732434229527 1.4936683177947998 46
1732434229634 1.4936683177947998 47
1732434230534 1.4936683177947998 48
1732434233290 1.5561683177947998 49
1732434233438 1.4936683177947998 50
1732434233538 1.4311683177947998 51
1732434235645 1.4936683177947998 52
1732434236758 1.4936683177947998 53
1732434236841 1.5561683177947998 54
1732434236924 1.6770015954971313 55
1732434260338 1.6186683177947998 0
1732434260528 1.6186683177947998 1
1732434260648 1.5561683177947998 2
1732434260740 1.4936681985855103 3
1732434267008 1.5561683177947998 4
1732434267264 1.4311683177947998 5
1732434267414 1.5561683177947998 6
1732434267528 1.3686683177947998 7
1732434272097 1.4936683177947998 8
1732434272358 1.4311683177947998 9
1732434272480 1.4936683177947998 10
1732434272628 1.6186683177947998 11
1732434276210 1.5561683177947998 12
1732434276403 1.6186683177947998 13
1732434276541 1.4311683177947998 14
1732434276628 1.6186683177947998 15
1732434283499 1.6186683177947998 16
1732434283695 1.5561683177947998 17
1732434283831 1.3061683177947998 18
1732434283954 1.6186683177947998 19
1732434289097 1.6186683177947998 20
1732434289282 1.3061683177947998 21
1732434289408 1.5561683177947998 22
1732434289522 1.4936683177947998 23
1732434295378 1.5561683177947998 24
1732434295594 1.6186683177947998 25
1732434295719 1.4936683177947998 26
1732434295828 1.4311683177947998 27
1732434300359 1.4936683177947998 28
1732434300536 1.4311683177947998 29
1732434300650 1.3686683177947998 30
1732434300754 1.5561683177947998 31
1732434304244 1.4936683177947998 32
1732434304404 1.5561683177947998 33
1732434304520 1.6186683177947998 34
1732434304629 1.4936683177947998 35
1732434308619 1.4936683177947998 36
1732434308807 1.3061683177947998 37
1732434308922 1.4936683177947998 38
1732434309027 1.5561683177947998 39
1732434314323 1.5561683177947998 40
1732434314527 1.5561683177947998 41
1732434314662 1.5561683177947998 42
1732434314773 1.4936683177947998 43
1732434319226 1.4936683177947998 44
1732434319380 1.6186683177947998 45
1732434319506 1.4936683177947998 46
1732434319666 1.4936683177947998 47
1732434324339 1.5561683177947998 48
1732434324476 1.3686683177947998 49
1732434324594 1.5561683177947998 50
1732434324690 1.6186683177947998 51
1732434327767 1.5561683177947998 52
1732434327909 1.5561681985855103 53
1732434328026 1.6186683177947998 54
1732434328133 1.677001714706421 55
