1732434001414 0.0 1
1732434002301 0.546875 3
1732434005303 0.703125 5
1732434007556 0.65625 7
1732434009479 0.625 9
1732434013732 0.5 11
1732434014918 0.65625 13
1732434018417 0.59375 15
1732434021573 0.625 17
1732434021936 0.625 19
1732434027110 0.625 21
1732434027853 0.5625 23
1732434033259 0.625 25
1732434033439 0.59375 27
1732434039658 0.5625 29
1732434039852 0.59375 31
1732434043062 0.5625 33
1732434043243 0.6875 35
1732434047597 0.5625 37
1732434047758 0.6875 39
1732434052845 0.5625 41
1732434053027 0.625 43
1732434057581 0.5625 45
1732434057775 0.59375 47
1732434063146 0.5625 49
1732434063366 0.59375 51
1732434067743 0.625 53
1732434068013 0.699999988079071 55
1732434090760 0.5625 57
1732434091230 0.53125 59
1732434097051 0.59375 61
1732434097270 0.5625 63
1732434101160 0.59375 65
1732434101702 0.65625 67
1732434106688 0.5625 69
1732434107865 0.625 71
1732434112445 0.59375 73
1732434112700 0.59375 75
1732434116507 0.59375 77
1732434116705 0.6875 79
1732434119475 0.5625 81
1732434120902 0.65625 83
1732434123611 0.625 85
1732434123820 0.71875 87
1732434129782 0.53125 89
1732434129964 0.71875 91
1732434134608 0.625 93
1732434134805 0.59375 95
1732434138754 0.59375 97
1732434138942 0.59375 99
1732434143393 0.5625 101
1732434143582 0.5625 103
1732434147251 0.65625 105
1732434148571 0.5625 107
1732434153080 0.59375 109
1732434153235 0.6000000238418579 111
1732434175438 0.6875 113
1732434175644 0.59375 115
1732434180866 0.5625 117
1732434181067 0.65625 119
1732434186808 0.625 121
1732434187019 0.5625 123
1732434192389 0.5625 125
1732434192615 0.625 127
1732434197153 0.59375 129
1732434197369 0.59375 131
1732434201245 0.53125 133
1732434201456 0.5625 135
1732434205698 0.59375 137
1732434205928 0.59375 139
1732434210287 0.625 141
1732434210477 0.71875 143
1732434214679 0.59375 145
1732434214874 0.59375 147
1732434219524 0.59375 149
1732434219725 0.71875 151
1732434223444 0.53125 153
1732434223634 0.59375 155
1732434229445 0.59375 157
1732434229654 0.625 159
1732434233368 0.59375 161
1732434233562 0.65625 163
1732434236778 0.625 165
1732434236938 0.5333333611488342 167
1732434260548 0.5625 169
1732434260760 0.625 171
1732434267299 0.65625 173
1732434267548 0.6875 175
1732434272380 0.65625 177
1732434272648 0.5625 179
1732434276424 0.5625 181
1732434276648 0.5625 183
1732434283728 0.59375 185
1732434283975 0.5625 187
1732434289305 0.71875 189
1732434289542 0.625 191
1732434295616 0.5625 193
1732434295849 0.65625 195
1732434300555 0.65625 197
1732434300781 0.59375 199
1732434304425 0.59375 201
1732434304649 0.625 203
1732434308828 0.71875 205
1732434309051 0.59375 207
1732434314550 0.59375 209
1732434314794 0.625 211
1732434319400 0.5625 213
1732434319690 0.625 215
1732434324497 0.6875 217
1732434324712 0.5625 219
1732434327929 0.59375 221
1732434328148 0.5333333611488342 223
