1732434364926 1.28271484375 0
1732434365263 12.655442237854004 1
1732434365387 16.004257202148438 2
1732434365556 38.335121154785156 3
1732434371180 59.07068634033203 4
1732434371291 41.821815490722656 5
1732434371399 14.44050407409668 6
1732434371500 49.477684020996094 7
1732434375537 9.393291473388672 8
1732434375645 44.9241828918457 9
1732434375757 16.92862319946289 10
1732434376119 6.70121955871582 11
1732434379909 10.773395538330078 12
1732434380017 10.136177062988281 13
1732434380163 7.636257171630859 14
1732434381954 8.929595947265625 15
1732434384597 15.37607192993164 16
1732434384694 16.714439392089844 17
1732434384797 2.7717342376708984 18
1732434386668 8.103069305419922 19
1732434389071 7.202110767364502 20
1732434389162 5.542241096496582 21
1732434389258 6.887339115142822 22
1732434392681 3.2584781646728516 23
1732434393061 6.0581865310668945 24
1732434393143 5.766931533813477 25
1732434393223 8.12592887878418 26
1732434396442 4.988439083099365 27
1732434398541 6.8130927085876465 28
1732434398626 2.896921157836914 29
1732434398711 3.6237921714782715 30
1732434401475 3.1607580184936523 31
