1732386646286 0.0 1
1732386646757 0.0 3
1732386648814 0.0 5
1732386649980 0.0 7
1732386651899 0.0 9
1732386652492 0.0 11
1732386654885 0.0 13
1732386655419 0.0 15
1732386658018 0.0 17
1732386658471 0.0 19
1732386660203 0.0 21
1732386660711 0.0 23
1732386662732 0.0 25
1732386663174 0.0 27
1732386666421 0.0 29
1732386666934 0.0 31
1732386668963 0.0 33
1732386669536 0.0 35
1732386672035 0.0 37
1732386672479 0.0 39
1732386675137 0.0 41
1732386675770 0.0 43
1732386679172 0.0 45
1732386679716 0.0 47
1732386682635 0.0 49
1732386683209 0.0 51
1732386685969 0.0 53
1732386686427 0.0 55
1732386688614 0.0 57
1732386689037 0.0 59
1732386690895 0.0 61
1732386691211 0.0 63
1732386693161 0.0 65
1732386693524 0.0 67
1732386695023 0.0 69
1732386695396 0.0 71
1732386696741 0.0 73
1732386697352 0.0 75
1732386697964 0.0 77
1732386706518 0.0 77
1732386706549 0.0 77
1732386709288 1.0 79
1732386709893 1.0 81
1732386711513 1.0 83
1732386712017 1.0 85
1732386713525 1.0 87
1732386714028 1.0 89
1732386715974 1.0 91
1732386716427 1.0 93
1732386717797 1.0 95
1732386718234 1.0 97
1732386720150 1.0 99
1732386720639 1.0 101
1732386722384 1.0 103
1732386722789 1.0 105
1732386724058 1.0 107
