1732386645689 1.389230489730835 0
1732386646230 1.3322439193725586 0
1732386646513 1.3112565279006958 0
1732386646714 1.1186699867248535 0
1732386648254 1.3686683177947998 0
1732386648707 1.4936683177947998 0
1732386649775 1.3686683177947998 0
1732386649940 1.4311683177947998 0
1732386651625 1.4311683177947998 0
1732386651853 1.5561683177947998 0
1732386652153 1.4311683177947998 0
1732386652429 1.4311683177947998 0
1732386654059 1.6186683177947998 0
1732386654845 1.5561683177947998 0
1732386654999 1.3061681985855103 0
1732386655301 1.4936683177947998 0
1732386657023 1.4311683177947998 0
1732386657972 1.4311683177947998 0
1732386658213 1.5561683177947998 0
1732386658407 1.6186683177947998 0
1732386659391 1.5561683177947998 0
1732386660163 1.5561683177947998 0
1732386660323 1.6811683177947998 0
1732386660579 1.4936683177947998 0
1732386661992 1.2436683177947998 0
1732386662689 1.3061683177947998 0
1732386662849 1.1811683177947998 0
1732386663119 1.4936683177947998 0
1732386664251 1.3686683177947998 0
1732386666343 1.3686683177947998 0
1732386666596 1.4936683177947998 0
1732386666871 1.5561683177947998 0
1732386667562 1.4936683177947998 0
1732386668893 1.3061683177947998 0
1732386669165 1.4936683177947998 0
1732386669480 1.2436683177947998 0
1732386670591 1.6186683177947998 0
1732386671970 1.3686683177947998 0
1732386672207 1.3686683177947998 0
1732386672424 1.4936683177947998 0
1732386673954 1.3686683177947998 0
1732386675096 1.5561683177947998 0
1732386675380 1.3686683177947998 0
1732386675696 1.6186683177947998 0
1732386677061 1.3061683177947998 0
1732386679116 1.3686683177947998 0
1732386679340 1.3686683177947998 0
1732386679635 1.4311683177947998 0
1732386680469 1.5561683177947998 0
1732386682565 1.4936683177947998 0
1732386682866 1.5561683177947998 0
1732386683139 1.4311683177947998 0
1732386683714 1.4936683177947998 0
1732386685889 1.4936683177947998 0
1732386686158 1.4311683177947998 0
1732386686368 1.4311683177947998 0
1732386687372 1.4311683177947998 0
1732386688550 1.2436683177947998 0
1732386688729 1.5561683177947998 0
1732386688939 1.4311683177947998 0
1732386689826 1.4311683177947998 0
1732386690856 1.4936683177947998 0
1732386690994 1.4311683177947998 0
1732386691169 1.6186683177947998 0
1732386692042 1.6186683177947998 0
1732386693123 1.0561683177947998 0
1732386693274 1.5561683177947998 0
1732386693478 1.4311683177947998 0
1732386694034 1.7436683177947998 0
1732386694982 1.4936683177947998 0
1732386695205 1.2436683177947998 0
1732386695355 1.4936683177947998 0
1732386695993 1.6186683177947998 0
1732386696698 1.4311683177947998 0
1732386697170 1.3686683177947998 0
1732386697311 1.3061683177947998 0
1732386697578 1.6186683177947998 0
1732386697909 1.3686683177947998 0
1732386709068 1.3686683177947998 0
1732386709247 1.6186683177947998 0
1732386709509 1.5561683177947998 0
1732386709851 1.5561683177947998 0
1732386711308 1.5561683177947998 0
1732386711461 1.4936683177947998 0
1732386711701 1.3061683177947998 0
1732386711972 1.5561683177947998 0
1732386713254 1.3686683177947998 0
1732386713485 1.2436683177947998 0
1732386713719 1.3061683177947998 0
1732386713983 1.4311683177947998 0
1732386715779 1.3061681985855103 0
1732386715934 1.3061683177947998 0
1732386716113 1.4311683177947998 0
1732386716380 1.6186683177947998 0
1732386717615 1.3061683177947998 0
1732386717757 1.3686683177947998 0
1732386717947 1.4311683177947998 0
1732386718193 1.1186683177947998 0
1732386719886 1.5561683177947998 0
1732386720095 1.4936683177947998 0
1732386720353 1.5561683177947998 0
1732386720597 1.3686683177947998 0
1732386722187 1.3686683177947998 0
1732386722343 1.3686683177947998 0
1732386722512 1.3686683177947998 0
1732386722746 1.4936683177947998 0
1732386723881 1.4936683177947998 0
1732386724019 1.4311683177947998 0
1732386724183 1.4936683177947998 0
