1732386646286 0.0 1
1732386646757 0.0 3
1732386648814 0.46875 5
1732386649980 0.515625 7
1732386651899 0.59375 9
1732386652492 0.65625 11
1732386654885 0.59375 13
1732386655419 0.625 15
1732386658018 0.65625 17
1732386658471 0.5625 19
1732386660203 0.59375 21
1732386660711 0.625 23
1732386662732 0.71875 25
1732386663174 0.625 27
1732386666421 0.6875 29
1732386666934 0.59375 31
1732386668963 0.71875 33
1732386669536 0.75 35
1732386672035 0.6875 37
1732386672479 0.625 39
1732386675137 0.59375 41
1732386675770 0.5625 43
1732386679172 0.6875 45
1732386679716 0.65625 47
1732386682635 0.625 49
1732386683209 0.65625 51
1732386685969 0.625 53
1732386686427 0.65625 55
1732386688614 0.75 57
1732386689037 0.65625 59
1732386690895 0.625 61
1732386691211 0.5625 63
1732386693161 0.84375 65
1732386693524 0.65625 67
1732386695023 0.625 69
1732386695396 0.625 71
1732386696741 0.65625 73
1732386697352 0.71875 75
1732386697964 0.6875 77
1732386706549 1.0930128021733573e-43 77
1732386709288 0.5625 79
1732386709893 0.59375 81
1732386711513 0.625 83
1732386712017 0.59375 85
1732386713525 0.75 87
1732386714028 0.65625 89
1732386715974 0.71875 91
1732386716427 0.5625 93
1732386717797 0.6875 95
1732386718234 0.8125 97
1732386720150 0.625 99
1732386720639 0.6875 101
1732386722384 0.6875 103
1732386722789 0.625 105
1732386724058 0.65625 107
