1732385328440 1.392573595046997 0
1732385328799 1.5099906921386719 0
1732385328947 1.5133333206176758 0
1732385329065 1.443056344985962 0
1732385329936 1.3855621814727783 0
1732385330384 1.4262572526931763 0
1732385330529 1.4391114711761475 0
1732385330655 1.4010096788406372 0
1732385331450 1.342939019203186 0
1732385331732 1.4071831703186035 0
1732385331864 1.382828950881958 0
1732385331995 1.4057271480560303 0
1732385332762 1.412480115890503 0
1732385333328 1.29451322555542 0
1732385333476 1.4664303064346313 0
1732385333609 1.5306334495544434 0
1732385334084 1.5424952507019043 0
1732385334762 1.5030620098114014 0
1732385334910 1.3553193807601929 0
1732385335046 1.3446170091629028 0
1732385335511 1.4362401962280273 0
1732385336157 1.3198401927947998 0
1732385336297 1.3544549942016602 0
1732385336411 1.4049854278564453 0
1732385336876 1.3414334058761597 0
1732385337847 1.3169848918914795 0
1732385337988 1.2109565734863281 0
1732385338114 1.3648518323898315 0
1732385338247 1.3061370849609375 0
1732385339239 1.3061683177947998 0
1732385339381 1.5561683177947998 0
1732385339516 1.2436683177947998 0
1732385339700 1.4936683177947998 0
1732385340655 1.6186683177947998 0
1732385340793 1.4936683177947998 0
1732385340911 1.2436683177947998 0
1732385341068 1.5561683177947998 0
1732385341847 1.4936683177947998 0
1732385341976 1.4936683177947998 0
1732385342106 1.4936683177947998 0
1732385342319 1.6186683177947998 0
1732385343050 1.4936683177947998 0
1732385343164 1.4936683177947998 0
1732385343267 1.3061683177947998 0
1732385344038 1.3686683177947998 0
1732385344478 1.3686683177947998 0
1732385344591 1.5561683177947998 0
1732385344704 1.6186683177947998 0
1732385345278 1.5561683177947998 0
1732385346017 1.2436683177947998 0
1732385346143 1.4311683177947998 0
1732385346243 1.4936683177947998 0
1732385346674 1.3686683177947998 0
1732385347356 1.6811683177947998 0
1732385347487 1.3061683177947998 0
1732385347586 1.2436683177947998 0
1732385348018 1.4936683177947998 0
1732385348620 1.6186683177947998 0
1732385348751 1.3686683177947998 0
1732385348854 1.3686683177947998 0
1732385349319 1.4311683177947998 0
1732385350020 1.3686683177947998 0
1732385350158 1.3686683177947998 0
1732385350290 1.4311683177947998 0
1732385350607 1.3686683177947998 0
1732385351516 1.4311683177947998 0
1732385351645 1.5561683177947998 0
1732385351774 1.6811683177947998 0
1732385351917 1.3061683177947998 0
1732385352918 1.4311683177947998 0
1732385353033 1.6186683177947998 0
1732385353164 1.3686683177947998 0
1732385353346 1.5561683177947998 0
1732385354172 1.4311683177947998 0
1732385354286 1.4936683177947998 0
1732385354397 1.3686683177947998 0
1732385354791 1.3686683177947998 0
1732385354874 1.2436683177947998 0
