1732385328829 0.0 1
1732385329097 0.0 3
1732385330414 0.0 5
1732385330687 0.0 7
1732385331762 0.0 9
1732385332027 0.0 11
1732385333358 0.0 13
1732385333643 0.0 15
1732385334791 0.0 17
1732385335078 0.0 19
1732385336191 0.0 21
1732385336442 0.0 23
1732385337877 0.0 25
1732385338144 0.0 27
1732385339269 0.109375 29
1732385339547 0.125 31
1732385340685 0.234375 33
1732385340941 0.578125 35
1732385341882 0.5625 37
1732385342137 0.625 39
1732385343082 0.625 41
1732385343299 0.71875 43
1732385344508 0.6875 45
1732385344734 0.5625 47
1732385346049 0.75 49
1732385346273 0.625 51
1732385347387 0.53125 53
1732385347617 0.75 55
1732385348651 0.5625 57
1732385348885 0.6875 59
1732385350052 0.6875 61
1732385350327 0.65625 63
1732385351547 0.65625 65
1732385351808 0.53125 67
1732385352948 0.65625 69
1732385353196 0.6875 71
1732385354203 0.65625 73
1732385354427 0.6875 75
1732385354907 0.75 77
1732385360350 1.0930128021733573e-43 77
