1732385823827 0.0 1
1732385824103 0.0 3
1732385825131 0.0 5
1732385825389 0.0 7
1732385826541 0.0 9
1732385826801 0.0 11
1732385827859 0.0 13
1732385828289 0.0 15
1732385829351 0.0 17
1732385829627 0.0 19
1732385830476 0.0 21
1732385830874 0.0 23
1732385831822 0.0 25
1732385832268 0.0 27
1732385833149 0.0 29
1732385833491 0.0 31
1732385834556 0.0 33
1732385834880 0.0 35
1732385835918 0.0 37
1732385836359 0.0 39
1732385837382 0.0 41
1732385837805 0.0 43
1732385838678 0.0 45
1732385839358 0.0 47
1732385840079 0.0 49
1732385840758 0.0 51
1732385841376 0.0 53
1732385842010 0.0 55
1732385842917 0.0 57
1732385843556 0.0 59
1732385844373 0.0 61
1732385844962 0.0 63
1732385845675 0.0 65
1732385846345 0.0 67
1732385846848 0.0 69
1732385847760 0.0 71
1732385848282 0.0 73
1732385849157 0.0 75
1732385849536 0.0 77
1732385854942 0.0 77
1732385854971 0.0 77
