1732385823571 1.3853585720062256 0
1732385823795 1.2666610479354858 0
1732385823942 1.3686683177947998 0
1732385824071 1.4311683177947998 0
1732385824966 1.2436683177947998 0
1732385825099 1.3061683177947998 0
1732385825238 1.5561683177947998 0
1732385825358 1.7436683177947998 0
1732385826398 1.3686683177947998 0
1732385826510 1.4311683177947998 0
1732385826649 1.4936683177947998 0
1732385826771 1.4311683177947998 0
1732385827715 1.3686683177947998 0
1732385827828 1.3686683177947998 0
1732385827971 1.6811683177947998 0
1732385828255 1.4936683177947998 0
1732385829182 1.3686683177947998 0
1732385829320 1.6186681985855103 0
1732385829464 1.4311683177947998 0
1732385829596 1.2436683177947998 0
1732385830340 1.5561683177947998 0
1732385830445 1.4936683177947998 0
1732385830559 1.4311683177947998 0
1732385830842 1.4936683177947998 0
1732385831647 1.5561683177947998 0
1732385831791 1.6811683177947998 0
1732385831908 1.6186683177947998 0
1732385832239 1.4311683177947998 0
1732385832841 1.4936683177947998 0
1732385833115 1.4311683177947998 0
1732385833237 1.3061683177947998 0
1732385833460 1.3686681985855103 0
1732385834171 1.5561683177947998 0
1732385834527 1.5561683177947998 0
1732385834653 1.4936683177947998 0
1732385834851 1.5561683177947998 0
1732385835519 1.5561683177947998 0
1732385835888 1.4311683177947998 0
1732385836010 1.4936683177947998 0
1732385836330 1.6811681985855103 0
1732385836836 1.6811683177947998 0
1732385837353 1.5561683177947998 0
1732385837466 1.3686683177947998 0
1732385837776 1.3686683177947998 0
1732385838527 1.4936683177947998 0
1732385838647 1.4311683177947998 0
1732385838762 1.3686683177947998 0
1732385839325 1.4936683177947998 0
1732385839934 1.4311683177947998 0
1732385840049 1.3686683177947998 0
1732385840158 1.4936683177947998 0
1732385840730 1.6186683177947998 0
1732385841226 1.2436683177947998 0
1732385841344 1.5561683177947998 0
1732385841463 1.3686683177947998 0
1732385841980 1.3061683177947998 0
1732385842774 1.5561683177947998 0
1732385842886 1.6186683177947998 0
1732385843003 1.5561681985855103 0
1732385843528 1.5561683177947998 0
1732385844236 1.4936683177947998 0
1732385844342 1.4311683177947998 0
1732385844457 1.3061683177947998 0
1732385844933 1.3686683177947998 0
1732385845536 1.4936683177947998 0
1732385845645 1.6186683177947998 0
1732385845763 1.4311683177947998 0
1732385846316 1.4936683177947998 0
1732385846681 1.4311683177947998 0
1732385846819 1.6186683177947998 0
1732385846935 1.5561683177947998 0
1732385847731 1.3686683177947998 0
1732385848003 1.5561683177947998 0
1732385848253 1.5561683177947998 0
1732385848364 1.5561683177947998 0
1732385849129 1.4311683177947998 0
1732385849423 1.5561683177947998 0
1732385849502 1.6186683177947998 0
