1732385823827 0.0 1
1732385824103 0.65625 3
1732385825131 0.71875 5
1732385825389 0.5 7
1732385826541 0.65625 9
1732385826801 0.65625 11
1732385827859 0.6875 13
1732385828289 0.625 15
1732385829351 0.5625 17
1732385829627 0.75 19
1732385830476 0.625 21
1732385830874 0.625 23
1732385831822 0.53125 25
1732385832268 0.65625 27
1732385833149 0.65625 29
1732385833491 0.6875 31
1732385834556 0.59375 33
1732385834880 0.59375 35
1732385835918 0.65625 37
1732385836359 0.53125 39
1732385837382 0.59375 41
1732385837805 0.6875 43
1732385838678 0.65625 45
1732385839358 0.625 47
1732385840079 0.6875 49
1732385840758 0.5625 51
1732385841376 0.59375 53
1732385842010 0.71875 55
1732385842917 0.5625 57
1732385843556 0.59375 59
1732385844373 0.65625 61
1732385844962 0.6875 63
1732385845675 0.5625 65
1732385846345 0.625 67
1732385846848 0.5625 69
1732385847760 0.6875 71
1732385848282 0.59375 73
1732385849157 0.65625 75
1732385849536 0.5625 77
1732385854971 1.0930128021733573e-43 77
