1732430814171 0.0 1
1732430814278 0.0 3
1732430814476 0.0 5
1732430814565 0.0 7
1732430814883 0.0 9
1732430814971 0.0 11
1732430815247 0.0 13
1732430815345 0.0 15
1732430815617 0.0 17
1732430815711 0.0 19
1732430815994 0.0 21
1732430816090 0.0 23
1732430816330 0.0 25
1732430816425 0.0 27
1732430816692 0.0 29
1732430816780 0.0 31
1732430817008 0.0 33
1732430817103 0.0 35
1732430817353 0.0 37
1732430817448 0.0 39
1732430817738 0.0 41
1732430817830 0.0 43
1732430818085 0.0 45
1732430818178 0.0 47
1732430818470 0.0 49
1732430818562 0.0 51
1732430818837 0.0 53
1732430818968 0.0 55
1732430820301 0.0 55
