1732430813985 1.386687994003296 0
1732430814160 1.3228341341018677 1
1732430814212 1.3061683177947998 2
1732430814263 1.3061683177947998 3
1732430814419 1.2436683177947998 4
1732430814467 1.3061683177947998 5
1732430814512 1.4311683177947998 6
1732430814553 1.5561683177947998 7
1732430814760 1.1811683177947998 8
1732430814871 1.3061683177947998 9
1732430814917 1.3061683177947998 10
1732430814958 0.9311683177947998 11
1732430815121 1.3686683177947998 12
1732430815231 1.3686683177947998 13
1732430815285 1.3686683177947998 14
1732430815334 1.3686683177947998 15
1732430815478 1.3061683177947998 16
1732430815603 1.2436683177947998 17
1732430815653 1.2436683177947998 18
1732430815698 1.4936683177947998 19
1732430815825 1.3061683177947998 20
1732430815984 1.3061683177947998 21
1732430816032 1.3061683177947998 22
1732430816074 1.4311683177947998 23
1732430816184 1.5561683177947998 24
1732430816315 1.4311683177947998 25
1732430816365 1.3061683177947998 26
1732430816410 1.1186683177947998 27
1732430816573 1.3686683177947998 28
1732430816677 1.1811683177947998 29
1732430816726 1.1186683177947998 30
1732430816767 1.4936683177947998 31
1732430816924 1.3686683177947998 32
1732430816995 1.3686683177947998 33
1732430817046 1.6186683177947998 34
1732430817091 1.1811683177947998 35
1732430817247 1.5561683177947998 36
1732430817344 1.2436683177947998 37
1732430817392 1.3061683177947998 38
1732430817434 1.3686683177947998 39
1732430817612 1.4936683177947998 40
1732430817721 1.1811683177947998 41
1732430817774 1.3061683177947998 42
1732430817818 1.4311683177947998 43
1732430817998 1.3686683177947998 44
1732430818071 1.3061683177947998 45
1732430818119 1.1811683177947998 46
1732430818165 1.4936683177947998 47
1732430818368 1.2436683177947998 48
1732430818455 1.2436683177947998 49
1732430818505 1.2436683177947998 50
1732430818548 1.4936683177947998 51
1732430818735 1.3061683177947998 52
1732430818817 1.1186683177947998 53
1732430818876 1.3061683177947998 54
1732430818936 1.2103350162506104 55
