1732430814171 0.0 1
1732430814278 0.71875 3
1732430814476 0.71875 5
1732430814565 0.59375 7
1732430814883 0.71875 9
1732430814971 0.90625 11
1732430815247 0.6875 13
1732430815345 0.6875 15
1732430815617 0.75 17
1732430815711 0.625 19
1732430815994 0.71875 21
1732430816090 0.65625 23
1732430816330 0.65625 25
1732430816425 0.8125 27
1732430816692 0.78125 29
1732430816780 0.625 31
1732430817008 0.6875 33
1732430817103 0.78125 35
1732430817353 0.75 37
1732430817448 0.6875 39
1732430817738 0.78125 41
1732430817830 0.65625 43
1732430818085 0.71875 45
1732430818178 0.625 47
1732430818470 0.75 49
1732430818562 0.625 51
1732430818837 0.8125 53
1732430818968 0.7666666507720947 55
