1732439753643 0.0 3
1732439753922 0.0 7
1732439754290 0.0 11
1732439754703 0.0 15
1732439755079 0.0 19
1732439755516 0.0 23
1732439755890 0.0 27
1732439756261 0.0 31
1732439756618 0.0 35
1732439757019 0.0 39
1732439757413 0.0 43
1732439757794 0.0 47
1732439758235 0.0 51
1732439758724 0.0 55
1732439760300 0.0 55
1732439760326 0.0 55
1732439761146 1.0 59
1732439761548 1.0 63
1732439761916 1.0 67
1732439762302 1.0 71
1732439762692 1.0 75
1732439763085 1.0 79
1732439763497 1.0 83
1732439763884 1.0 87
1732439764280 1.0 91
1732439764690 1.0 95
1732439765083 1.0 99
1732439765454 1.0 103
1732439765871 1.0 107
1732439766295 1.0 111
1732439767841 1.0 111
1732439767867 1.0 111
1732439768631 2.0 115
1732439769032 2.0 119
1732439769477 2.0 123
1732439769834 2.0 127
1732439770254 2.0 131
1732439770641 2.0 135
1732439771009 2.0 139
1732439771354 2.0 143
1732439771799 2.0 147
1732439772258 2.0 151
1732439772612 2.0 155
1732439773014 2.0 159
1732439773416 2.0 163
1732439773818 2.0 167
1732439775341 2.0 167
1732439775365 2.0 167
1732439776013 3.0 171
1732439776414 3.0 175
1732439776848 3.0 179
1732439777229 3.0 183
1732439777604 3.0 187
1732439778039 3.0 191
1732439778409 3.0 195
1732439778799 3.0 199
1732439779222 3.0 203
1732439779639 3.0 207
1732439780059 3.0 211
1732439780452 3.0 215
1732439780909 3.0 219
1732439781302 3.0 223
1732439782857 3.0 223
1732439782882 3.0 223
1732439783521 4.0 227
1732439783898 4.0 231
1732439784385 4.0 235
1732439784768 4.0 239
1732439785202 4.0 243
1732439785664 4.0 247
1732439786123 4.0 251
1732439786574 4.0 255
1732439786965 4.0 259
1732439787397 4.0 263
1732439787775 4.0 267
1732439788132 4.0 271
1732439788703 4.0 275
1732439789048 4.0 279
1732439790693 4.0 279
1732439790718 4.0 279
1732439791363 5.0 283
1732439791803 5.0 287
1732439792174 5.0 291
1732439792548 5.0 295
1732439792928 5.0 299
1732439793360 5.0 303
1732439793785 5.0 307
1732439794192 5.0 311
1732439794645 5.0 315
1732439795048 5.0 319
1732439795451 5.0 323
1732439795873 5.0 327
1732439796285 5.0 331
1732439796671 5.0 335
1732439798165 5.0 335
1732439798192 5.0 335
1732439798991 6.0 339
1732439799436 6.0 343
1732439799849 6.0 347
1732439800249 6.0 351
1732439800693 6.0 355
1732439801133 6.0 359
1732439801504 6.0 363
1732439801913 6.0 367
1732439802313 6.0 371
1732439802725 6.0 375
1732439803190 6.0 379
1732439803617 6.0 383
1732439803997 6.0 387
1732439804359 6.0 391
1732439805806 6.0 391
1732439805836 6.0 391
1732439806588 7.0 395
1732439806962 7.0 399
1732439807367 7.0 403
1732439807789 7.0 407
1732439808224 7.0 411
1732439808645 7.0 415
1732439809092 7.0 419
1732439809471 7.0 423
1732439809871 7.0 427
1732439810301 7.0 431
1732439810726 7.0 435
1732439811141 7.0 439
1732439811515 7.0 443
1732439811915 7.0 447
1732439813424 7.0 447
1732439813449 7.0 447
1732439814142 8.0 451
1732439814611 8.0 455
1732439815047 8.0 459
1732439815441 8.0 463
1732439815875 8.0 467
1732439816199 8.0 471
1732439816600 8.0 475
1732439817020 8.0 479
1732439817471 8.0 483
1732439817867 8.0 487
1732439818253 8.0 491
1732439818698 8.0 495
1732439819116 8.0 499
1732439819542 8.0 503
1732439821062 8.0 503
1732439821089 8.0 503
1732439821703 9.0 507
1732439822159 9.0 511
1732439822654 9.0 515
1732439823053 9.0 519
1732439823446 9.0 523
1732439823911 9.0 527
1732439824288 9.0 531
1732439824670 9.0 535
1732439825097 9.0 539
1732439825494 9.0 543
1732439825939 9.0 547
1732439826337 9.0 551
