1732439752865 1.3816397190093994 0
1732439753275 1.2684667110443115 1
1732439753475 1.3059614896774292 2
1732439753626 1.4936619997024536 3
1732439753700 1.3686683177947998 4
1732439753759 1.2436683177947998 5
1732439753830 1.3061683177947998 6
1732439753906 1.1811683177947998 7
1732439754088 1.4311683177947998 8
1732439754152 1.3686683177947998 9
1732439754209 1.4311683177947998 10
1732439754272 1.0561683177947998 11
1732439754506 1.3061683177947998 12
1732439754569 1.3061683177947998 13
1732439754624 1.3061681985855103 14
1732439754687 1.2436683177947998 15
1732439754894 1.3686683177947998 16
1732439754957 1.3686683177947998 17
1732439755010 1.2436683177947998 18
1732439755067 1.2436683177947998 19
1732439755256 1.3686683177947998 20
1732439755382 1.3061683177947998 21
1732439755439 1.1811683177947998 22
1732439755501 1.3061683177947998 23
1732439755646 1.3686683177947998 24
1732439755755 1.4936683177947998 25
1732439755810 1.2436683177947998 26
1732439755876 1.1811683177947998 27
1732439756027 1.3686683177947998 28
1732439756133 1.3061683177947998 29
1732439756188 1.3061683177947998 30
1732439756248 1.2436683177947998 31
1732439756403 1.3686683177947998 32
1732439756498 1.4311683177947998 33
1732439756554 1.3686683177947998 34
1732439756606 1.4936683177947998 35
1732439756739 1.5561683177947998 36
1732439756887 1.3686683177947998 37
1732439756940 1.3686683177947998 38
1732439757002 1.1811683177947998 39
1732439757150 1.3061683177947998 40
1732439757294 1.4936683177947998 41
1732439757344 1.4311683177947998 42
1732439757396 1.3061683177947998 43
1732439757566 1.1811683177947998 44
1732439757674 1.1186683177947998 45
1732439757731 1.4936683177947998 46
1732439757780 1.3686683177947998 47
1732439757990 1.5561683177947998 48
1732439758105 1.1811683177947998 49
1732439758158 1.4311683177947998 50
1732439758216 1.3061683177947998 51
1732439758388 1.4936683177947998 52
1732439758529 1.1186683177947998 53
1732439758583 1.1811683177947998 54
1732439758680 1.4103350639343262 55
1732439760945 1.2436683177947998 0
1732439761012 1.1811683177947998 1
1732439761075 1.3061683177947998 2
1732439761134 1.4311683177947998 3
1732439761259 1.3061683177947998 4
1732439761325 1.2436683177947998 5
1732439761476 1.3686683177947998 6
1732439761534 1.4311683177947998 7
1732439761646 1.3061683177947998 8
1732439761713 1.3686683177947998 9
1732439761844 1.4936683177947998 10
1732439761900 1.0561683177947998 11
1732439762077 1.3686683177947998 12
1732439762158 1.4311683177947998 13
1732439762235 1.3686683177947998 14
1732439762287 1.3686683177947998 15
1732439762484 1.2436683177947998 16
1732439762572 1.3061683177947998 17
1732439762625 1.1186683177947998 18
1732439762675 1.3686681985855103 19
1732439762898 1.1186683177947998 20
1732439762970 1.3686683177947998 21
1732439763025 1.3061683177947998 22
1732439763073 1.3686683177947998 23
1732439763281 1.4311683177947998 24
1732439763352 1.3686683177947998 25
1732439763427 1.4311683177947998 26
1732439763477 1.3686683177947998 27
1732439763663 1.3686683177947998 28
1732439763753 1.3686683177947998 29
1732439763823 1.2436683177947998 30
1732439763871 1.4311683177947998 31
1732439764068 1.5561683177947998 32
1732439764160 1.3061683177947998 33
1732439764221 1.3686683177947998 34
1732439764268 1.3061683177947998 35
1732439764424 1.4936683177947998 36
1732439764562 1.4936683177947998 37
1732439764621 1.4311683177947998 38
1732439764670 1.1811683177947998 39
1732439764887 1.0561683177947998 40
1732439764962 1.4311683177947998 41
1732439765019 1.4311683177947998 42
1732439765071 1.3061683177947998 43
1732439765281 1.1811683177947998 44
1732439765342 1.1811683177947998 45
1732439765392 1.2436683177947998 46
1732439765442 1.3061683177947998 47
1732439765700 1.2436683177947998 48
1732439765760 1.3061683177947998 49
1732439765811 1.3686683177947998 50
1732439765860 1.1811683177947998 51
1732439766078 1.3061683177947998 52
1732439766132 1.6186683177947998 53
1732439766231 1.3061683177947998 54
1732439766283 1.2103350162506104 55
1732439768430 1.3686683177947998 0
1732439768493 1.3061683177947998 1
1732439768555 1.4311683177947998 2
1732439768615 1.4311683177947998 3
1732439768851 1.4311683177947998 4
1732439768909 1.3061683177947998 5
1732439768963 1.0561683177947998 6
1732439769020 1.4936683177947998 7
1732439769290 1.3061683177947998 8
1732439769345 1.3686683177947998 9
1732439769410 1.3061683177947998 10
1732439769461 1.3686683177947998 11
1732439769650 1.4311683177947998 12
1732439769705 1.3686683177947998 13
1732439769758 1.2436683177947998 14
1732439769822 1.2436683177947998 15
1732439770068 1.3061683177947998 16
1732439770124 1.1811683177947998 17
1732439770180 1.1811683177947998 18
1732439770237 1.0561683177947998 19
1732439770456 1.3061683177947998 20
1732439770511 1.4936683177947998 21
1732439770568 1.3686683177947998 22
1732439770630 1.0561683177947998 23
1732439770811 1.5561683177947998 24
1732439770874 1.4311683177947998 25
1732439770930 1.4311683177947998 26
1732439770995 1.2436683177947998 27
1732439771182 1.4936683177947998 28
1732439771232 1.3686683177947998 29
1732439771283 1.3061683177947998 30
1732439771343 1.4936683177947998 31
1732439771569 1.2436683177947998 32
1732439771627 1.2436683177947998 33
1732439771744 1.4311683177947998 34
1732439771786 1.3061683177947998 35
1732439771982 1.4936683177947998 36
1732439772036 1.2436683177947998 37
1732439772185 1.1186683177947998 38
1732439772240 1.3686683177947998 39
1732439772364 1.4936683177947998 40
1732439772419 1.1811683177947998 41
1732439772545 1.2436683177947998 42
1732439772597 1.3061683177947998 43
1732439772759 1.3061683177947998 44
1732439772814 1.4311683177947998 45
1732439772942 1.1186683177947998 46
1732439772999 1.3061683177947998 47
1732439773191 1.3686683177947998 48
1732439773247 1.3686683177947998 49
1732439773346 1.3061683177947998 50
1732439773398 1.1811683177947998 51
1732439773526 1.4311683177947998 52
1732439773584 1.3686681985855103 53
1732439773749 1.3686683177947998 54
1732439773805 1.3436682224273682 55
1732439775814 1.2436683177947998 0
1732439775889 1.1811683177947998 1
1732439775944 1.3061683177947998 2
1732439776002 1.1186683177947998 3
1732439776172 1.1186683177947998 4
1732439776291 1.4936683177947998 5
1732439776345 1.4936683177947998 6
1732439776396 1.1811683177947998 7
1732439776575 1.3686683177947998 8
1732439776722 1.1186683177947998 9
1732439776779 1.4311683177947998 10
1732439776831 1.2436683177947998 11
1732439776934 1.4311683177947998 12
1732439777111 1.3061683177947998 13
1732439777166 1.2436683177947998 14
1732439777214 1.3686683177947998 15
1732439777350 1.4936683177947998 16
1732439777483 1.3061683177947998 17
1732439777539 1.4936683177947998 18
1732439777591 1.4936683177947998 19
1732439777722 1.3061683177947998 20
1732439777869 1.4311683177947998 21
1732439777924 1.3061683177947998 22
1732439778026 1.1186683177947998 23
1732439778084 1.5561683177947998 24
1732439778286 1.1811683177947998 25
1732439778343 1.3061683177947998 26
1732439778397 1.3686683177947998 27
1732439778540 1.1811683177947998 28
1732439778648 1.4311683177947998 29
1732439778714 1.4311683177947998 30
1732439778788 1.2436683177947998 31
1732439778928 1.1186683177947998 32
1732439779026 1.3061683177947998 33
1732439779135 1.2436683177947998 34
1732439779208 1.3686683177947998 35
1732439779312 1.3061683177947998 36
1732439779476 1.3061683177947998 37
1732439779529 1.1811683177947998 38
1732439779625 1.6186683177947998 39
1732439779689 1.3061683177947998 40
1732439779853 1.2436683177947998 41
1732439779977 1.3686683177947998 42
1732439780046 1.2436683177947998 43
1732439780100 1.4936683177947998 44
1732439780225 1.5561683177947998 45
1732439780356 1.4311683177947998 46
1732439780440 1.3686683177947998 47
1732439780494 1.3061683177947998 48
1732439780683 1.2436683177947998 49
1732439780820 1.2436683177947998 50
1732439780892 1.2436683177947998 51
1732439780959 1.5561683177947998 52
1732439781019 1.6186683177947998 53
1732439781238 1.1186683177947998 54
1732439781287 1.2103350162506104 55
1732439783343 1.3686683177947998 0
1732439783395 1.2436683177947998 1
1732439783448 1.3061683177947998 2
1732439783505 1.1811683177947998 3
1732439783720 1.2436683177947998 4
1732439783777 1.3686683177947998 5
1732439783827 1.2436683177947998 6
1732439783877 1.3061683177947998 7
1732439784199 1.2436683177947998 8
1732439784254 1.3061683177947998 9
1732439784309 1.4936683177947998 10
1732439784373 1.0561683177947998 11
1732439784589 1.4311683177947998 12
1732439784642 1.3686683177947998 13
1732439784696 1.3061683177947998 14
1732439784751 1.3686683177947998 15
1732439785032 1.2436683177947998 16
1732439785087 1.2436683177947998 17
1732439785137 1.3686683177947998 18
1732439785190 1.4311683177947998 19
1732439785483 1.3686683177947998 20
1732439785537 1.2436683177947998 21
1732439785587 1.3686683177947998 22
1732439785650 1.2436683177947998 23
1732439785920 1.4936683177947998 24
1732439785978 1.4311683177947998 25
1732439786040 1.3686683177947998 26
1732439786109 1.3686683177947998 27
1732439786319 1.3686683177947998 28
1732439786377 1.2436683177947998 29
1732439786449 1.3061683177947998 30
1732439786529 1.3061683177947998 31
1732439786760 1.3686683177947998 32
1732439786820 1.4936683177947998 33
1732439786886 1.3061683177947998 34
1732439786953 1.3061683177947998 35
1732439787189 1.3686683177947998 36
1732439787251 1.3061683177947998 37
1732439787313 1.0561683177947998 38
1732439787380 1.5561683177947998 39
1732439787576 1.6811683177947998 40
1732439787635 1.3061683177947998 41
1732439787693 1.2436683177947998 42
1732439787763 1.3686683177947998 43
1732439787942 1.4936683177947998 44
1732439787997 1.3686683177947998 45
1732439788053 1.3061683177947998 46
1732439788121 1.3686683177947998 47
1732439788447 1.1186683177947998 48
1732439788516 1.3061683177947998 49
1732439788629 1.2436683177947998 50
1732439788690 1.3686683177947998 51
1732439788847 1.0561683177947998 52
1732439788911 1.3686683177947998 53
1732439788981 1.4311683177947998 54
1732439789036 1.2770017385482788 55
1732439791189 1.2436683177947998 0
1732439791241 1.2436683177947998 1
1732439791293 1.6186683177947998 2
1732439791350 1.3061683177947998 3
1732439791623 1.2436683177947998 4
1732439791677 1.6186683177947998 5
1732439791728 1.4936683177947998 6
1732439791791 1.3061683177947998 7
1732439792001 1.3686683177947998 8
1732439792056 1.4936683177947998 9
1732439792106 1.3061683177947998 10
1732439792161 1.3686683177947998 11
1732439792365 1.3061683177947998 12
1732439792425 1.3686683177947998 13
1732439792481 1.2436683177947998 14
1732439792537 1.4936683177947998 15
1732439792747 1.3061683177947998 16
1732439792804 1.4311683177947998 17
1732439792861 1.4936683177947998 18
1732439792912 1.3061683177947998 19
1732439793175 1.3061683177947998 20
1732439793230 1.1811683177947998 21
1732439793284 1.3061683177947998 22
1732439793347 1.2436683177947998 23
1732439793599 1.3061683177947998 24
1732439793658 1.2436683177947998 25
1732439793712 1.2436683177947998 26
1732439793771 1.3686683177947998 27
1732439794016 0.993668258190155 28
1732439794074 1.3686683177947998 29
1732439794122 1.2436683177947998 30
1732439794179 1.4311683177947998 31
1732439794449 1.1186683177947998 32
1732439794507 1.0561683177947998 33
1732439794571 1.3686683177947998 34
1732439794628 1.1811683177947998 35
1732439794836 1.3686683177947998 36
1732439794895 1.3061683177947998 37
1732439794961 1.3061683177947998 38
1732439795030 1.1186683177947998 39
1732439795231 1.5561683177947998 40
1732439795289 1.3686683177947998 41
1732439795346 1.6186683177947998 42
1732439795432 1.3686683177947998 43
1732439795641 1.3686683177947998 44
1732439795701 1.3061683177947998 45
1732439795756 1.5561683177947998 46
1732439795859 1.2436683177947998 47
1732439796045 1.1186683177947998 48
1732439796100 1.3061683177947998 49
1732439796159 1.3061683177947998 50
1732439796270 1.3686683177947998 51
1732439796410 1.4311683177947998 52
1732439796472 1.2436683177947998 53
1732439796537 1.3061683177947998 54
1732439796658 1.2103348970413208 55
1732439798790 1.4311683177947998 0
1732439798856 1.3686683177947998 1
1732439798917 1.2436683177947998 2
1732439798978 1.3686683177947998 3
1732439799239 1.4311683177947998 4
1732439799303 1.3686683177947998 5
1732439799362 1.1811683177947998 6
1732439799424 1.2436683177947998 7
1732439799667 1.2436683177947998 8
1732439799724 1.3061683177947998 9
1732439799775 1.1811683177947998 10
1732439799836 1.2436683177947998 11
1732439800075 1.1186683177947998 12
1732439800138 1.1186683177947998 13
1732439800185 1.3061683177947998 14
1732439800235 1.4936681985855103 15
1732439800476 1.3686683177947998 16
1732439800567 1.2436683177947998 17
1732439800622 1.3061683177947998 18
1732439800680 1.4311683177947998 19
1732439800904 1.3061683177947998 20
1732439801004 1.0561683177947998 21
1732439801062 1.3061683177947998 22
1732439801121 1.3686683177947998 23
1732439801324 1.3686683177947998 24
1732439801386 1.3686683177947998 25
1732439801439 1.3061683177947998 26
1732439801492 1.3686683177947998 27
1732439801731 1.3686683177947998 28
1732439801789 1.2436683177947998 29
1732439801839 1.3686683177947998 30
1732439801901 1.4936683177947998 31
1732439802098 1.5561683177947998 32
1732439802192 1.4311683177947998 33
1732439802243 1.3686683177947998 34
1732439802300 1.3061683177947998 35
1732439802504 1.4311683177947998 36
1732439802608 1.3061683177947998 37
1732439802659 1.3686683177947998 38
1732439802713 1.3686683177947998 39
1732439802896 1.3686683177947998 40
1732439803045 1.1811683177947998 41
1732439803109 1.3061683177947998 42
1732439803170 1.4311683177947998 43
1732439803250 1.4311683177947998 44
1732439803473 1.1811683177947998 45
1732439803545 1.3686683177947998 46
1732439803604 1.1811683177947998 47
1732439803662 1.6811683177947998 48
1732439803857 1.0561683177947998 49
1732439803914 1.6186683177947998 50
1732439803980 1.1186683177947998 51
1732439804042 1.4936683177947998 52
1732439804225 1.3686683177947998 53
1732439804284 1.1811683177947998 54
1732439804349 1.2770016193389893 55
1732439806393 1.3061683177947998 0
1732439806453 1.1811683177947998 1
1732439806512 1.1811683177947998 2
1732439806576 1.4311683177947998 3
1732439806791 1.3686683177947998 4
1732439806847 1.3686683177947998 5
1732439806897 1.2436683177947998 6
1732439806951 1.3061683177947998 7
1732439807159 1.0561683177947998 8
1732439807251 1.3061683177947998 9
1732439807303 1.3061683177947998 10
1732439807352 1.3686683177947998 11
1732439807554 1.3686683177947998 12
1732439807662 1.3686683177947998 13
1732439807715 1.4311683177947998 14
1732439807764 1.3061683177947998 15
1732439807943 1.3686683177947998 16
1732439808108 1.3061683177947998 17
1732439808163 1.1811683177947998 18
1732439808210 1.3061683177947998 19
1732439808369 1.3686683177947998 20
1732439808525 1.3061683177947998 21
1732439808582 1.3686683177947998 22
1732439808633 1.3686683177947998 23
1732439808814 1.2436683177947998 24
1732439808966 1.1811683177947998 25
1732439809020 1.4311683177947998 26
1732439809072 1.4311683177947998 27
1732439809244 1.2436683177947998 28
1732439809352 1.4311683177947998 29
1732439809405 1.3686683177947998 30
1732439809459 1.4936683177947998 31
1732439809692 1.1811683177947998 32
1732439809753 1.5561683177947998 33
1732439809805 1.3686683177947998 34
1732439809859 1.2436683177947998 35
1732439810115 1.3686683177947998 36
1732439810179 1.3686683177947998 37
1732439810235 1.3061683177947998 38
1732439810288 1.4936683177947998 39
1732439810472 1.5561683177947998 40
1732439810597 1.2436683177947998 41
1732439810657 1.3061683177947998 42
1732439810710 1.4311683177947998 43
1732439810928 1.4311681985855103 44
1732439811022 1.3686683177947998 45
1732439811068 1.3686683177947998 46
1732439811128 1.2436683177947998 47
1732439811288 1.3061683177947998 48
1732439811391 1.4311683177947998 49
1732439811447 1.0561683177947998 50
1732439811499 1.3061683177947998 51
1732439811703 1.3061683177947998 52
1732439811775 1.1811683177947998 53
1732439811827 1.3686683177947998 54
1732439811898 1.2103350162506104 55
1732439813951 1.1811683177947998 0
1732439814011 1.2436683177947998 1
1732439814069 1.3061683177947998 2
1732439814128 1.3061683177947998 3
1732439814413 1.1811683177947998 4
1732439814471 1.3061683177947998 5
1732439814528 1.6186683177947998 6
1732439814597 1.3061683177947998 7
1732439814790 1.1811683177947998 8
1732439814908 1.1186683177947998 9
1732439814973 1.4936683177947998 10
1732439815033 1.4311683177947998 11
1732439815143 1.1811683177947998 12
1732439815311 1.4311683177947998 13
1732439815371 1.3061683177947998 14
1732439815427 1.4311683177947998 15
1732439815562 1.4311683177947998 16
1732439815738 1.1186683177947998 17
1732439815796 1.5561683177947998 18
1732439815856 1.2436683177947998 19
1732439815951 1.2436683177947998 20
1732439816089 1.3686683177947998 21
1732439816138 1.1186683177947998 22
1732439816187 1.1811683177947998 23
1732439816313 1.4311683177947998 24
1732439816478 1.3686683177947998 25
1732439816534 1.1811683177947998 26
1732439816588 1.4936683177947998 27
1732439816740 1.2436683177947998 28
1732439816891 1.6186683177947998 29
1732439816949 1.3061683177947998 30
1732439817003 1.3061683177947998 31
1732439817113 1.4311683177947998 32
1732439817338 1.3686683177947998 33
1732439817396 1.3686683177947998 34
1732439817456 1.1811683177947998 35
1732439817517 1.4936683177947998 36
1732439817734 1.1811683177947998 37
1732439817792 1.3686683177947998 38
1732439817849 1.2436683177947998 39
1732439817920 1.4311683177947998 40
1732439818120 1.3686683177947998 41
1732439818180 1.4936683177947998 42
1732439818236 1.3686683177947998 43
1732439818304 1.5561683177947998 44
1732439818566 1.3061683177947998 45
1732439818627 1.0561683177947998 46
1732439818684 1.3686683177947998 47
1732439818748 1.3686683177947998 48
1732439818985 1.4311683177947998 49
1732439819046 1.1186683177947998 50
1732439819103 1.4311683177947998 51
1732439819164 1.2436683177947998 52
1732439819404 1.2436683177947998 53
1732439819470 1.3061681985855103 54
1732439819531 1.3436683416366577 55
1732439821539 1.3686683177947998 0
1732439821591 1.4311683177947998 1
1732439821642 1.2436683177947998 2
1732439821692 1.5561683177947998 3
1732439821994 1.3061683177947998 4
1732439822047 1.3686683177947998 5
1732439822098 1.3686683177947998 6
1732439822147 1.2436683177947998 7
1732439822453 1.2436683177947998 8
1732439822510 1.4311683177947998 9
1732439822575 1.3686683177947998 10
1732439822639 1.2436683177947998 11
1732439822861 1.3686683177947998 12
1732439822920 1.4936683177947998 13
1732439822977 1.2436683177947998 14
1732439823037 1.3686683177947998 15
1732439823244 1.3061683177947998 16
1732439823306 1.2436683177947998 17
1732439823372 1.4311683177947998 18
1732439823434 1.3686683177947998 19
1732439823710 1.3686683177947998 20
1732439823772 1.3061683177947998 21
1732439823843 1.2436683177947998 22
1732439823897 1.1186683177947998 23
1732439824090 1.3686683177947998 24
1732439824149 1.1186683177947998 25
1732439824221 1.4936683177947998 26
1732439824276 1.3061683177947998 27
1732439824490 1.1811683177947998 28
1732439824551 1.2436683177947998 29
1732439824608 1.4936683177947998 30
1732439824657 1.3061683177947998 31
1732439824889 1.6186681985855103 32
1732439824945 1.2436683177947998 33
1732439825001 1.3061683177947998 34
1732439825069 1.0561683177947998 35
1732439825317 1.4311683177947998 36
1732439825365 1.4311683177947998 37
1732439825424 1.3686683177947998 38
1732439825483 1.3686683177947998 39
1732439825753 1.0561683177947998 40
1732439825808 1.1811683177947998 41
1732439825864 1.1811683177947998 42
1732439825926 1.4311683177947998 43
1732439826148 1.4936683177947998 44
1732439826208 1.3061683177947998 45
1732439826270 1.3061683177947998 46
1732439826325 1.5561683177947998 47
