1732439753643 0.0 3
1732439753922 0.140625 7
1732439754290 0.171875 11
1732439754703 0.125 15
1732439755079 0.125 19
1732439755516 0.109375 23
1732439755890 0.140625 27
1732439756261 0.125 31
1732439756618 0.0625 35
1732439757019 0.140625 39
1732439757413 0.109375 43
1732439757794 0.09375 47
1732439758235 0.109375 51
1732439758724 0.0833333358168602 55
1732439761146 0.078125 59
1732439761548 0.078125 63
1732439761916 0.171875 67
1732439762302 0.09375 71
1732439762692 0.09375 75
1732439763085 0.09375 79
1732439763497 0.09375 83
1732439763884 0.078125 87
1732439764280 0.109375 91
1732439764690 0.140625 95
1732439765083 0.109375 99
1732439765454 0.109375 103
1732439765871 0.140625 107
1732439766295 0.13333334028720856 111
1732439768631 0.078125 115
1732439769032 0.0625 119
1732439769477 0.09375 123
1732439769834 0.125 127
1732439770254 0.171875 131
1732439770641 0.171875 135
1732439771009 0.125 139
1732439771354 0.0625 143
1732439771799 0.109375 147
1732439772258 0.09375 151
1732439772612 0.109375 155
1732439773014 0.109375 159
1732439773416 0.140625 163
1732439773818 0.10000000149011612 167
1732439776013 0.15625 171
1732439776414 0.140625 175
1732439776848 0.125 179
1732439777229 0.09375 183
1732439777604 0.0625 187
1732439778039 0.15625 191
1732439778409 0.09375 195
1732439778799 0.125 199
1732439779222 0.09375 203
1732439779639 0.03125 207
1732439780059 0.125 211
1732439780452 0.09375 215
1732439780909 0.125 219
1732439781302 0.13333334028720856 223
1732439783521 0.140625 227
1732439783898 0.109375 231
1732439784385 0.171875 235
1732439784768 0.09375 239
1732439785202 0.078125 243
1732439785664 0.125 247
1732439786123 0.09375 251
1732439786574 0.109375 255
1732439786965 0.109375 259
1732439787397 0.046875 263
1732439787775 0.09375 267
1732439788132 0.09375 271
1732439788703 0.09375 275
1732439789048 0.11666666716337204 279
1732439791363 0.109375 283
1732439791803 0.109375 287
1732439792174 0.09375 291
1732439792548 0.0625 295
1732439792928 0.109375 299
1732439793360 0.125 303
1732439793785 0.09375 307
1732439794192 0.078125 311
1732439794645 0.140625 315
1732439795048 0.15625 319
1732439795451 0.09375 323
1732439795873 0.125 327
1732439796285 0.09375 331
1732439796671 0.13333334028720856 335
1732439798991 0.09375 339
1732439799436 0.125 343
1732439799849 0.125 347
1732439800249 0.0625 351
1732439800693 0.078125 355
1732439801133 0.09375 359
1732439801504 0.09375 363
1732439801913 0.0625 367
1732439802313 0.109375 371
1732439802725 0.09375 375
1732439803190 0.078125 379
1732439803617 0.140625 383
1732439803997 0.15625 387
1732439804359 0.11666666716337204 391
1732439806588 0.078125 395
1732439806962 0.109375 399
1732439807367 0.09375 403
1732439807789 0.109375 407
1732439808224 0.109375 411
1732439808645 0.09375 415
1732439809092 0.078125 419
1732439809471 0.0625 423
1732439809871 0.125 427
1732439810301 0.0625 431
1732439810726 0.078125 435
1732439811141 0.125 439
1732439811515 0.109375 443
1732439811915 0.13333334028720856 447
1732439814142 0.109375 451
1732439814611 0.109375 455
1732439815047 0.078125 459
1732439815441 0.078125 463
1732439815875 0.125 467
1732439816199 0.140625 471
1732439816600 0.0625 475
1732439817020 0.109375 479
1732439817471 0.140625 483
1732439817867 0.125 487
1732439818253 0.09375 491
1732439818698 0.09375 495
1732439819116 0.078125 499
1732439819542 0.10000000149011612 503
1732439821703 0.046875 507
1732439822159 0.125 511
1732439822654 0.125 515
1732439823053 0.09375 519
1732439823446 0.09375 523
1732439823911 0.15625 527
1732439824288 0.109375 531
1732439824670 0.109375 535
1732439825097 0.171875 539
1732439825494 0.09375 543
1732439825939 0.078125 547
1732439826337 0.046875 551
