1732431140694 0.0 1
1732431140806 0.0 3
1732431141025 0.0 5
1732431141125 0.0 7
1732431141399 0.0 9
1732431141502 0.0 11
1732431141745 0.0 13
1732431141842 0.0 15
1732431142136 0.0 17
1732431142243 0.0 19
1732431142493 0.0 21
1732431142596 0.0 23
1732431142857 0.0 25
1732431142957 0.0 27
1732431143260 0.0 29
1732431143357 0.0 31
1732431143659 0.0 33
1732431143756 0.0 35
1732431144048 0.0 37
1732431144145 0.0 39
1732431144351 0.0 41
1732431144452 0.0 43
1732431144669 0.0 45
1732431144756 0.0 47
1732431145068 0.0 49
1732431145164 0.0 51
1732431145483 0.0 53
1732431145610 0.0 55
1732431146946 0.0 55
