1732431140506 1.4258273839950562 0
1732431140681 1.3014373779296875 1
1732431140737 1.3686683177947998 2
1732431140793 1.3686683177947998 3
1732431140964 1.1186683177947998 4
1732431141012 1.4311683177947998 5
1732431141062 1.2436683177947998 6
1732431141113 1.3061683177947998 7
1732431141334 1.4311683177947998 8
1732431141386 1.4311683177947998 9
1732431141442 1.1186683177947998 10
1732431141488 1.4936683177947998 11
1732431141688 1.3061683177947998 12
1732431141734 1.3686683177947998 13
1732431141780 1.3061683177947998 14
1732431141829 1.4936683177947998 15
1732431142007 1.3061683177947998 16
1732431142122 1.4311683177947998 17
1732431142174 1.4936683177947998 18
1732431142228 1.3061683177947998 19
1732431142350 1.4311683177947998 20
1732431142479 1.4311683177947998 21
1732431142532 1.4936683177947998 22
1732431142581 1.1186683177947998 23
1732431142745 1.1811683177947998 24
1732431142847 1.2436683177947998 25
1732431142895 1.2436683177947998 26
1732431142945 1.2436683177947998 27
1732431143104 1.3686683177947998 28
1732431143248 1.3686683177947998 29
1732431143298 1.4936683177947998 30
1732431143344 1.1186683177947998 31
1732431143497 1.2436683177947998 32
1732431143645 0.9311683177947998 33
1732431143697 1.3686683177947998 34
1732431143742 1.5561683177947998 35
1732431143840 1.4936683177947998 36
1732431144036 1.5561683177947998 37
1732431144084 1.2436683177947998 38
1732431144132 1.3061683177947998 39
1732431144205 1.3686683177947998 40
1732431144340 1.5561683177947998 41
1732431144390 1.2436683177947998 42
1732431144438 1.4311683177947998 43
1732431144603 1.1186683177947998 44
1732431144657 1.2436683177947998 45
1732431144705 1.2436683177947998 46
1732431144746 1.2436683177947998 47
1732431144957 1.1186683177947998 48
1732431145058 1.4936683177947998 49
1732431145104 1.4311683177947998 50
1732431145153 1.2436681985855103 51
1732431145295 1.3686683177947998 52
1732431145473 1.2436683177947998 53
1732431145516 1.4311683177947998 54
1732431145579 1.3436683416366577 55
