1732431140694 0.0 1
1732431140806 0.6875 3
1732431141025 0.65625 5
1732431141125 0.71875 7
1732431141399 0.65625 9
1732431141502 0.625 11
1732431141745 0.6875 13
1732431141842 0.625 15
1732431142136 0.65625 17
1732431142243 0.71875 19
1732431142493 0.65625 21
1732431142596 0.8125 23
1732431142857 0.75 25
1732431142957 0.75 27
1732431143260 0.6875 29
1732431143357 0.8125 31
1732431143659 0.90625 33
1732431143756 0.59375 35
1732431144048 0.59375 37
1732431144145 0.71875 39
1732431144351 0.59375 41
1732431144452 0.65625 43
1732431144669 0.75 45
1732431144756 0.75 47
1732431145068 0.625 49
1732431145164 0.75 51
1732431145483 0.75 53
1732431145610 0.699999988079071 55
