1732462801977 0.0 9
1732462802233 0.0 19
1732462803021 0.0 23
1732462803188 1.0 29
1732462803448 1.0 39
1732462803698 1.0 47
1732462803768 2.0 49
1732462804025 2.0 59
1732462804284 2.0 69
1732462804386 2.0 71
1732462804608 3.0 79
1732462804864 3.0 89
1732462805074 3.0 95
1732462805198 4.0 99
1732462805459 4.0 109
1732462805715 4.0 119
1732462805771 4.0 119
1732462806045 5.0 129
1732462806303 5.0 139
1732462806452 5.0 143
1732462806622 6.0 149
1732462806887 6.0 159
1732462807126 6.0 167
1732462807190 7.0 169
1732462807433 7.0 179
1732462807744 7.0 189
1732462807856 7.0 191
1732462808090 8.0 199
1732462808342 8.0 209
1732462808545 8.0 215
1732462808667 9.0 219
1732462808932 9.0 229
1732462809187 9.0 239
1732462809241 9.0 239
1732462809517 10.0 249
1732462809774 10.0 259
1732462809926 10.0 263
1732462810096 11.0 269
1732462810355 11.0 279
1732462810624 11.0 287
1732462810695 12.0 289
1732462810967 12.0 299
1732462811256 12.0 309
1732462811364 12.0 311
1732462811588 13.0 319
1732462811853 13.0 329
1732462812056 13.0 335
1732462812186 14.0 339
1732462812451 14.0 349
1732462812720 14.0 359
1732462812780 14.0 359
1732462813070 15.0 369
1732462813336 15.0 379
1732462813492 15.0 383
1732462813669 16.0 389
1732462813956 16.0 399
1732462814211 16.0 407
1732462814308 17.0 409
1732462814562 17.0 419
1732462814817 17.0 429
1732462814922 17.0 431
1732462815142 18.0 439
1732462815395 18.0 449
1732462815597 18.0 455
1732462815717 19.0 459
1732462815975 19.0 469
1732462816234 19.0 479
1732462816289 19.0 479
1732462816571 20.0 489
1732462816869 20.0 499
1732462817031 20.0 503
1732462817201 21.0 509
1732462817455 21.0 519
1732462817733 21.0 527
1732462817807 22.0 529
1732462818079 22.0 539
1732462818335 22.0 549
1732462818447 22.0 551
1732462818693 23.0 559
1732462818959 23.0 569
1732462819163 23.0 575
1732462819289 24.0 579
1732462819574 24.0 589
1732462819829 24.0 599
1732462819883 24.0 599
1732462820177 25.0 609
1732462820454 25.0 619
1732462820610 25.0 623
1732462820806 26.0 629
1732462821121 26.0 639
1732462821427 26.0 647
1732462821495 27.0 649
1732462821754 27.0 659
1732462822020 27.0 669
1732462822123 27.0 671
1732462822341 28.0 679
1732462822596 28.0 689
1732462822795 28.0 695
1732462822912 29.0 699
1732462823167 29.0 709
1732462823417 29.0 719
1732462823472 29.0 719
1732462823745 30.0 729
1732462823997 30.0 739
1732462824150 30.0 743
1732462824318 31.0 749
1732462824571 31.0 759
1732462824832 31.0 767
1732462824902 32.0 769
1732462825159 32.0 779
1732462825409 32.0 789
1732462825513 32.0 791
1732462825737 33.0 799
1732462825994 33.0 809
1732462826197 33.0 815
1732462826315 34.0 819
1732462826572 34.0 829
1732462826829 34.0 839
1732462826884 34.0 839
1732462827185 35.0 849
1732462827530 35.0 859
1732462827693 35.0 863
1732462827867 36.0 869
1732462828126 36.0 879
1732462828382 36.0 887
1732462828451 37.0 889
1732462828710 37.0 899
1732462828966 37.0 909
1732462829073 37.0 911
1732462829299 38.0 919
1732462829563 38.0 929
1732462829777 38.0 935
1732462829899 39.0 939
1732462830149 39.0 949
1732462830403 39.0 959
1732462830458 39.0 959
1732462830756 40.0 969
1732462831030 40.0 979
1732462831185 40.0 983
1732462831355 41.0 989
1732462831634 41.0 999
1732462831910 41.0 1007
1732462831978 42.0 1009
1732462832241 42.0 1019
1732462832528 42.0 1029
1732462832637 42.0 1031
1732462832856 43.0 1039
1732462833137 43.0 1049
1732462833368 43.0 1055
1732462833489 44.0 1059
1732462833772 44.0 1069
1732462834048 44.0 1079
1732462834105 44.0 1079
1732462834403 45.0 1089
1732462834678 45.0 1099
1732462834849 45.0 1103
1732462835034 46.0 1109
1732462835296 46.0 1119
1732462835587 46.0 1127
1732462835656 47.0 1129
1732462835932 47.0 1139
1732462836217 47.0 1149
1732462836333 47.0 1151
1732462836571 48.0 1159
1732462836838 48.0 1169
1732462837041 48.0 1175
1732462837181 49.0 1179
1732462837513 49.0 1189
1732462837784 49.0 1199
1732462837839 49.0 1199
