1732462800538 0.1 0
1732462803025 0.1 24
1732462803701 0.1 48
1732462804390 0.1 72
1732462805078 0.1 96
1732462805775 0.010000000000000002 120
1732462806456 0.010000000000000002 144
1732462807129 0.010000000000000002 168
1732462807861 0.0010000000000000002 192
1732462808548 0.0010000000000000002 216
1732462809244 0.0010000000000000002 240
1732462809930 0.00010000000000000003 264
1732462810628 0.00010000000000000003 288
1732462811367 0.00010000000000000003 312
1732462812059 1.0000000000000004e-05 336
1732462812783 1.0000000000000004e-05 360
1732462813495 1.0000000000000004e-05 384
1732462814240 1.0000000000000004e-06 408
1732462814926 1.0000000000000004e-06 432
1732462815600 1.0000000000000004e-06 456
1732462816292 1.0000000000000005e-07 480
1732462817034 1.0000000000000005e-07 504
1732462817737 1.0000000000000005e-07 528
1732462818451 1.0000000000000005e-07 552
1732462819166 1.0000000000000005e-08 576
1732462819887 1.0000000000000005e-08 600
1732462820613 1.0000000000000005e-08 624
1732462821431 1.0000000000000005e-08 648
1732462822127 1.0000000000000005e-08 672
1732462822799 1.0000000000000005e-08 696
1732462823475 1.0000000000000005e-08 720
1732462824154 1.0000000000000005e-08 744
1732462824835 1.0000000000000005e-08 768
1732462825517 1.0000000000000005e-08 792
1732462826201 1.0000000000000005e-08 816
1732462826888 1.0000000000000005e-08 840
1732462827697 1.0000000000000005e-08 864
1732462828385 1.0000000000000005e-08 888
1732462829077 1.0000000000000005e-08 912
1732462829780 1.0000000000000005e-08 936
1732462830461 1.0000000000000005e-08 960
1732462831189 1.0000000000000005e-08 984
1732462831914 1.0000000000000005e-08 1008
1732462832641 1.0000000000000005e-08 1032
1732462833372 1.0000000000000005e-08 1056
1732462834109 1.0000000000000005e-08 1080
1732462834854 1.0000000000000005e-08 1104
1732462835591 1.0000000000000005e-08 1128
1732462836337 1.0000000000000005e-08 1152
1732462837045 1.0000000000000005e-08 1176
