1732462801977 0.265625 9
1732462802233 0.234375 19
1732462803188 0.421875 29
1732462803448 0.15625 39
1732462803768 0.46875 49
1732462804025 0.46875 59
1732462804284 0.375 69
1732462804608 0.375 79
1732462804864 0.53125 89
1732462805198 0.34375 99
1732462805459 0.3125 109
1732462805715 0.15000000596046448 119
1732462806045 0.375 129
1732462806303 0.21875 139
1732462806622 0.5625 149
1732462806887 0.46875 159
1732462807190 0.3125 169
1732462807433 0.375 179
1732462807744 0.40625 189
1732462808090 0.34375 199
1732462808342 0.375 209
1732462808667 0.375 219
1732462808932 0.59375 229
1732462809187 0.30000001192092896 239
1732462809517 0.40625 249
1732462809774 0.15625 259
1732462810096 0.40625 269
1732462810355 0.3125 279
1732462810695 0.34375 289
1732462810967 0.40625 299
1732462811256 0.21875 309
1732462811588 0.5 319
1732462811853 0.3125 329
1732462812186 0.34375 339
1732462812451 0.28125 349
1732462812720 0.15000000596046448 359
1732462813070 0.46875 369
1732462813336 0.3125 379
1732462813669 0.3125 389
1732462813956 0.40625 399
1732462814308 0.3125 409
1732462814562 0.375 419
1732462814817 0.40625 429
1732462815142 0.40625 439
1732462815395 0.28125 449
1732462815717 0.5 459
1732462815975 0.3125 469
1732462816234 0.550000011920929 479
1732462816571 0.5 489
1732462816869 0.625 499
1732462817201 0.375 509
1732462817455 0.25 519
1732462817807 0.1875 529
1732462818079 0.53125 539
1732462818335 0.25 549
1732462818693 0.46875 559
1732462818959 0.34375 569
1732462819289 0.3125 579
1732462819574 0.34375 589
1732462819829 0.6000000238418579 599
1732462820177 0.21875 609
1732462820454 0.25 619
1732462820806 0.3125 629
1732462821121 0.21875 639
1732462821495 0.34375 649
1732462821754 0.40625 659
1732462822020 0.375 669
1732462822341 0.5 679
1732462822596 0.4375 689
1732462822912 0.25 699
1732462823167 0.53125 709
1732462823417 0.25 719
1732462823745 0.4375 729
1732462823997 0.375 739
1732462824318 0.40625 749
1732462824571 0.5 759
1732462824902 0.5 769
1732462825159 0.28125 779
1732462825409 0.375 789
1732462825737 0.34375 799
1732462825994 0.3125 809
1732462826315 0.34375 819
1732462826572 0.15625 829
1732462826829 0.44999998807907104 839
1732462827185 0.3125 849
1732462827530 0.59375 859
1732462827867 0.34375 869
1732462828126 0.40625 879
1732462828451 0.34375 889
1732462828710 0.375 899
1732462828966 0.46875 909
1732462829299 0.46875 919
1732462829563 0.28125 929
1732462829899 0.46875 939
1732462830149 0.28125 949
1732462830403 0.44999998807907104 959
1732462830756 0.3125 969
1732462831030 0.4375 979
1732462831355 0.375 989
1732462831634 0.28125 999
1732462831978 0.15625 1009
1732462832241 0.53125 1019
1732462832528 0.53125 1029
1732462832856 0.59375 1039
1732462833137 0.53125 1049
1732462833489 0.375 1059
1732462833772 0.34375 1069
1732462834048 0.10000000149011612 1079
1732462834403 0.34375 1089
1732462834678 0.5625 1099
1732462835034 0.375 1109
1732462835296 0.375 1119
1732462835656 0.4375 1129
1732462835932 0.28125 1139
1732462836217 0.3125 1149
1732462836571 0.5625 1159
1732462836838 0.375 1169
1732462837181 0.3125 1179
1732462837513 0.34375 1189
1732462837784 0.6499999761581421 1199
