1732462803021 0.0 23
1732462803698 0.0 47
1732462804386 0.0 71
1732462805074 7.006492321624085e-45 95
1732462805771 0.0 119
1732462806452 0.0 143
1732462807126 0.0 167
1732462807856 0.0 191
1732462808545 4.312705993652344 215
1732462809241 0.0 239
1732462809926 0.0 263
1732462810624 0.0 287
1732462811364 0.0 311
1732462812056 0.0 335
1732462812780 7.006492321624085e-45 359
1732462813492 0.0 383
1732462814211 0.0 407
1732462814922 0.0 431
1732462815597 1.4870529412291944e-05 455
1732462816289 6.726232628759122e-43 479
1732462817031 0.0 503
1732462817733 4.312705993652344 527
1732462818447 0.0 551
1732462819163 0.0 575
1732462819883 0.0 599
1732462820610 0.0 623
1732462821427 0.0 647
1732462822123 1.4151024515740573e-05 671
1732462822795 7.006492321624085e-45 695
1732462823472 1.0089348943138683e-42 719
1732462824150 7.006492321624085e-45 743
1732462824832 0.0 767
1732462825513 0.0 791
1732462826197 0.0 815
1732462826884 1.1770907100328463e-42 839
1732462827693 7.006492321624085e-45 863
1732462828382 7.006492321624085e-45 887
1732462829073 0.0 911
1732462829777 7.006492321624085e-45 935
1732462830458 7.006492321624085e-45 959
1732462831185 0.0 983
1732462831910 0.0 1007
1732462832637 0.0 1031
1732462833368 0.0 1055
1732462834105 1.5134023414708024e-42 1079
1732462834849 0.0 1103
1732462835587 0.0 1127
1732462836333 0.0 1151
1732462837041 0.0 1175
1732462837839 0.0 1199
