1732462803021 3.363116314379561e-44 23
1732462803698 6.726232628759122e-44 47
1732462804386 1.0089348943138683e-43 71
1732462805074 1.3452465257518244e-43 95
1732462805771 1.6815581571897805e-43 119
1732462806452 2.0178697886277366e-43 143
1732462807126 0.0 167
1732462807856 2.6904930515036488e-43 191
1732462808545 0.0 215
1732462809241 0.0 239
1732462809926 3.699427945817517e-43 263
1732462810624 4.035739577255473e-43 287
1732462811364 4.372051208693429e-43 311
1732462812056 4.708362840131385e-43 335
1732462812780 5.0446744715693415e-43 359
1732462813492 5.3809861030072976e-43 383
1732462814211 5.717297734445254e-43 407
1732462814922 6.05360936588321e-43 431
1732462815597 1.4870529412291944e-05 455
1732462816289 6.726232628759122e-43 479
1732462817031 7.062544260197078e-43 503
1732462817733 7.398855891635034e-43 527
1732462818447 0.0 551
1732462819163 8.071479154510946e-43 575
1732462819883 8.407790785948902e-43 599
1732462820610 8.744102417386859e-43 623
1732462821427 9.080414048824815e-43 647
1732462822123 9.41672568026277e-43 671
1732462822795 9.753037311700727e-43 695
1732462823472 1.0089348943138683e-42 719
1732462824150 1.0425660574576639e-42 743
1732462824832 6.289699398118461e-19 767
1732462825513 1.1098283837452551e-42 791
1732462826197 1.1434595468890507e-42 815
1732462826884 1.1770907100328463e-42 839
1732462827693 1.210721873176642e-42 863
1732462828382 1.2443530363204376e-42 887
1732462829073 1.2779841994642332e-42 911
1732462829777 7.006492321624085e-45 935
1732462830458 1.3452465257518244e-42 959
1732462831185 1.37887768889562e-42 983
1732462831910 1.4125088520394156e-42 1007
1732462832637 0.0 1031
1732462833368 1.4797711783270068e-42 1055
1732462834105 1.5134023414708024e-42 1079
1732462834849 1.547033504614598e-42 1103
1732462835587 1.5806646677583937e-42 1127
1732462836333 1.6142958309021893e-42 1151
1732462837041 0.0 1175
1732462837839 1.6815581571897805e-42 1199
