1732462803021 0.0 23
1732462803698 7.352191525268882e-25 47
1732462804386 7.006492321624085e-45 71
1732462805074 4.312705993652344 95
1732462805771 5.605193857299268e-45 119
1732462806452 3.1939952256383047e-15 143
1732462807126 0.0 167
1732462807856 0.0 191
1732462808545 7.006492321624085e-45 215
1732462809241 7.006492321624085e-45 239
1732462809926 0.0 263
1732462810624 0.0 287
1732462811364 0.0 311
1732462812056 3.29391800836e-15 335
1732462812780 0.0 359
1732462813492 3.29391800836e-15 383
1732462814211 0.0 407
1732462814922 2.382207389352189e-44 431
1732462815597 7.006492321624085e-45 455
1732462816289 2.6624670822171524e-44 479
1732462817031 7.006492321624085e-45 503
1732462817733 7.006492321624085e-45 527
1732462818447 7.006492321624085e-45 551
1732462819163 0.0 575
1732462819883 0.0 599
1732462820610 0.0 623
1732462821427 7.006492321624085e-45 647
1732462822123 7.006492321624085e-45 671
1732462822795 0.0 695
1732462823472 4.0637655465419695e-44 719
1732462824150 0.0 743
1732462824832 0.0 767
1732462825513 0.0 791
1732462826197 0.0 815
1732462826884 4.764414778704378e-44 839
1732462827693 0.0 863
1732462828382 5.044674471569341e-44 887
1732462829073 0.0 911
1732462829777 7.006492321624085e-45 935
1732462830458 5.465064010866787e-44 959
1732462831185 7.006492321624085e-45 983
1732462831910 0.0 1007
1732462832637 0.0 1031
1732462833368 0.0 1055
1732462834105 6.165713243029195e-44 1079
1732462834849 0.0 1103
1732462835587 0.0 1127
1732462836333 0.0 1151
1732462837041 0.0 1175
1732462837839 6.866362475191604e-44 1199
