1732462801977 1.1103792190551758 9
1732462802233 1.2911983728408813 19
1732462803188 1.315764307975769 29
1732462803448 1.3828701972961426 39
1732462803768 1.266843557357788 49
1732462804025 1.2795898914337158 59
1732462804284 1.3187463283538818 69
1732462804608 1.1876250505447388 79
1732462804864 1.1929179430007935 89
1732462805198 1.232495665550232 99
1732462805459 1.2570010423660278 109
1732462805715 1.238970160484314 119
1732462806045 1.1914396286010742 129
1732462806303 1.515167236328125 139
1732462806622 1.1377233266830444 149
1732462806887 1.2215709686279297 159
1732462807190 1.231605052947998 169
1732462807433 1.3623017072677612 179
1732462807744 1.1289153099060059 189
1732462808090 1.24021577835083 199
1732462808342 1.2575466632843018 209
1732462808667 1.2109510898590088 219
1732462808932 1.182159662246704 229
1732462809187 1.2797249555587769 239
1732462809517 1.252793788909912 249
1732462809774 1.3025376796722412 259
1732462810096 1.3365004062652588 269
1732462810355 1.2817482948303223 279
1732462810695 1.2538964748382568 289
1732462810967 1.1620166301727295 299
1732462811256 1.3214552402496338 309
1732462811588 1.1828447580337524 319
1732462811853 1.169377326965332 329
1732462812186 1.23299241065979 339
1732462812451 1.3167585134506226 349
1732462812720 1.4922044277191162 359
1732462813070 1.0723518133163452 369
1732462813336 1.2571289539337158 379
1732462813669 1.3833421468734741 389
1732462813956 1.3197389841079712 399
1732462814308 1.3970859050750732 409
1732462814562 1.1214056015014648 419
1732462814817 1.2319891452789307 429
1732462815142 1.3227592706680298 439
1732462815395 1.2809648513793945 449
1732462815717 1.0798307657241821 459
1732462815975 1.211064100265503 469
1732462816234 1.3680239915847778 479
1732462816571 1.1836402416229248 489
1732462816869 1.2499016523361206 499
1732462817201 1.3030470609664917 509
1732462817455 1.269106388092041 519
1732462817807 1.322617530822754 529
1732462818079 1.1839698553085327 539
1732462818335 1.1969130039215088 549
1732462818693 1.1415247917175293 559
1732462818959 1.429887056350708 569
1732462819289 1.1958096027374268 579
1732462819574 1.2798618078231812 589
1732462819829 1.011953592300415 599
1732462820177 1.3761608600616455 609
1732462820454 1.3014271259307861 619
1732462820806 1.3624489307403564 629
1732462821121 1.2869009971618652 639
1732462821495 1.2999489307403564 649
1732462821754 1.3271394968032837 659
1732462822020 1.2873402833938599 669
1732462822341 1.2044318914413452 679
1732462822596 1.2308083772659302 689
1732462822912 1.2523415088653564 699
1732462823167 1.1412273645401 709
1732462823417 1.5075962543487549 719
1732462823745 1.274003267288208 729
1732462823997 1.3412585258483887 739
1732462824318 1.3632869720458984 749
1732462824571 1.1073187589645386 759
1732462824902 1.0861737728118896 769
1732462825159 1.4264593124389648 779
1732462825409 1.2237048149108887 789
1732462825737 1.238629698753357 799
1732462825994 1.2062313556671143 809
1732462826315 1.2747770547866821 819
1732462826572 1.2813079357147217 829
1732462826829 1.3363606929779053 839
1732462827185 1.2507858276367188 849
1732462827530 0.9961403012275696 859
1732462827867 1.2892255783081055 869
1732462828126 1.2342041730880737 879
1732462828451 1.224433183670044 889
1732462828710 1.3435747623443604 899
1732462828966 1.417612075805664 909
1732462829299 1.1292911767959595 919
1732462829563 1.2687315940856934 929
1732462829899 1.1522481441497803 939
1732462830149 1.359501600265503 949
1732462830403 1.2899630069732666 959
1732462830756 1.3840463161468506 969
1732462831030 0.9972114562988281 979
1732462831355 1.3030471801757812 989
1732462831634 1.233389973640442 999
1732462831978 1.3713734149932861 1009
1732462832241 1.176568865776062 1019
1732462832528 1.0374177694320679 1029
1732462832856 1.1200369596481323 1039
1732462833137 1.168715476989746 1049
1732462833489 1.237448811531067 1059
1732462833772 1.292095422744751 1069
1732462834048 1.3451554775238037 1079
1732462834403 1.0931354761123657 1089
1732462834678 1.1125584840774536 1099
1732462835034 1.3290249109268188 1109
1732462835296 1.2021074295043945 1119
1732462835656 1.4332414865493774 1129
1732462835932 1.2857978343963623 1139
1732462836217 1.2522962093353271 1149
1732462836571 1.2863465547561646 1159
1732462836838 1.342064380645752 1169
1732462837181 1.1283996105194092 1179
1732462837513 1.2676281929016113 1189
1732462837784 0.9995118975639343 1199
