1732433394045 0.0 1
1732433394748 0.0 3
1732433395125 0.0 5
1732433395551 0.0 7
1732433396198 0.0 9
1732433396541 0.0 11
1732433396984 0.0 13
1732433397244 0.0 15
1732433397675 0.0 17
1732433397921 0.0 19
1732433398485 0.0 21
1732433398765 0.0 23
1732433399306 0.0 25
1732433399757 0.0 27
1732433400073 0.0 29
1732433400431 0.0 31
1732433400693 0.0 33
1732433400936 0.0 35
1732433401444 0.0 37
1732433401718 0.0 39
1732433402169 0.0 41
1732433402449 0.0 43
1732433402892 0.0 45
1732433403139 0.0 47
1732433403497 0.0 49
1732433403735 0.0 51
1732433404099 0.0 53
1732433404393 0.0 55
1732433407660 0.0 55
1732433407704 0.0 55
1732433409992 1.0 57
1732433410594 1.0 59
1732433410847 1.0 61
1732433411404 1.0 63
1732433411657 1.0 65
1732433412302 1.0 67
1732433412569 1.0 69
1732433412860 1.0 71
1732433413613 1.0 73
