1732433393491 1.3728442192077637 0
1732433394021 1.3061683177947998 1
1732433394450 1.3061683177947998 2
1732433394726 1.3686683177947998 3
1732433394980 1.3686683177947998 4
1732433395109 1.2436683177947998 5
1732433395220 1.2436683177947998 6
1732433395524 1.3061683177947998 7
1732433396043 1.4311683177947998 8
1732433396172 1.4936683177947998 9
1732433396295 1.2436683177947998 10
1732433396511 1.7436683177947998 11
1732433396863 1.5561683177947998 12
1732433396963 1.6811683177947998 13
1732433397081 1.7436681985855103 14
1732433397219 1.6186681985855103 15
1732433397543 1.7436683177947998 16
1732433397652 1.6186683177947998 17
1732433397776 1.4936683177947998 18
1732433397897 1.6811683177947998 19
1732433398349 1.5561683177947998 20
1732433398463 1.6186681985855103 21
1732433398590 1.4936683177947998 22
1732433398740 1.6186683177947998 23
1732433398965 1.6186683177947998 24
1732433399274 1.4311683177947998 25
1732433399519 1.6811683177947998 26
1732433399731 1.6811683177947998 27
1732433399952 1.6186683177947998 28
1732433400052 1.5561683177947998 29
1732433400198 1.4936683177947998 30
1732433400405 1.5561683177947998 31
1732433400555 1.6186683177947998 32
1732433400671 1.6186683177947998 33
1732433400789 1.5561683177947998 34
1732433400913 1.4936683177947998 35
1732433401094 1.6186681985855103 36
1732433401416 1.5561681985855103 37
1732433401553 1.6186683177947998 38
1732433401695 1.6186683177947998 39
1732433401855 1.6186683177947998 40
1732433402140 1.6811683177947998 41
1732433402285 1.5561683177947998 42
1732433402425 1.5561681985855103 43
1732433402571 1.5561683177947998 44
1732433402870 1.7436683177947998 45
1732433402987 1.4311683177947998 46
1732433403118 1.5561683177947998 47
1732433403228 1.3686683177947998 48
1732433403472 1.4311683177947998 49
1732433403606 1.5561683177947998 50
1732433403712 1.3686683177947998 51
1732433403838 1.6811683177947998 52
1732433404078 1.6186683177947998 53
1732433404185 1.6811683177947998 54
1732433404342 1.5436683893203735 55
1732433409422 1.6811681985855103 0
1732433409962 1.4311683177947998 1
1732433410352 1.5561683177947998 2
1732433410565 1.6811683177947998 3
1732433410706 1.6186681985855103 4
1732433410817 1.6186683177947998 5
1732433410972 1.4936683177947998 6
1732433411377 1.4311683177947998 7
1732433411517 1.5561683177947998 8
1732433411634 1.7436683177947998 9
1732433411822 1.6811683177947998 10
1732433412274 1.4936683177947998 11
1732433412411 1.7436683177947998 12
1732433412544 1.6811683177947998 13
1732433412726 1.4936683177947998 14
1732433412837 1.6186683177947998 15
1732433413488 1.4311683177947998 16
1732433413591 1.6811683177947998 17
1732433413713 1.6811683177947998 18
