1732433394045 0.71875 1
1732433394748 0.6875 3
1732433395125 0.75 5
1732433395551 0.71875 7
1732433396198 0.625 9
1732433396541 0.3125 11
1732433396984 0.53125 13
1732433397244 0.5625 15
1732433397675 0.5625 17
1732433397921 0.53125 19
1732433398485 0.5625 21
1732433398765 0.5625 23
1732433399306 0.65625 25
1732433399757 0.53125 27
1732433400073 0.59375 29
1732433400431 0.59375 31
1732433400693 0.5625 33
1732433400936 0.625 35
1732433401444 0.59375 37
1732433401718 0.5625 39
1732433402169 0.53125 41
1732433402449 0.59375 43
1732433402892 0.5 45
1732433403139 0.59375 47
1732433403497 0.65625 49
1732433403735 0.6875 51
1732433404099 0.5625 53
1732433404393 0.6000000238418579 55
1732433409992 0.65625 57
1732433410594 0.53125 59
1732433410847 0.5625 61
1732433411404 0.65625 63
1732433411657 0.5 65
1732433412302 0.625 67
1732433412569 0.53125 69
1732433412860 0.5625 71
1732433413613 0.53125 73
