1732449273314 0.0 9
1732449279982 0.0 19
1732449290673 1.0 29
1732449297555 1.0 39
1732449308060 2.0 49
1732449314611 2.0 59
1732449321790 2.0 69
1732449332057 3.0 79
1732449339133 3.0 89
1732449349649 4.0 99
1732449357480 4.0 109
1732449364154 4.0 119
1732449375183 5.0 129
1732449381867 5.0 139
1732449392485 6.0 149
1732449399075 6.0 159
1732449409685 7.0 169
1732449416410 7.0 179
1732449423606 7.0 189
1732449433567 8.0 199
1732449440498 8.0 209
1732449450969 9.0 219
1732449458273 9.0 229
1732449464815 9.0 239
1732449475314 10.0 249
1732449482025 10.0 259
1732449492683 11.0 269
1732449499301 11.0 279
1732449509973 12.0 289
1732449516854 12.0 299
1732449523748 12.0 309
