1732449273314 0.0 9
1732449279982 0.0 19
1732449290673 0.0 29
1732449297555 0.0 39
1732449308060 0.0 49
1732449314611 0.0 59
1732449321790 0.0 69
1732449332057 0.0 79
1732449339133 0.0 89
1732449349649 0.0 99
1732449357480 0.0 109
1732449364154 0.0 119
1732449375183 0.0 129
1732449381867 0.0 139
1732449392485 0.0 149
1732449399075 0.0 159
1732449409685 0.0 169
1732449416410 0.0 179
1732449423606 0.0 189
1732449433567 0.0 199
1732449440498 0.0 209
1732449450969 0.0 219
1732449458273 0.0 229
1732449464815 0.0 239
1732449475314 0.0 249
1732449482025 0.0 259
1732449492683 0.0 269
1732449499301 0.0 279
1732449509973 0.0 289
1732449516854 0.0 299
1732449523748 0.0 309
