1732449273314 1.318818211555481 9
1732449279982 1.414334774017334 19
1732449290673 1.3379236459732056 29
1732449297555 1.3386642932891846 39
1732449308060 1.30296790599823 49
1732449314611 1.3063411712646484 59
1732449321790 1.313072681427002 69
1732449332057 1.4207522869110107 79
1732449339133 1.4004971981048584 89
1732449349649 1.267641544342041 99
1732449357480 1.3847401142120361 109
1732449364154 1.3322805166244507 119
1732449375183 1.3467745780944824 129
1732449381867 1.4154268503189087 139
1732449392485 1.3385361433029175 149
1732449399075 1.3718669414520264 159
1732449409685 1.3242466449737549 169
1732449416410 1.3473173379898071 179
1732449423606 1.3373454809188843 189
1732449433567 1.3663800954818726 199
1732449440498 1.362886905670166 209
1732449450969 1.34423828125 219
1732449458273 1.2991318702697754 229
1732449464815 1.2531155347824097 239
1732449475314 1.2869212627410889 249
1732449482025 1.3545382022857666 259
1732449492683 1.3053152561187744 269
1732449499301 1.3838343620300293 279
1732449509973 1.3217682838439941 289
1732449516854 1.3672188520431519 299
1732449523748 1.3258943557739258 309
