1732385955658 0.0 1
1732385955766 0.0 3
1732385956265 0.0 5
1732385956379 0.0 7
1732385956901 0.0 9
1732385957127 0.0 11
1732385957549 0.0 13
1732385957763 0.0 15
1732385958227 0.0 17
1732385958404 0.0 19
1732385958825 0.0 21
1732385959076 0.0 23
1732385959496 0.0 25
1732385959814 0.0 27
1732385960133 0.0 29
1732385960536 0.0 31
1732385960801 0.0 33
1732385961242 0.0 35
1732385961526 0.0 37
1732385961960 0.0 39
1732385962194 0.0 41
1732385962548 0.0 43
1732385962832 0.0 45
1732385963197 0.0 47
1732385963414 0.0 49
1732385963915 0.0 51
1732385964042 0.0 53
1732385964474 0.0 55
1732385964660 0.0 57
1732385965116 0.0 59
1732385965261 0.0 61
1732385965651 0.0 63
1732385965933 0.0 65
1732385966301 0.0 67
1732385966545 0.0 69
1732385966921 0.0 71
1732385967143 0.0 73
1732385967688 0.0 75
1732385967854 0.0 77
1732385970151 0.0 77
1732385970173 0.0 77
1732385970967 1.0 79
1732385971073 1.0 81
1732385971682 1.0 83
1732385971808 1.0 85
1732385972355 1.0 87
1732385972469 1.0 89
1732385973072 1.0 91
1732385973190 1.0 93
1732385973752 1.0 95
1732385973858 1.0 97
1732385974373 1.0 99
1732385974490 1.0 101
1732385975066 1.0 103
1732385975196 1.0 105
1732385975699 1.0 107
1732385975804 1.0 109
1732385976357 1.0 111
1732385976461 1.0 113
1732385976955 1.0 115
1732385977066 1.0 117
1732385977677 1.0 119
1732385977784 1.0 121
1732385978292 1.0 123
1732385978404 1.0 125
1732385978915 1.0 127
1732385979028 1.0 129
1732385979585 1.0 131
1732385979702 1.0 133
1732385980221 1.0 135
1732385980324 1.0 137
1732385980883 1.0 139
1732385980994 1.0 141
1732385981571 1.0 143
1732385981678 1.0 145
1732385982232 1.0 147
1732385982339 1.0 149
1732385982745 1.0 151
1732385982848 1.0 153
1732385983407 1.0 155
1732385985583 1.0 155
1732385985599 1.0 155
1732385986322 2.0 157
1732385986435 2.0 159
1732385986968 2.0 161
1732385987088 2.0 163
1732385987602 2.0 165
1732385987710 2.0 167
1732385988304 2.0 169
1732385988428 2.0 171
1732385988954 2.0 173
1732385989063 2.0 175
1732385989621 2.0 177
1732385989740 2.0 179
1732385990332 2.0 181
1732385990456 2.0 183
1732385990998 2.0 185
1732385991133 2.0 187
1732385991711 2.0 189
1732385991831 2.0 191
1732385992287 2.0 193
1732385992424 2.0 195
1732385992921 2.0 197
1732385993112 2.0 199
1732385993559 2.0 201
1732385993788 2.0 203
1732385994290 2.0 205
1732385994428 2.0 207
1732385994961 2.0 209
1732385995068 2.0 211
1732385995566 2.0 213
1732385995690 2.0 215
1732385996295 2.0 217
1732385996406 2.0 219
1732385996904 2.0 221
1732385997022 2.0 223
1732385997504 2.0 225
1732385997740 2.0 227
1732385998207 2.0 229
1732385998480 2.0 231
1732385998743 2.0 233
1732386001049 2.0 233
1732386001073 2.0 233
1732386001871 3.0 235
1732386001979 3.0 237
1732386002582 3.0 239
1732386002687 3.0 241
1732386003235 3.0 243
1732386003356 3.0 245
1732386003854 3.0 247
1732386003970 3.0 249
1732386004468 3.0 251
1732386004593 3.0 253
1732386005108 3.0 255
1732386005261 3.0 257
1732386005754 3.0 259
1732386005941 3.0 261
1732386006433 3.0 263
1732386006624 3.0 265
1732386007053 3.0 267
1732386007309 3.0 269
1732386007702 3.0 271
1732386007937 3.0 273
1732386008317 3.0 275
1732386008621 3.0 277
1732386009080 3.0 279
1732386009364 3.0 281
1732386009797 3.0 283
1732386009985 3.0 285
1732386010466 3.0 287
1732386010772 3.0 289
1732386011145 3.0 291
1732386011389 3.0 293
1732386011805 3.0 295
1732386012070 3.0 297
1732386012522 3.0 299
1732386012706 3.0 301
1732386013201 3.0 303
1732386013456 3.0 305
1732386013825 3.0 307
1732386014192 3.0 309
1732386014463 3.0 311
1732386016636 3.0 311
1732386016655 3.0 311
1732386017443 4.0 313
1732386017560 4.0 315
1732386018178 4.0 317
1732386018293 4.0 319
1732386018835 4.0 321
1732386018949 4.0 323
1732386019495 4.0 325
1732386019616 4.0 327
1732386020177 4.0 329
1732386020287 4.0 331
1732386020834 4.0 333
1732386020950 4.0 335
1732386021528 4.0 337
1732386021643 4.0 339
1732386022177 4.0 341
1732386022288 4.0 343
1732386022876 4.0 345
1732386022996 4.0 347
1732386023532 4.0 349
1732386023644 4.0 351
1732386024195 4.0 353
1732386024310 4.0 355
1732386024859 4.0 357
1732386024976 4.0 359
1732386025559 4.0 361
1732386025675 4.0 363
1732386026193 4.0 365
1732386026298 4.0 367
1732386026805 4.0 369
1732386026914 4.0 371
1732386027545 4.0 373
1732386027661 4.0 375
1732386028166 4.0 377
1732386028279 4.0 379
1732386028794 4.0 381
1732386028911 4.0 383
1732386029508 4.0 385
1732386029609 4.0 387
1732386030011 4.0 389
1732386032193 4.0 389
1732386032213 4.0 389
1732386032952 5.0 391
1732386033063 5.0 393
1732386033591 5.0 395
1732386033703 5.0 397
1732386034075 5.0 399
1732386034374 5.0 401
1732386034783 5.0 403
1732386035024 5.0 405
1732386035539 5.0 407
1732386035656 5.0 409
1732386036165 5.0 411
1732386036358 5.0 413
1732386036823 5.0 415
1732386036992 5.0 417
1732386037362 5.0 419
1732386037723 5.0 421
1732386038084 5.0 423
1732386038398 5.0 425
1732386038699 5.0 427
1732386039006 5.0 429
1732386039330 5.0 431
1732386039723 5.0 433
1732386040052 5.0 435
1732386040281 5.0 437
1732386040676 5.0 439
1732386040953 5.0 441
1732386041393 5.0 443
1732386041645 5.0 445
1732386042112 5.0 447
1732386042289 5.0 449
1732386042788 5.0 451
1732386042999 5.0 453
1732386043473 5.0 455
1732386043695 5.0 457
1732386044092 5.0 459
1732386044295 5.0 461
1732386044754 5.0 463
1732386044930 5.0 465
1732386045198 5.0 467
1732386047501 5.0 467
1732386047518 5.0 467
1732386048291 6.0 469
1732386048400 6.0 471
1732386049021 6.0 473
1732386049143 6.0 475
1732386049640 6.0 477
1732386049762 6.0 479
1732386050366 6.0 481
1732386050488 6.0 483
1732386051154 6.0 485
1732386051273 6.0 487
1732386051809 6.0 489
1732386051914 6.0 491
1732386052517 6.0 493
1732386052643 6.0 495
1732386053106 6.0 497
1732386053228 6.0 499
1732386053767 6.0 501
1732386053888 6.0 503
1732386054471 6.0 505
1732386054592 6.0 507
1732386055193 6.0 509
1732386055307 6.0 511
1732386055796 6.0 513
1732386055911 6.0 515
1732386056479 6.0 517
1732386056586 6.0 519
1732386057156 6.0 521
1732386057270 6.0 523
1732386057828 6.0 525
1732386057949 6.0 527
1732386058438 6.0 529
1732386058549 6.0 531
1732386059068 6.0 533
1732386059181 6.0 535
1732386059660 6.0 537
1732386059770 6.0 539
1732386060285 6.0 541
1732386060398 6.0 543
1732386060533 6.0 545
1732386062685 6.0 545
1732386062705 6.0 545
1732386063509 7.0 547
1732386063619 7.0 549
1732386064174 7.0 551
1732386064274 7.0 553
1732386064870 7.0 555
1732386064981 7.0 557
1732386065505 7.0 559
1732386065618 7.0 561
1732386066110 7.0 563
1732386066225 7.0 565
1732386066759 7.0 567
1732386066868 7.0 569
1732386067389 7.0 571
1732386067500 7.0 573
1732386068057 7.0 575
1732386068175 7.0 577
1732386068802 7.0 579
1732386068919 7.0 581
1732386069514 7.0 583
1732386069637 7.0 585
1732386070091 7.0 587
1732386070212 7.0 589
1732386070843 7.0 591
1732386070958 7.0 593
1732386071509 7.0 595
1732386071635 7.0 597
1732386072185 7.0 599
1732386072295 7.0 601
1732386072774 7.0 603
1732386072892 7.0 605
1732386073418 7.0 607
1732386073536 7.0 609
1732386074089 7.0 611
1732386074211 7.0 613
1732386074617 7.0 615
1732386074739 7.0 617
1732386075190 7.0 619
1732386075309 7.0 621
1732386075790 7.0 623
1732386077978 7.0 623
1732386078000 7.0 623
1732386078768 8.0 625
1732386078884 8.0 627
1732386079404 8.0 629
1732386079512 8.0 631
1732386080037 8.0 633
1732386080142 8.0 635
1732386080663 8.0 637
1732386080811 8.0 639
1732386081336 8.0 641
1732386081524 8.0 643
1732386081836 8.0 645
1732386082238 8.0 647
1732386082595 8.0 649
1732386082956 8.0 651
1732386083297 8.0 653
1732386083610 8.0 655
1732386083956 8.0 657
1732386084285 8.0 659
1732386084606 8.0 661
1732386084856 8.0 663
1732386085264 8.0 665
1732386085471 8.0 667
1732386085819 8.0 669
1732386086204 8.0 671
1732386086453 8.0 673
1732386086787 8.0 675
1732386087121 8.0 677
1732386087471 8.0 679
1732386087706 8.0 681
1732386088051 8.0 683
1732386088327 8.0 685
1732386088695 8.0 687
1732386089024 8.0 689
1732386089414 8.0 691
1732386089626 8.0 693
1732386090150 8.0 695
1732386090250 8.0 697
1732386090753 8.0 699
1732386090901 8.0 701
1732386093065 8.0 701
1732386093087 8.0 701
1732386093876 9.0 703
1732386093981 9.0 705
1732386094487 9.0 707
1732386094602 9.0 709
1732386095088 9.0 711
1732386095195 9.0 713
1732386095754 9.0 715
1732386095861 9.0 717
1732386096318 9.0 719
1732386096454 9.0 721
1732386097000 9.0 723
1732386097106 9.0 725
1732386097652 9.0 727
1732386097765 9.0 729
1732386098265 9.0 731
1732386098398 9.0 733
1732386098948 9.0 735
1732386099072 9.0 737
1732386099579 9.0 739
1732386099691 9.0 741
1732386100198 9.0 743
1732386100311 9.0 745
1732386100840 9.0 747
1732386100945 9.0 749
1732386101547 9.0 751
1732386101670 9.0 753
1732386102162 9.0 755
1732386102279 9.0 757
1732386102802 9.0 759
1732386102948 9.0 761
1732386103468 9.0 763
1732386103608 9.0 765
1732386104082 9.0 767
1732386104353 9.0 769
1732386104708 9.0 771
1732386104991 9.0 773
1732386105366 9.0 775
1732386105627 9.0 777
1732386105961 9.0 779
1732386108091 9.0 779
1732386108109 9.0 779
1732386108850 10.0 781
1732386108957 10.0 783
1732386109514 10.0 785
1732386109628 10.0 787
1732386110130 10.0 789
1732386110237 10.0 791
1732386110777 10.0 793
1732386110910 10.0 795
1732386111416 10.0 797
1732386111531 10.0 799
1732386112080 10.0 801
1732386112186 10.0 803
1732386112691 10.0 805
1732386112808 10.0 807
1732386113339 10.0 809
1732386113449 10.0 811
1732386113980 10.0 813
1732386114092 10.0 815
1732386114651 10.0 817
1732386114755 10.0 819
1732386115259 10.0 821
1732386115371 10.0 823
1732386115958 10.0 825
1732386116070 10.0 827
1732386116541 10.0 829
1732386116659 10.0 831
1732386117192 10.0 833
1732386117299 10.0 835
1732386117822 10.0 837
1732386117936 10.0 839
1732386118557 10.0 841
1732386118669 10.0 843
1732386119105 10.0 845
1732386119224 10.0 847
1732386119795 10.0 849
1732386119906 10.0 851
1732386120462 10.0 853
1732386120567 10.0 855
1732386120968 10.0 857
1732386123104 10.0 857
1732386123123 10.0 857
1732386124012 11.0 859
1732386124122 11.0 861
1732386124657 11.0 863
1732386124771 11.0 865
1732386125308 11.0 867
1732386125420 11.0 869
1732386125966 11.0 871
1732386126079 11.0 873
1732386126634 11.0 875
1732386126742 11.0 877
1732386127341 11.0 879
1732386127449 11.0 881
1732386128003 11.0 883
1732386128120 11.0 885
1732386128608 11.0 887
1732386128716 11.0 889
1732386129207 11.0 891
1732386129320 11.0 893
1732386129910 11.0 895
1732386130035 11.0 897
1732386130549 11.0 899
1732386130658 11.0 901
1732386131205 11.0 903
1732386131321 11.0 905
1732386131829 11.0 907
1732386131946 11.0 909
1732386132459 11.0 911
1732386132571 11.0 913
1732386133050 11.0 915
1732386133155 11.0 917
1732386133672 11.0 919
1732386133775 11.0 921
1732386134250 11.0 923
1732386134363 11.0 925
1732386134954 11.0 927
1732386135068 11.0 929
1732386135529 11.0 931
1732386135637 11.0 933
1732386135868 11.0 935
1732386138024 11.0 935
1732386138049 11.0 935
1732386138833 12.0 937
1732386138954 12.0 939
1732386139496 12.0 941
1732386139610 12.0 943
1732386140173 12.0 945
1732386140281 12.0 947
1732386140778 12.0 949
1732386140905 12.0 951
1732386141434 12.0 953
1732386141552 12.0 955
1732386142089 12.0 957
1732386142222 12.0 959
1732386142777 12.0 961
1732386142883 12.0 963
1732386143425 12.0 965
1732386143540 12.0 967
1732386144084 12.0 969
1732386144205 12.0 971
1732386144661 12.0 973
1732386144773 12.0 975
1732386145292 12.0 977
1732386145439 12.0 979
1732386145932 12.0 981
1732386146098 12.0 983
1732386146640 12.0 985
1732386146778 12.0 987
1732386147368 12.0 989
1732386147473 12.0 991
1732386147950 12.0 993
1732386148055 12.0 995
1732386148648 12.0 997
1732386148767 12.0 999
1732386149264 12.0 1001
1732386149378 12.0 1003
1732386149917 12.0 1005
1732386150024 12.0 1007
1732386150544 12.0 1009
1732386150654 12.0 1011
1732386151196 12.0 1013
1732386153372 12.0 1013
1732386153394 12.0 1013
1732386154199 13.0 1015
1732386154302 13.0 1017
1732386154781 13.0 1019
1732386154888 13.0 1021
1732386155433 13.0 1023
1732386155549 13.0 1025
1732386156074 13.0 1027
1732386156181 13.0 1029
1732386156761 13.0 1031
1732386156873 13.0 1033
1732386157396 13.0 1035
1732386157509 13.0 1037
1732386157984 13.0 1039
1732386158088 13.0 1041
1732386158698 13.0 1043
1732386158814 13.0 1045
1732386159405 13.0 1047
1732386159518 13.0 1049
1732386160050 13.0 1051
1732386160155 13.0 1053
1732386160694 13.0 1055
1732386160810 13.0 1057
1732386161336 13.0 1059
1732386161449 13.0 1061
1732386162027 13.0 1063
1732386162135 13.0 1065
1732386162735 13.0 1067
1732386162854 13.0 1069
1732386163292 13.0 1071
1732386163403 13.0 1073
1732386163975 13.0 1075
1732386164080 13.0 1077
1732386164622 13.0 1079
1732386164736 13.0 1081
1732386165306 13.0 1083
1732386165421 13.0 1085
1732386165980 13.0 1087
1732386166088 13.0 1089
1732386166615 13.0 1091
1732386168832 13.0 1091
1732386168851 13.0 1091
1732386169635 14.0 1093
1732386169757 14.0 1095
1732386170277 14.0 1097
1732386170380 14.0 1099
1732386170925 14.0 1101
1732386171029 14.0 1103
1732386171578 14.0 1105
1732386171687 14.0 1107
1732386172233 14.0 1109
1732386172336 14.0 1111
1732386172865 14.0 1113
1732386172968 14.0 1115
1732386173517 14.0 1117
1732386173626 14.0 1119
1732386174150 14.0 1121
1732386174258 14.0 1123
1732386174807 14.0 1125
1732386174922 14.0 1127
1732386175517 14.0 1129
1732386175623 14.0 1131
1732386176156 14.0 1133
1732386176278 14.0 1135
1732386176787 14.0 1137
1732386176901 14.0 1139
1732386177474 14.0 1141
1732386177597 14.0 1143
1732386178058 14.0 1145
1732386178175 14.0 1147
1732386178621 14.0 1149
1732386178739 14.0 1151
1732386179246 14.0 1153
1732386179394 14.0 1155
1732386179947 14.0 1157
1732386180067 14.0 1159
1732386180654 14.0 1161
1732386180765 14.0 1163
1732386181317 14.0 1165
1732386181428 14.0 1167
1732386181940 14.0 1169
1732386184095 14.0 1169
1732386184114 14.0 1169
1732386184873 15.0 1171
1732386184984 15.0 1173
1732386185526 15.0 1175
1732386185630 15.0 1177
1732386186149 15.0 1179
1732386186256 15.0 1181
1732386186847 15.0 1183
1732386186966 15.0 1185
1732386187426 15.0 1187
1732386187539 15.0 1189
1732386188097 15.0 1191
1732386188225 15.0 1193
1732386188712 15.0 1195
1732386188845 15.0 1197
1732386189415 15.0 1199
1732386189524 15.0 1201
1732386190035 15.0 1203
1732386190141 15.0 1205
1732386190591 15.0 1207
1732386190817 15.0 1209
1732386191191 15.0 1211
1732386191479 15.0 1213
1732386191812 15.0 1215
1732386192118 15.0 1217
1732386192434 15.0 1219
1732386192641 15.0 1221
1732386193041 15.0 1223
1732386193248 15.0 1225
1732386193728 15.0 1227
1732386193976 15.0 1229
1732386194350 15.0 1231
1732386194677 15.0 1233
1732386195094 15.0 1235
1732386195366 15.0 1237
1732386195704 15.0 1239
1732386196014 15.0 1241
1732386196348 15.0 1243
1732386196756 15.0 1245
1732386196895 15.0 1247
1732386199048 15.0 1247
1732386199071 15.0 1247
1732386199854 16.0 1249
1732386199971 16.0 1251
1732386200480 16.0 1253
1732386200587 16.0 1255
1732386201135 16.0 1257
1732386201246 16.0 1259
1732386201772 16.0 1261
1732386201878 16.0 1263
1732386202486 16.0 1265
1732386202597 16.0 1267
1732386203080 16.0 1269
1732386203188 16.0 1271
1732386203801 16.0 1273
1732386203914 16.0 1275
1732386204452 16.0 1277
1732386204566 16.0 1279
1732386205114 16.0 1281
1732386205226 16.0 1283
1732386205692 16.0 1285
1732386205800 16.0 1287
1732386206375 16.0 1289
1732386206498 16.0 1291
1732386206937 16.0 1293
1732386207037 16.0 1295
1732386207497 16.0 1297
1732386207619 16.0 1299
1732386208124 16.0 1301
1732386208340 16.0 1303
1732386208830 16.0 1305
1732386209099 16.0 1307
1732386209563 16.0 1309
1732386209681 16.0 1311
1732386210183 16.0 1313
1732386210317 16.0 1315
1732386210967 16.0 1317
1732386211107 16.0 1319
1732386211602 16.0 1321
1732386211699 16.0 1323
1732386211873 16.0 1325
