1732385955493 1.3880842924118042 0
1732385955643 1.4097726345062256 0
1732385955701 1.2323106527328491 0
1732385955750 1.4311680793762207 0
1732385956194 1.4936683177947998 0
1732385956247 1.3686683177947998 0
1732385956311 1.3686683177947998 0
1732385956365 1.2436683177947998 0
1732385956827 1.3686683177947998 0
1732385956887 1.5561683177947998 0
1732385957056 1.2436683177947998 0
1732385957108 1.3686683177947998 0
1732385957479 1.3686683177947998 0
1732385957534 1.4311683177947998 0
1732385957695 1.3686683177947998 0
1732385957746 1.5561683177947998 0
1732385958159 1.4311683177947998 0
1732385958208 1.4936683177947998 0
1732385958329 1.5561683177947998 0
1732385958380 1.5561683177947998 0
1732385958691 1.5561683177947998 0
1732385958797 1.6811683177947998 0
1732385958997 1.4311683177947998 0
1732385959053 1.4311683177947998 0
1732385959316 1.1811683177947998 0
1732385959469 1.2436683177947998 0
1732385959738 1.2436683177947998 0
1732385959789 1.4311683177947998 0
1732385960006 1.3686683177947998 0
1732385960110 1.4936683177947998 0
1732385960462 1.6811683177947998 0
1732385960518 1.3686683177947998 0
1732385960657 1.4936683177947998 0
1732385960782 1.4936683177947998 0
1732385961169 1.2436683177947998 0
1732385961224 1.4311683177947998 0
1732385961351 1.5561683177947998 0
1732385961509 1.2436683177947998 0
1732385961892 1.3686683177947998 0
1732385961943 1.6186683177947998 0
1732385962058 1.3061681985855103 0
1732385962172 1.3686683177947998 0
1732385962485 1.5561683177947998 0
1732385962532 1.4311683177947998 0
1732385962654 1.6186683177947998 0
1732385962809 1.4936683177947998 0
1732385963125 1.4936683177947998 0
1732385963179 1.4936683177947998 0
1732385963300 1.4936683177947998 0
1732385963398 1.4936683177947998 0
1732385963838 1.4936683177947998 0
1732385963897 1.4936683177947998 0
1732385963964 1.2436683177947998 0
1732385964027 1.4311683177947998 0
1732385964402 1.6186683177947998 0
1732385964456 1.3686683177947998 0
1732385964567 1.3061683177947998 0
1732385964644 1.3686683177947998 0
1732385965042 1.3686683177947998 0
1732385965103 1.6811683177947998 0
1732385965158 1.4936683177947998 0
1732385965246 1.4936683177947998 0
1732385965581 1.7436683177947998 0
1732385965637 1.3686683177947998 0
1732385965782 1.3686683177947998 0
1732385965917 1.4311683177947998 0
1732385966232 1.5561683177947998 0
1732385966283 1.4936683177947998 0
1732385966468 1.3686683177947998 0
1732385966524 1.4936683177947998 0
1732385966851 1.6186683177947998 0
1732385966901 1.3061683177947998 0
1732385967074 1.4936683177947998 0
1732385967127 1.4936683177947998 0
1732385967618 1.3061683177947998 0
1732385967669 1.3061683177947998 0
1732385967745 1.6811683177947998 0
1732385967817 1.4936683177947998 0
1732385970896 1.4311683177947998 0
1732385970944 1.4311683177947998 0
1732385971007 1.4311683177947998 0
1732385971056 1.3061683177947998 0
1732385971617 1.3686683177947998 0
1732385971665 1.4311683177947998 0
1732385971728 1.4936683177947998 0
1732385971790 1.4311683177947998 0
1732385972285 1.3686683177947998 0
1732385972339 1.4311683177947998 0
1732385972400 1.3686683177947998 0
1732385972454 1.4936683177947998 0
1732385973003 1.4936683177947998 0
1732385973055 1.5561683177947998 0
1732385973114 1.4311683177947998 0
1732385973171 1.3061683177947998 0
1732385973683 0.9936683177947998 0
1732385973735 1.5561683177947998 0
1732385973792 1.4311683177947998 0
1732385973841 1.5561683177947998 0
1732385974300 1.4936683177947998 0
1732385974358 1.4311683177947998 0
1732385974419 1.3061683177947998 0
1732385974470 1.2436683177947998 0
1732385974988 1.3061683177947998 0
1732385975042 1.5561683177947998 0
1732385975118 1.2436683177947998 0
1732385975182 1.5561683177947998 0
1732385975627 1.4936683177947998 0
1732385975682 1.4936683177947998 0
1732385975742 1.5561683177947998 0
1732385975789 1.4936683177947998 0
1732385976286 1.5561683177947998 0
1732385976339 1.3061683177947998 0
1732385976401 1.4936683177947998 0
1732385976447 1.5561683177947998 0
1732385976892 1.5561683177947998 0
1732385976941 1.2436683177947998 0
1732385977000 1.5561683177947998 0
1732385977049 1.4311681985855103 0
1732385977611 1.6186683177947998 0
1732385977662 1.6811683177947998 0
1732385977720 1.4936683177947998 0
1732385977769 1.5561683177947998 0
1732385978222 1.5561683177947998 0
1732385978274 1.5561683177947998 0
1732385978335 1.3061683177947998 0
1732385978386 1.4311683177947998 0
1732385978851 1.3061683177947998 0
1732385978901 1.3686683177947998 0
1732385978960 1.4311683177947998 0
1732385979010 1.6186683177947998 0
1732385979515 1.3061683177947998 0
1732385979569 1.4936683177947998 0
1732385979632 1.3686683177947998 0
1732385979685 1.6186683177947998 0
1732385980153 1.4936683177947998 0
1732385980208 1.4311683177947998 0
1732385980260 1.3061683177947998 0
1732385980308 1.6186683177947998 0
1732385980813 1.4311683177947998 0
1732385980868 1.6811683177947998 0
1732385980930 1.3686683177947998 0
1732385980977 1.2436683177947998 0
1732385981502 1.4311683177947998 0
1732385981553 1.4936683177947998 0
1732385981616 1.4936683177947998 0
1732385981664 1.3061683177947998 0
1732385982164 1.3686683177947998 0
1732385982218 1.3061683177947998 0
1732385982276 1.3686683177947998 0
1732385982325 1.4936683177947998 0
1732385982684 1.5561683177947998 0
1732385982730 1.4311683177947998 0
1732385982784 1.3686683177947998 0
1732385982834 1.4936683177947998 0
1732385983328 1.4936683177947998 0
1732385983391 1.4936683177947998 0
1732385986253 1.4311683177947998 0
1732385986307 1.3686683177947998 0
1732385986367 1.4936683177947998 0
1732385986417 1.4936683177947998 0
1732385986897 1.3061683177947998 0
1732385986947 1.3061683177947998 0
1732385987014 1.3061683177947998 0
1732385987071 1.4936683177947998 0
1732385987533 1.3686683177947998 0
1732385987588 1.5561683177947998 0
1732385987646 1.4936683177947998 0
1732385987693 1.3686683177947998 0
1732385988231 1.4936681985855103 0
1732385988287 1.3686683177947998 0
1732385988351 1.3686683177947998 0
1732385988404 1.3686683177947998 0
1732385988884 1.6186683177947998 0
1732385988934 1.6186683177947998 0
1732385988999 1.4311683177947998 0
1732385989048 1.2436683177947998 0
1732385989537 1.3686683177947998 0
1732385989599 1.4936683177947998 0
1732385989667 1.4936683177947998 0
1732385989717 1.5561683177947998 0
1732385990252 1.4936683177947998 0
1732385990306 1.4311681985855103 0
1732385990380 1.4311683177947998 0
1732385990436 1.4936683177947998 0
1732385990921 1.4936683177947998 0
1732385990973 1.2436683177947998 0
1732385991049 1.4311683177947998 0
1732385991117 1.4936683177947998 0
1732385991636 1.4936683177947998 0
1732385991693 1.4936683177947998 0
1732385991758 1.4311683177947998 0
1732385991812 1.3061683177947998 0
1732385992219 1.4936683177947998 0
1732385992269 1.4936683177947998 0
1732385992336 1.3686683177947998 0
1732385992401 1.4311683177947998 0
1732385992835 1.3686683177947998 0
1732385992898 1.4936683177947998 0
1732385992969 1.4936683177947998 0
1732385993095 1.3061683177947998 0
1732385993479 1.5561683177947998 0
1732385993543 1.4936683177947998 0
1732385993603 1.4936683177947998 0
1732385993772 1.4936681985855103 0
1732385994130 1.3061683177947998 0
1732385994274 1.4936683177947998 0
1732385994338 1.6186683177947998 0
1732385994414 1.5561681985855103 0
1732385994827 1.3061683177947998 0
1732385994945 1.5561683177947998 0
1732385995003 1.3686683177947998 0
1732385995052 1.3061683177947998 0
1732385995497 1.4311683177947998 0
1732385995551 1.4311683177947998 0
1732385995612 1.4936683177947998 0
1732385995674 1.5561683177947998 0
1732385996220 1.3686683177947998 0
1732385996278 1.6811683177947998 0
1732385996337 1.2436683177947998 0
1732385996392 1.4311683177947998 0
1732385996820 1.6186683177947998 0
1732385996883 1.6186683177947998 0
1732385996947 1.5561683177947998 0
1732385997002 1.3061683177947998 0
1732385997391 1.3686683177947998 0
1732385997480 1.4936683177947998 0
1732385997669 1.4311683177947998 0
1732385997722 1.5561683177947998 0
1732385998123 1.4936683177947998 0
1732385998177 1.4936683177947998 0
1732385998411 1.3061683177947998 0
1732385998462 1.3061683177947998 0
1732385998675 1.3061683177947998 0
1732385998727 1.3686683177947998 0
1732386001806 1.4936683177947998 0
1732386001855 1.4936683177947998 0
1732386001916 1.3686683177947998 0
1732386001964 1.3061683177947998 0
1732386002513 1.4311683177947998 0
1732386002568 1.2436683177947998 0
1732386002625 1.4936683177947998 0
1732386002673 1.4311683177947998 0
1732386003160 1.4936683177947998 0
1732386003217 1.4311683177947998 0
1732386003281 1.3061683177947998 0
1732386003336 1.6186683177947998 0
1732386003715 1.4311683177947998 0
1732386003832 1.3061683177947998 0
1732386003895 1.4311683177947998 0
1732386003949 1.5561683177947998 0
1732386004318 1.5561683177947998 0
1732386004451 1.4311683177947998 0
1732386004518 1.5561683177947998 0
1732386004578 1.4936683177947998 0
1732386004990 1.4311683177947998 0
1732386005088 1.3686683177947998 0
1732386005164 1.5561683177947998 0
1732386005242 1.2436683177947998 0
1732386005661 1.4936681985855103 0
1732386005735 1.3686683177947998 0
1732386005801 1.6186683177947998 0
1732386005922 1.3686683177947998 0
1732386006280 1.4311683177947998 0
1732386006415 1.3686683177947998 0
1732386006515 1.6186683177947998 0
1732386006607 1.6186683177947998 0
1732386006881 1.5561683177947998 0
1732386007036 1.5561683177947998 0
1732386007170 1.4311683177947998 0
1732386007287 1.5561683177947998 0
1732386007567 1.4936683177947998 0
1732386007679 1.6186683177947998 0
1732386007788 1.3686683177947998 0
1732386007911 1.3686683177947998 0
1732386008246 1.6186683177947998 0
1732386008299 1.6186683177947998 0
1732386008520 1.3061683177947998 0
1732386008604 1.3686683177947998 0
1732386009007 1.3061683177947998 0
1732386009063 1.3686683177947998 0
1732386009292 1.4936683177947998 0
1732386009349 1.3061683177947998 0
1732386009729 1.3686683177947998 0
1732386009777 1.3686683177947998 0
1732386009910 1.4311683177947998 0
1732386009968 1.3061683177947998 0
1732386010393 1.3061683177947998 0
1732386010446 1.4311683177947998 0
1732386010698 1.3686683177947998 0
1732386010754 1.4311683177947998 0
1732386011071 1.3686683177947998 0
1732386011129 1.3061683177947998 0
1732386011317 1.6186683177947998 0
1732386011374 1.4936683177947998 0
1732386011729 1.4311683177947998 0
1732386011788 1.4936683177947998 0
1732386011994 1.2436683177947998 0
1732386012056 1.4936683177947998 0
1732386012449 1.4311683177947998 0
1732386012506 1.3061683177947998 0
1732386012640 1.6186683177947998 0
1732386012693 1.3061683177947998 0
1732386013141 1.4311683177947998 0
1732386013183 1.6186683177947998 0
1732386013385 1.4311683177947998 0
1732386013437 1.3686683177947998 0
1732386013750 1.4936683177947998 0
1732386013809 1.4936683177947998 0
1732386014129 1.3686683177947998 0
1732386014177 1.5561683177947998 0
1732386014399 1.5561683177947998 0
1732386014447 1.3686683177947998 0
1732386017372 1.4936683177947998 0
1732386017428 1.4311683177947998 0
1732386017486 1.4936683177947998 0
1732386017538 1.4936683177947998 0
1732386018090 1.3686683177947998 0
1732386018157 1.4936683177947998 0
1732386018224 1.4311683177947998 0
1732386018275 1.4936683177947998 0
1732386018698 1.4311683177947998 0
1732386018821 1.4311683177947998 0
1732386018878 1.4311683177947998 0
1732386018928 1.3061683177947998 0
1732386019422 1.3061683177947998 0
1732386019479 1.3686683177947998 0
1732386019539 1.4311683177947998 0
1732386019594 1.6186683177947998 0
1732386020043 1.5561683177947998 0
1732386020160 1.4311681985855103 0
1732386020224 1.5561683177947998 0
1732386020271 1.5561683177947998 0
1732386020736 1.4311683177947998 0
1732386020811 1.3061683177947998 0
1732386020881 1.4936683177947998 0
1732386020928 1.4936683177947998 0
1732386021303 1.4936683177947998 0
1732386021509 1.3686683177947998 0
1732386021570 1.3061683177947998 0
1732386021628 1.3686683177947998 0
1732386022033 1.4311683177947998 0
1732386022154 1.4311683177947998 0
1732386022224 1.4936683177947998 0
1732386022275 1.4936683177947998 0
1732386022753 1.2436683177947998 0
1732386022851 1.4936683177947998 0
1732386022925 1.4936683177947998 0
1732386022976 1.3686683177947998 0
1732386023279 1.3686683177947998 0
1732386023516 1.3686683177947998 0
1732386023574 1.4936683177947998 0
1732386023630 1.3061683177947998 0
1732386024005 1.3686683177947998 0
1732386024179 1.2436683177947998 0
1732386024243 1.3686683177947998 0
1732386024295 1.2436683177947998 0
1732386024744 1.4936683177947998 0
1732386024841 1.4311683177947998 0
1732386024906 1.6186683177947998 0
1732386024956 1.4311683177947998 0
1732386025410 1.5561683177947998 0
1732386025542 1.4311683177947998 0
1732386025605 1.5561683177947998 0
1732386025655 1.5561683177947998 0
1732386026005 1.4936683177947998 0
1732386026176 1.4936683177947998 0
1732386026234 1.2436683177947998 0
1732386026284 1.3061683177947998 0
1732386026630 1.3686683177947998 0
1732386026788 1.4936683177947998 0
1732386026850 1.3686683177947998 0
1732386026900 1.4936683177947998 0
1732386027321 1.5561683177947998 0
1732386027528 1.4311683177947998 0
1732386027585 1.4936683177947998 0
1732386027634 1.4311683177947998 0
1732386027980 1.6186683177947998 0
1732386028150 1.6186683177947998 0
1732386028213 1.4936683177947998 0
1732386028266 1.4936683177947998 0
1732386028726 1.4311683177947998 0
1732386028774 1.3686683177947998 0
1732386028835 1.4311683177947998 0
1732386028896 1.5561683177947998 0
1732386029434 1.3061683177947998 0
1732386029493 1.6186683177947998 0
1732386029548 1.4311683177947998 0
1732386029595 1.4936683177947998 0
1732386029948 1.3686683177947998 0
1732386029999 1.4936683177947998 0
1732386032881 1.4936683177947998 0
1732386032934 1.3061683177947998 0
1732386032998 1.4311683177947998 0
1732386033047 1.6186683177947998 0
1732386033410 1.5561683177947998 0
1732386033567 1.3686683177947998 0
1732386033638 1.4311683177947998 0
1732386033686 1.4311683177947998 0
1732386033977 1.6811683177947998 0
1732386034056 1.4311683177947998 0
1732386034183 1.1811683177947998 0
1732386034356 1.3686683177947998 0
1732386034642 1.4936683177947998 0
1732386034764 1.5561683177947998 0
1732386034827 1.4311683177947998 0
1732386035007 1.4936683177947998 0
1732386035249 1.4311683177947998 0
1732386035516 1.3061683177947998 0
1732386035584 1.5561683177947998 0
1732386035643 1.6186683177947998 0
1732386035923 1.4311683177947998 0
1732386036148 1.4936683177947998 0
1732386036209 1.4936683177947998 0
1732386036344 1.4311683177947998 0
1732386036589 1.3686683177947998 0
1732386036799 1.3061683177947998 0
1732386036866 1.3686683177947998 0
1732386036971 1.4311683177947998 0
1732386037186 1.3686683177947998 0
1732386037344 1.4311683177947998 0
1732386037449 1.4936683177947998 0
1732386037700 1.4311683177947998 0
1732386037764 1.4936683177947998 0
1732386038068 1.6186683177947998 0
1732386038130 1.5561683177947998 0
1732386038379 1.4936683177947998 0
1732386038439 1.3686683177947998 0
1732386038678 1.4936683177947998 0
1732386038873 1.3686683177947998 0
1732386038989 1.4936683177947998 0
1732386039055 1.3686683177947998 0
1732386039303 1.4311683177947998 0
1732386039549 1.3061683177947998 0
1732386039707 1.3686683177947998 0
1732386039767 1.4311683177947998 0
1732386040031 1.3686683177947998 0
1732386040213 1.3061683177947998 0
1732386040265 1.4936683177947998 0
1732386040345 1.1811683177947998 0
1732386040652 1.3686683177947998 0
1732386040888 1.4311683177947998 0
1732386040938 1.6186683177947998 0
1732386041044 1.5561683177947998 0
1732386041376 1.2436683177947998 0
1732386041578 1.4311683177947998 0
1732386041629 1.3061683177947998 0
1732386041789 1.3686683177947998 0
1732386042094 1.6811683177947998 0
1732386042222 1.5561683177947998 0
1732386042275 1.6186683177947998 0
1732386042505 1.4311683177947998 0
1732386042767 1.5561683177947998 0
1732386042932 1.4311683177947998 0
1732386042982 1.4936683177947998 0
1732386043189 1.2436683177947998 0
1732386043455 1.5561683177947998 0
1732386043624 1.3686683177947998 0
1732386043673 1.4936683177947998 0
1732386043797 1.3686683177947998 0
1732386044077 1.5561683177947998 0
1732386044222 1.5561683177947998 0
1732386044276 1.4936683177947998 0
1732386044479 1.4936683177947998 0
1732386044727 1.3061683177947998 0
1732386044849 1.2436683177947998 0
1732386044914 1.4936683177947998 0
1732386045131 1.5561683177947998 0
1732386045188 1.2436683177947998 0
1732386048045 1.6811683177947998 0
1732386048275 1.5561683177947998 0
1732386048332 1.3686683177947998 0
1732386048380 1.3061683177947998 0
1732386048765 1.4311683177947998 0
1732386049004 1.3061683177947998 0
1732386049065 1.4936683177947998 0
1732386049122 1.3686683177947998 0
1732386049326 1.3686683177947998 0
1732386049624 1.7436683177947998 0
1732386049680 1.4311683177947998 0
1732386049739 1.6186683177947998 0
1732386049928 1.4936683177947998 0
1732386050350 1.3686683177947998 0
1732386050414 1.3686683177947998 0
1732386050465 1.4936683177947998 0
1732386050528 1.4936683177947998 0
1732386051128 1.5561683177947998 0
1732386051201 1.4311683177947998 0
1732386051254 1.6186683177947998 0
1732386051316 1.4311683177947998 0
1732386051793 1.4936683177947998 0
1732386051853 1.3686683177947998 0
1732386051901 1.4311683177947998 0
1732386051959 1.2436683177947998 0
1732386052501 1.3061683177947998 0
1732386052567 1.6186683177947998 0
1732386052623 1.3061683177947998 0
1732386052690 1.2436683177947998 0
1732386053089 1.4936683177947998 0
1732386053151 1.4311683177947998 0
1732386053209 1.4936683177947998 0
1732386053276 1.4311683177947998 0
1732386053751 1.3686683177947998 0
1732386053817 1.4936683177947998 0
1732386053871 1.4936683177947998 0
1732386053933 1.3686683177947998 0
1732386054455 1.4311683177947998 0
1732386054518 1.2436683177947998 0
1732386054572 1.4311683177947998 0
1732386054639 1.3686683177947998 0
1732386055176 1.3686683177947998 0
1732386055242 1.4936683177947998 0
1732386055294 1.4936683177947998 0
1732386055349 1.5561683177947998 0
1732386055779 1.4311683177947998 0
1732386055842 1.4311683177947998 0
1732386055897 1.3686683177947998 0
1732386055957 1.4936683177947998 0
1732386056463 1.4311683177947998 0
1732386056525 1.4311683177947998 0
1732386056572 1.3061683177947998 0
1732386056630 1.4936683177947998 0
1732386057134 1.4311683177947998 0
1732386057202 1.1811683177947998 0
1732386057258 1.5561683177947998 0
1732386057310 1.4311683177947998 0
1732386057811 1.3061683177947998 0
1732386057875 1.2436683177947998 0
1732386057930 1.4311683177947998 0
1732386057991 1.4936683177947998 0
1732386058417 1.6186683177947998 0
1732386058484 1.4311683177947998 0
1732386058535 1.5561683177947998 0
1732386058599 1.3686683177947998 0
1732386059052 1.6186683177947998 0
1732386059109 1.4936683177947998 0
1732386059160 1.5561683177947998 0
1732386059223 1.4936683177947998 0
1732386059635 1.5561683177947998 0
1732386059704 1.3061683177947998 0
1732386059757 1.3686683177947998 0
1732386059814 1.6186683177947998 0
1732386060265 1.3686683177947998 0
1732386060327 1.3686683177947998 0
1732386060376 1.4311683177947998 0
1732386060438 1.4936683177947998 0
1732386060521 1.6186683177947998 0
1732386063430 1.1186683177947998 0
1732386063495 1.1811683177947998 0
1732386063556 1.4311683177947998 0
1732386063603 1.4936683177947998 0
1732386064100 1.2436683177947998 0
1732386064159 1.3686683177947998 0
1732386064213 1.5561683177947998 0
1732386064258 1.4311683177947998 0
1732386064796 1.6811683177947998 0
1732386064853 1.4311683177947998 0
1732386064916 1.7436683177947998 0
1732386064966 1.5561683177947998 0
1732386065435 1.4311683177947998 0
1732386065489 1.3686683177947998 0
1732386065549 1.4936683177947998 0
1732386065600 1.4936683177947998 0
1732386066038 1.4936683177947998 0
1732386066089 1.6186683177947998 0
1732386066154 1.3686683177947998 0
1732386066209 1.3061683177947998 0
1732386066693 1.4936683177947998 0
1732386066745 1.1811683177947998 0
1732386066801 1.4936683177947998 0
1732386066850 1.4311683177947998 0
1732386067320 1.3061683177947998 0
1732386067375 1.2436683177947998 0
1732386067434 1.5561683177947998 0
1732386067484 1.5561683177947998 0
1732386067988 1.3686683177947998 0
1732386068044 1.4311683177947998 0
1732386068100 1.2436683177947998 0
1732386068150 1.6186683177947998 0
1732386068735 1.1811683177947998 0
1732386068785 1.4311683177947998 0
1732386068848 1.4936683177947998 0
1732386068903 1.2436683177947998 0
1732386069438 1.3061683177947998 0
1732386069493 1.6186683177947998 0
1732386069555 1.4936683177947998 0
1732386069610 1.5561683177947998 0
1732386070021 1.7436683177947998 0
1732386070074 1.6186683177947998 0
1732386070134 1.3686683177947998 0
1732386070191 1.4311683177947998 0
1732386070773 1.4936683177947998 0
1732386070825 1.3061683177947998 0
1732386070892 1.3686683177947998 0
1732386070943 1.4936683177947998 0
1732386071435 1.3061683177947998 0
1732386071488 1.6186683177947998 0
1732386071555 1.5561683177947998 0
1732386071615 1.5561683177947998 0
1732386072107 1.3686683177947998 0
1732386072166 1.4936683177947998 0
1732386072233 1.6811683177947998 0
1732386072279 1.6811683177947998 0
1732386072701 1.5561683177947998 0
1732386072758 1.5561681985855103 0
1732386072823 1.3061683177947998 0
1732386072873 1.0561683177947998 0
1732386073345 1.2436683177947998 0
1732386073401 1.5561683177947998 0
1732386073467 1.3061683177947998 0
1732386073521 1.4311683177947998 0
1732386074006 1.2436683177947998 0
1732386074061 1.3686683177947998 0
1732386074139 1.4311683177947998 0
1732386074197 1.5561683177947998 0
1732386074549 1.4936683177947998 0
1732386074601 1.5561683177947998 0
1732386074659 1.4311683177947998 0
1732386074717 1.4311683177947998 0
1732386075122 1.4311683177947998 0
1732386075174 1.4936683177947998 0
1732386075234 1.3061683177947998 0
1732386075282 1.6811683177947998 0
1732386075728 1.4936683177947998 0
1732386075776 1.4936683177947998 0
1732386078699 1.5561683177947998 0
1732386078751 1.4311683177947998 0
1732386078811 1.3061683177947998 0
1732386078867 1.3686683177947998 0
1732386079330 1.6186683177947998 0
1732386079387 1.3686683177947998 0
1732386079445 1.4311683177947998 0
1732386079495 1.4311683177947998 0
1732386079964 1.4311683177947998 0
1732386080020 1.3686683177947998 0
1732386080080 1.1811683177947998 0
1732386080128 1.4936683177947998 0
1732386080592 1.4311683177947998 0
1732386080647 1.4936683177947998 0
1732386080744 1.3061683177947998 0
1732386080796 1.5561683177947998 0
1732386081261 1.4936683177947998 0
1732386081318 1.4936681985855103 0
1732386081458 1.4311683177947998 0
1732386081510 1.4936683177947998 0
1732386081767 1.6186683177947998 0
1732386081819 1.6186683177947998 0
1732386082168 1.4936683177947998 0
1732386082220 1.3061683177947998 0
1732386082521 1.3686683177947998 0
1732386082578 1.4311683177947998 0
1732386082884 1.2436683177947998 0
1732386082936 1.3686683177947998 0
1732386083224 1.4311683177947998 0
1732386083282 1.4936683177947998 0
1732386083536 1.5561683177947998 0
1732386083595 1.4936683177947998 0
1732386083884 1.3686683177947998 0
1732386083939 1.4936683177947998 0
1732386084211 1.3686683177947998 0
1732386084266 1.5561683177947998 0
1732386084537 1.4936683177947998 0
1732386084592 1.3686683177947998 0
1732386084783 1.3061683177947998 0
1732386084836 1.3686683177947998 0
1732386085197 1.3686683177947998 0
1732386085249 1.5561683177947998 0
1732386085405 1.5561683177947998 0
1732386085455 1.5561683177947998 0
1732386085749 1.6186683177947998 0
1732386085799 1.3686683177947998 0
1732386086137 1.3061683177947998 0
1732386086188 1.4311683177947998 0
1732386086382 1.4936683177947998 0
1732386086433 1.3686683177947998 0
1732386086713 1.4311683177947998 0
1732386086769 1.4311683177947998 0
1732386087052 1.4311683177947998 0
1732386087101 1.3686683177947998 0
1732386087402 1.3686683177947998 0
1732386087453 1.4311683177947998 0
1732386087635 1.4311683177947998 0
1732386087687 1.6811683177947998 0
1732386087982 1.6186683177947998 0
1732386088037 1.4936683177947998 0
1732386088261 1.2436683177947998 0
1732386088312 1.4936683177947998 0
1732386088618 1.4936683177947998 0
1732386088678 1.6186683177947998 0
1732386088918 1.4311683177947998 0
1732386089009 1.2436683177947998 0
1732386089346 1.4311683177947998 0
1732386089401 1.4936683177947998 0
1732386089557 1.3686683177947998 0
1732386089606 1.6186683177947998 0
1732386090081 1.1811683177947998 0
1732386090134 1.4311683177947998 0
1732386090189 1.5561683177947998 0
1732386090236 1.4936683177947998 0
1732386090689 1.4936683177947998 0
1732386090735 1.3686683177947998 0
1732386090833 1.3686683177947998 0
1732386090888 1.4936683177947998 0
1732386093807 1.3061683177947998 0
1732386093858 1.3686683177947998 0
1732386093918 1.3686683177947998 0
1732386093964 1.4936683177947998 0
1732386094419 1.4936683177947998 0
1732386094470 1.3061683177947998 0
1732386094529 1.1811683177947998 0
1732386094580 1.4311683177947998 0
1732386094970 1.4936683177947998 0
1732386095069 1.4936683177947998 0
1732386095131 1.5561683177947998 0
1732386095180 1.4936683177947998 0
1732386095607 1.4936683177947998 0
1732386095730 1.6186683177947998 0
1732386095798 1.4311683177947998 0
1732386095849 1.3686683177947998 0
1732386096181 1.5561683177947998 0
1732386096299 1.2436683177947998 0
1732386096362 1.6186683177947998 0
1732386096439 1.4311683177947998 0
1732386096862 1.3686683177947998 0
1732386096983 1.3061683177947998 0
1732386097044 1.4936683177947998 0
1732386097093 1.5561683177947998 0
1732386097541 1.3061683177947998 0
1732386097633 1.3686683177947998 0
1732386097701 1.4311683177947998 0
1732386097750 1.2436683177947998 0
1732386098174 1.4311683177947998 0
1732386098244 1.6186683177947998 0
1732386098325 1.5561683177947998 0
1732386098381 1.3061683177947998 0
1732386098874 1.1811683177947998 0
1732386098930 1.4311683177947998 0
1732386098993 1.4936683177947998 0
1732386099050 1.3061683177947998 0
1732386099479 1.3686683177947998 0
1732386099561 1.4311683177947998 0
1732386099625 1.4936683177947998 0
1732386099676 1.3061683177947998 0
1732386100126 1.6811683177947998 0
1732386100180 1.4311683177947998 0
1732386100244 1.4936683177947998 0
1732386100294 1.4311683177947998 0
1732386100742 1.6186683177947998 0
1732386100820 1.6186683177947998 0
1732386100883 1.4936683177947998 0
1732386100931 1.3686683177947998 0
1732386101372 1.4311683177947998 0
1732386101527 1.5561683177947998 0
1732386101594 1.4936683177947998 0
1732386101654 1.4936683177947998 0
1732386102023 1.5561683177947998 0
1732386102141 1.4311683177947998 0
1732386102204 1.3061683177947998 0
1732386102254 1.4311683177947998 0
1732386102730 1.5561683177947998 0
1732386102788 1.4311683177947998 0
1732386102882 1.4936683177947998 0
1732386102935 1.6811683177947998 0
1732386103388 1.3686683177947998 0
1732386103445 1.5561683177947998 0
1732386103542 1.4936683177947998 0
1732386103594 1.4936683177947998 0
1732386104009 1.4936683177947998 0
1732386104065 1.4311683177947998 0
1732386104278 1.1811683177947998 0
1732386104333 1.4311683177947998 0
1732386104642 1.4311683177947998 0
1732386104691 1.5561683177947998 0
1732386104918 1.4311683177947998 0
1732386104974 1.4311683177947998 0
1732386105291 1.3686683177947998 0
1732386105346 1.5561683177947998 0
1732386105562 1.3061683177947998 0
1732386105613 1.4311683177947998 0
1732386105898 1.3686683177947998 0
1732386105946 1.4936683177947998 0
1732386108769 1.5561683177947998 0
1732386108828 1.3686683177947998 0
1732386108887 1.6186683177947998 0
1732386108942 1.3061683177947998 0
1732386109445 1.4936683177947998 0
1732386109492 1.4311683177947998 0
1732386109555 1.5561683177947998 0
1732386109609 1.3061683177947998 0
1732386110060 1.5561683177947998 0
1732386110113 1.4311683177947998 0
1732386110166 1.6811683177947998 0
1732386110217 1.5561683177947998 0
1732386110707 1.6186683177947998 0
1732386110755 1.4311683177947998 0
1732386110823 1.4936683177947998 0
1732386110882 1.3686681985855103 0
1732386111347 1.3686683177947998 0
1732386111401 1.4936683177947998 0
1732386111460 1.4936683177947998 0
1732386111507 1.3686683177947998 0
1732386112006 1.4936683177947998 0
1732386112061 1.6186683177947998 0
1732386112115 1.3061683177947998 0
1732386112172 1.4311683177947998 0
1732386112615 1.3686683177947998 0
1732386112669 1.3061683177947998 0
1732386112738 1.5561683177947998 0
1732386112793 1.4936683177947998 0
1732386113155 1.6811683177947998 0
1732386113318 1.5561683177947998 0
1732386113382 1.2436683177947998 0
1732386113434 1.4936683177947998 0
1732386113749 1.4311683177947998 0
1732386113963 1.3061683177947998 0
1732386114024 1.3686683177947998 0
1732386114079 1.4311683177947998 0
1732386114430 1.5561683177947998 0
1732386114637 1.3061683177947998 0
1732386114692 1.4936683177947998 0
1732386114742 1.4311683177947998 0
1732386115098 1.4311683177947998 0
1732386115238 1.4936683177947998 0
1732386115306 1.3061683177947998 0
1732386115355 1.4936683177947998 0
1732386115784 1.3061683177947998 0
1732386115941 1.3061683177947998 0
1732386116003 1.3686683177947998 0
1732386116056 1.4936683177947998 0
1732386116416 1.6186683177947998 0
1732386116517 1.4936683177947998 0
1732386116590 1.1811683177947998 0
1732386116644 1.4311683177947998 0
1732386117114 1.4311683177947998 0
1732386117174 1.3061683177947998 0
1732386117234 1.4311683177947998 0
1732386117283 1.5561683177947998 0
1732386117733 1.3061683177947998 0
1732386117806 1.4311683177947998 0
1732386117870 1.5561683177947998 0
1732386117922 1.3686683177947998 0
1732386118301 1.2436683177947998 0
1732386118539 1.6186683177947998 0
1732386118600 1.5561683177947998 0
1732386118654 1.6186683177947998 0
1732386118968 1.3686681985855103 0
1732386119083 1.4311683177947998 0
1732386119152 1.4311683177947998 0
1732386119211 1.4936683177947998 0
1732386119546 1.4311683177947998 0
1732386119777 1.3061683177947998 0
1732386119839 1.3061683177947998 0
1732386119889 1.4311683177947998 0
1732386120253 1.4311683177947998 0
1732386120446 1.3686683177947998 0
1732386120502 1.3061683177947998 0
1732386120551 1.4936683177947998 0
1732386120910 1.4936683177947998 0
1732386120955 1.6186683177947998 0
1732386123943 1.4936683177947998 0
1732386123994 1.4311683177947998 0
1732386124056 1.5561683177947998 0
1732386124104 1.4311683177947998 0
1732386124576 1.6811683177947998 0
1732386124639 1.4936683177947998 0
1732386124701 1.5561683177947998 0
1732386124757 1.4311683177947998 0
1732386125178 1.4936683177947998 0
1732386125292 1.3061683177947998 0
1732386125355 1.3061681985855103 0
1732386125404 1.4936683177947998 0
1732386125808 1.5561683177947998 0
1732386125950 1.5561683177947998 0
1732386126007 1.2436683177947998 0
1732386126058 1.4311683177947998 0
1732386126390 1.6186683177947998 0
1732386126609 1.3686683177947998 0
1732386126675 1.2436683177947998 0
1732386126728 1.4936683177947998 0
1732386126971 1.4311683177947998 0
1732386127324 1.3686683177947998 0
1732386127384 1.5561683177947998 0
1732386127436 1.3686681985855103 0
1732386127688 1.4936683177947998 0
1732386127987 1.4936683177947998 0
1732386128046 1.2436683177947998 0
1732386128098 1.4936683177947998 0
1732386128364 1.3686683177947998 0
1732386128593 1.4311683177947998 0
1732386128652 1.4936683177947998 0
1732386128700 1.3686683177947998 0
1732386128935 1.4311683177947998 0
1732386129189 1.6186683177947998 0
1732386129253 1.3061683177947998 0
1732386129305 1.5561683177947998 0
1732386129570 1.3686683177947998 0
1732386129888 1.4311683177947998 0
1732386129962 1.4311683177947998 0
1732386130019 1.0561683177947998 0
1732386130203 1.1811683177947998 0
1732386130532 1.2436683177947998 0
1732386130594 1.6811683177947998 0
1732386130643 1.6186683177947998 0
1732386130870 1.4936683177947998 0
1732386131189 1.3061683177947998 0
1732386131249 1.6811683177947998 0
1732386131307 1.3686683177947998 0
1732386131477 1.5561683177947998 0
1732386131811 1.4311683177947998 0
1732386131874 1.4311683177947998 0
1732386131930 1.6811683177947998 0
1732386132133 1.4936683177947998 0
1732386132437 1.4936683177947998 0
1732386132503 1.3061683177947998 0
1732386132556 1.5561683177947998 0
1732386132744 1.4936683177947998 0
1732386133028 1.4936683177947998 0
1732386133093 1.3061683177947998 0
1732386133142 1.4936683177947998 0
1732386133395 1.4311683177947998 0
1732386133648 1.5561683177947998 0
1732386133716 1.3686683177947998 0
1732386133761 1.3686683177947998 0
1732386134035 1.3686683177947998 0
1732386134234 1.4311683177947998 0
1732386134290 1.1811683177947998 0
1732386134342 1.4311683177947998 0
1732386134662 1.4936683177947998 0
1732386134935 1.3686683177947998 0
1732386134999 1.6186683177947998 0
1732386135049 1.4311683177947998 0
1732386135207 1.3686683177947998 0
1732386135510 1.3061683177947998 0
1732386135573 1.3061683177947998 0
1732386135619 1.4936683177947998 0
1732386135784 1.6186683177947998 0
1732386135853 1.7436683177947998 0
1732386138761 1.3686683177947998 0
1732386138818 1.3686683177947998 0
1732386138875 1.1186683177947998 0
1732386138931 1.3061683177947998 0
1732386139425 1.4936683177947998 0
1732386139475 1.3686683177947998 0
1732386139537 1.5561683177947998 0
1732386139591 1.4311683177947998 0
1732386140102 1.4936683177947998 0
1732386140153 1.3686683177947998 0
1732386140219 1.5561683177947998 0
1732386140266 1.6186683177947998 0
1732386140704 1.3061683177947998 0
1732386140760 1.3686683177947998 0
1732386140823 1.3061683177947998 0
1732386140881 1.5561683177947998 0
1732386141355 1.3061683177947998 0
1732386141414 1.6186683177947998 0
1732386141479 1.4311683177947998 0
1732386141535 1.4311683177947998 0
1732386142011 1.4936683177947998 0
1732386142072 1.6186683177947998 0
1732386142158 1.4311683177947998 0
1732386142208 1.2436683177947998 0
1732386142714 1.3686683177947998 0
1732386142763 1.4936683177947998 0
1732386142821 1.3686683177947998 0
1732386142869 1.4936683177947998 0
1732386143357 1.4311683177947998 0
1732386143406 1.4936683177947998 0
1732386143468 1.6186683177947998 0
1732386143524 1.4311683177947998 0
1732386144014 1.3686683177947998 0
1732386144066 1.4936683177947998 0
1732386144129 1.4936683177947998 0
1732386144185 1.2436683177947998 0
1732386144583 1.6811683177947998 0
1732386144645 1.6186683177947998 0
1732386144710 1.4311683177947998 0
1732386144756 1.3686683177947998 0
1732386145220 1.4936683177947998 0
1732386145274 1.2436683177947998 0
1732386145369 1.3061683177947998 0
1732386145423 1.5561683177947998 0
1732386145860 1.5561683177947998 0
1732386145914 1.4936683177947998 0
1732386146014 1.4311683177947998 0
1732386146077 1.6186683177947998 0
1732386146563 1.3061683177947998 0
1732386146624 1.4936683177947998 0
1732386146708 1.4936683177947998 0
1732386146757 1.5561683177947998 0
1732386147290 1.5561683177947998 0
1732386147343 1.3686683177947998 0
1732386147407 1.4936683177947998 0
1732386147458 1.4311683177947998 0
1732386147880 1.4311683177947998 0
1732386147932 1.4311683177947998 0
1732386147991 1.5561683177947998 0
1732386148039 1.4936683177947998 0
1732386148577 1.4311683177947998 0
1732386148632 1.4311683177947998 0
1732386148697 1.4311683177947998 0
1732386148747 1.5561683177947998 0
1732386149189 1.3686683177947998 0
1732386149248 1.4936683177947998 0
1732386149307 1.3686683177947998 0
1732386149363 1.4936683177947998 0
1732386149846 1.4311683177947998 0
1732386149902 1.2436683177947998 0
1732386149957 1.4311683177947998 0
1732386150004 1.3686683177947998 0
1732386150473 1.4311683177947998 0
1732386150529 1.5561683177947998 0
1732386150590 1.4311683177947998 0
1732386150639 1.3686683177947998 0
1732386151130 1.4311683177947998 0
1732386151183 1.3686683177947998 0
1732386154128 1.6811683177947998 0
1732386154184 1.3061683177947998 0
1732386154241 1.4936683177947998 0
1732386154289 1.4936683177947998 0
1732386154716 1.2436683177947998 0
1732386154767 1.5561683177947998 0
1732386154823 1.3061683177947998 0
1732386154872 1.6186683177947998 0
1732386155367 1.4936683177947998 0
1732386155417 1.5561683177947998 0
1732386155477 1.4936683177947998 0
1732386155528 1.4936683177947998 0
1732386156014 1.3061683177947998 0
1732386156061 1.1811683177947998 0
1732386156119 1.6186683177947998 0
1732386156166 1.4311683177947998 0
1732386156696 1.3686683177947998 0
1732386156747 1.4311683177947998 0
1732386156803 1.4311683177947998 0
1732386156854 1.4311683177947998 0
1732386157328 1.4311681985855103 0
1732386157377 1.3686683177947998 0
1732386157438 1.3061683177947998 0
1732386157491 1.4311683177947998 0
1732386157916 1.4936683177947998 0
1732386157969 1.4936683177947998 0
1732386158023 1.3686683177947998 0
1732386158071 1.4311683177947998 0
1732386158606 1.6186683177947998 0
1732386158679 1.4311683177947998 0
1732386158744 1.4936683177947998 0
1732386158795 1.4936683177947998 0
1732386159258 1.3686683177947998 0
1732386159385 1.4311683177947998 0
1732386159446 1.6811683177947998 0
1732386159497 1.4311683177947998 0
1732386159981 1.3061683177947998 0
1732386160033 1.3061683177947998 0
1732386160094 1.4311683177947998 0
1732386160140 1.3686683177947998 0
1732386160615 1.5561683177947998 0
1732386160677 1.5561683177947998 0
1732386160739 1.3686683177947998 0
1732386160793 1.1811683177947998 0
1732386161264 1.2436683177947998 0
1732386161319 1.3686683177947998 0
1732386161381 1.5561683177947998 0
1732386161431 1.3061683177947998 0
1732386161958 1.3061683177947998 0
1732386162012 1.4936683177947998 0
1732386162070 1.4936683177947998 0
1732386162118 1.5561683177947998 0
1732386162665 1.5561683177947998 0
1732386162719 1.4936683177947998 0
1732386162779 1.4936683177947998 0
1732386162831 1.4936683177947998 0
1732386163225 1.3061683177947998 0
1732386163275 1.3686683177947998 0
1732386163335 1.4936683177947998 0
1732386163385 1.1186683177947998 0
1732386163890 1.4936683177947998 0
1732386163959 1.3686683177947998 0
1732386164017 1.3686683177947998 0
1732386164066 1.4311683177947998 0
1732386164553 1.3061683177947998 0
1732386164607 1.4936683177947998 0
1732386164664 1.5561683177947998 0
1732386164715 1.3061683177947998 0
1732386165236 1.4936683177947998 0
1732386165289 1.6186683177947998 0
1732386165347 1.6186683177947998 0
1732386165407 1.5561683177947998 0
1732386165909 1.5561683177947998 0
1732386165966 1.6811683177947998 0
1732386166023 1.6186683177947998 0
1732386166076 1.2436683177947998 0
1732386166547 1.3686683177947998 0
1732386166606 1.6186683177947998 0
1732386169567 1.4936683177947998 0
1732386169619 1.3061683177947998 0
1732386169679 1.2436683177947998 0
1732386169731 1.3686683177947998 0
1732386170204 1.4311683177947998 0
1732386170262 1.2436683177947998 0
1732386170319 1.3686683177947998 0
1732386170365 1.4936683177947998 0
1732386170859 1.2436683177947998 0
1732386170911 1.3686683177947998 0
1732386170967 1.4311683177947998 0
1732386171013 1.6811683177947998 0
1732386171512 1.3686683177947998 0
1732386171564 1.5561683177947998 0
1732386171621 1.3686683177947998 0
1732386171671 1.5561683177947998 0
1732386172160 1.4936683177947998 0
1732386172216 1.3686683177947998 0
1732386172274 1.6186683177947998 0
1732386172322 1.2436683177947998 0
1732386172802 1.3686683177947998 0
1732386172851 1.3686683177947998 0
1732386172907 1.5561683177947998 0
1732386172954 1.4936683177947998 0
1732386173445 1.1811683177947998 0
1732386173502 1.3061683177947998 0
1732386173561 1.5561683177947998 0
1732386173611 1.2436683177947998 0
1732386174075 1.6186683177947998 0
1732386174135 1.2436683177947998 0
1732386174194 1.2436683177947998 0
1732386174244 1.5561683177947998 0
1732386174732 1.5561681985855103 0
1732386174785 1.4311683177947998 0
1732386174853 1.4936683177947998 0
1732386174906 1.4311683177947998 0
1732386175382 1.4311683177947998 0
1732386175502 1.3686683177947998 0
1732386175565 1.4311683177947998 0
1732386175610 1.5561683177947998 0
1732386176009 1.4311683177947998 0
1732386176139 1.5561683177947998 0
1732386176202 1.4311683177947998 0
1732386176256 1.4311683177947998 0
1732386176638 1.5561683177947998 0
1732386176771 1.5561683177947998 0
1732386176829 1.3686683177947998 0
1732386176880 1.3686683177947998 0
1732386177251 1.4936683177947998 0
1732386177452 1.4936683177947998 0
1732386177517 1.4311683177947998 0
1732386177578 1.3061683177947998 0
1732386177885 1.4311683177947998 0
1732386178040 1.4936683177947998 0
1732386178104 1.5561683177947998 0
1732386178154 1.3061683177947998 0
1732386178550 1.5561683177947998 0
1732386178606 1.3686683177947998 0
1732386178667 1.4936683177947998 0
1732386178716 1.5561683177947998 0
1732386179177 1.3686683177947998 0
1732386179228 1.4311683177947998 0
1732386179331 1.5561683177947998 0
1732386179380 1.4311683177947998 0
1732386179877 1.4936683177947998 0
1732386179932 1.6186683177947998 0
1732386179992 1.5561683177947998 0
1732386180046 1.4311683177947998 0
1732386180580 1.4936683177947998 0
1732386180640 1.6186683177947998 0
1732386180697 1.4311683177947998 0
1732386180746 1.3686683177947998 0
1732386181246 1.2436683177947998 0
1732386181295 1.4936683177947998 0
1732386181356 1.5561683177947998 0
1732386181412 1.6186683177947998 0
1732386181883 1.4936683177947998 0
1732386181930 1.4936683177947998 0
1732386184808 1.3686683177947998 0
1732386184858 1.3061683177947998 0
1732386184913 1.3686683177947998 0
1732386184963 1.5561683177947998 0
1732386185451 1.6186683177947998 0
1732386185512 1.3061683177947998 0
1732386185568 1.4311683177947998 0
1732386185616 1.5561683177947998 0
1732386186058 1.5561683177947998 0
1732386186127 1.1811683177947998 0
1732386186191 1.4936683177947998 0
1732386186239 1.4311683177947998 0
1732386186645 1.6186683177947998 0
1732386186830 1.3061683177947998 0
1732386186889 1.4311683177947998 0
1732386186941 1.5561683177947998 0
1732386187353 1.4936683177947998 0
1732386187411 1.4311683177947998 0
1732386187466 1.3686683177947998 0
1732386187517 1.4936683177947998 0
1732386188025 1.3061683177947998 0
1732386188080 1.6186683177947998 0
1732386188156 1.5561683177947998 0
1732386188202 1.5561683177947998 0
1732386188610 1.5561683177947998 0
1732386188693 1.6186683177947998 0
1732386188768 1.4311683177947998 0
1732386188830 1.4311683177947998 0
1732386189287 1.3061683177947998 0
1732386189396 1.4311683177947998 0
1732386189455 1.4936683177947998 0
1732386189508 1.4936683177947998 0
1732386189944 1.5561683177947998 0
1732386190016 1.4936683177947998 0
1732386190078 1.5561683177947998 0
1732386190125 1.5561683177947998 0
1732386190520 1.3686683177947998 0
1732386190575 1.3686683177947998 0
1732386190747 1.2436683177947998 0
1732386190800 1.4311683177947998 0
1732386191125 1.3686683177947998 0
1732386191176 1.4311683177947998 0
1732386191409 1.4311683177947998 0
1732386191463 1.1811683177947998 0
1732386191741 1.4311683177947998 0
1732386191797 1.3061683177947998 0
1732386192046 1.4311681985855103 0
1732386192096 1.2436683177947998 0
1732386192363 1.1811683177947998 0
1732386192416 1.3686683177947998 0
1732386192578 1.4936683177947998 0
1732386192627 1.5561683177947998 0
1732386192964 1.5561683177947998 0
1732386193022 1.6811683177947998 0
1732386193184 1.5561683177947998 0
1732386193232 1.3686683177947998 0
1732386193652 1.3686683177947998 0
1732386193708 1.3686683177947998 0
1732386193906 1.3686683177947998 0
1732386193957 1.3686683177947998 0
1732386194176 1.4936683177947998 0
1732386194332 1.4936683177947998 0
1732386194607 1.4311683177947998 0
1732386194661 1.4936683177947998 0
1732386194805 1.4936683177947998 0
1732386195070 1.3061683177947998 0
1732386195297 1.4311683177947998 0
1732386195353 1.4311683177947998 0
1732386195504 1.4936683177947998 0
1732386195688 1.4936683177947998 0
1732386195942 1.4936683177947998 0
1732386195996 1.2436683177947998 0
1732386196151 1.4936683177947998 0
1732386196332 1.6186683177947998 0
1732386196670 1.3686683177947998 0
1732386196724 1.4936683177947998 0
1732386196828 1.5561683177947998 0
1732386196883 1.3686683177947998 0
1732386199758 1.4936683177947998 0
1732386199833 1.4311683177947998 0
1732386199895 1.4311683177947998 0
1732386199953 1.5561683177947998 0
1732386200392 1.3686683177947998 0
1732386200466 1.3686683177947998 0
1732386200525 1.3061683177947998 0
1732386200574 1.4936683177947998 0
1732386200935 1.5561683177947998 0
1732386201119 1.3061683177947998 0
1732386201177 1.6186683177947998 0
1732386201229 1.6186683177947998 0
1732386201572 1.4936683177947998 0
1732386201756 1.4311683177947998 0
1732386201814 1.4311683177947998 0
1732386201864 1.4936683177947998 0
1732386202193 1.3686683177947998 0
1732386202469 1.6186683177947998 0
1732386202532 1.4311683177947998 0
1732386202580 1.3686683177947998 0
1732386202896 1.4311683177947998 0
1732386203064 1.4311683177947998 0
1732386203120 1.2436683177947998 0
1732386203173 1.3686683177947998 0
1732386203551 1.4936683177947998 0
1732386203784 1.3061683177947998 0
1732386203843 1.4311683177947998 0
1732386203898 1.4936683177947998 0
1732386204142 1.4311683177947998 0
1732386204435 1.5561683177947998 0
1732386204497 1.3061683177947998 0
1732386204550 1.3061683177947998 0
1732386204812 1.4936683177947998 0
1732386205097 1.4936683177947998 0
1732386205156 1.4936683177947998 0
1732386205210 1.3686683177947998 0
1732386205389 1.4936683177947998 0
1732386205676 1.4936683177947998 0
1732386205735 1.7436681985855103 0
1732386205786 1.4311683177947998 0
1732386205992 1.5561683177947998 0
1732386206359 1.3686683177947998 0
1732386206416 1.6186683177947998 0
1732386206471 1.3061683177947998 0
1732386206564 1.1811683177947998 0
1732386206920 1.4936683177947998 0
1732386206983 1.4936683177947998 0
1732386207023 1.4311683177947998 0
1732386207184 1.4936683177947998 0
1732386207478 1.4311683177947998 0
1732386207551 1.4936683177947998 0
1732386207600 1.4936683177947998 0
1732386207771 1.4936683177947998 0
1732386208109 1.4936683177947998 0
1732386208276 1.6186683177947998 0
1732386208325 1.4311683177947998 0
1732386208381 1.3061683177947998 0
1732386208810 1.5561683177947998 0
1732386209029 1.3686683177947998 0
1732386209079 1.5561683177947998 0
1732386209141 1.2436683177947998 0
1732386209544 1.1811683177947998 0
1732386209610 1.4936683177947998 0
1732386209659 1.4936683177947998 0
1732386209722 1.1811683177947998 0
1732386210166 1.4936683177947998 0
1732386210235 1.4936683177947998 0
1732386210299 1.3061683177947998 0
1732386210362 1.3686683177947998 0
1732386210952 1.4311683177947998 0
1732386211017 1.4936683177947998 0
1732386211078 1.5561683177947998 0
1732386211148 1.3686683177947998 0
1732386211586 1.4311683177947998 0
1732386211641 1.5561683177947998 0
1732386211686 1.3686681985855103 0
1732386211740 1.4311683177947998 0
1732386211862 1.4936683177947998 0
