1732385955658 0.0 1
1732385955766 0.0 3
1732385956265 0.3125 5
1732385956379 0.75 7
1732385956901 0.59375 9
1732385957127 0.6875 11
1732385957549 0.65625 13
1732385957763 0.59375 15
1732385958227 0.625 17
1732385958404 0.59375 19
1732385958825 0.53125 21
1732385959076 0.65625 23
1732385959496 0.75 25
1732385959814 0.65625 27
1732385960133 0.625 29
1732385960536 0.6875 31
1732385960801 0.625 33
1732385961242 0.65625 35
1732385961526 0.75 37
1732385961960 0.5625 39
1732385962194 0.6875 41
1732385962548 0.65625 43
1732385962832 0.625 45
1732385963197 0.625 47
1732385963414 0.625 49
1732385963915 0.625 51
1732385964042 0.65625 53
1732385964474 0.6875 55
1732385964660 0.6875 57
1732385965116 0.53125 59
1732385965261 0.625 61
1732385965651 0.6875 63
1732385965933 0.65625 65
1732385966301 0.625 67
1732385966545 0.625 69
1732385966921 0.71875 71
1732385967143 0.625 73
1732385967688 0.71875 75
1732385967854 0.625 77
1732385970173 1.0930128021733573e-43 77
1732385970967 0.65625 79
1732385971073 0.71875 81
1732385971682 0.65625 83
1732385971808 0.65625 85
1732385972355 0.65625 87
1732385972469 0.625 89
1732385973072 0.59375 91
1732385973190 0.71875 93
1732385973752 0.59375 95
1732385973858 0.59375 97
1732385974373 0.65625 99
1732385974490 0.75 101
1732385975066 0.59375 103
1732385975196 0.59375 105
1732385975699 0.625 107
1732385975804 0.625 109
1732385976357 0.71875 111
1732385976461 0.59375 113
1732385976955 0.75 115
1732385977066 0.65625 117
1732385977677 0.53125 119
1732385977784 0.59375 121
1732385978292 0.59375 123
1732385978404 0.65625 125
1732385978915 0.6875 127
1732385979028 0.5625 129
1732385979585 0.625 131
1732385979702 0.5625 133
1732385980221 0.65625 135
1732385980324 0.5625 137
1732385980883 0.53125 139
1732385980994 0.75 141
1732385981571 0.625 143
1732385981678 0.71875 145
1732385982232 0.71875 147
1732385982339 0.625 149
1732385982745 0.65625 151
1732385982848 0.625 153
1732385983407 0.625 155
1732385985599 2.1860256043467146e-43 155
1732385986322 0.6875 157
1732385986435 0.625 159
1732385986968 0.71875 161
1732385987088 0.625 163
1732385987602 0.59375 165
1732385987710 0.6875 167
1732385988304 0.6875 169
1732385988428 0.6875 171
1732385988954 0.5625 173
1732385989063 0.75 175
1732385989621 0.625 177
1732385989740 0.59375 179
1732385990332 0.65625 181
1732385990456 0.625 183
1732385990998 0.75 185
1732385991133 0.625 187
1732385991711 0.625 189
1732385991831 0.71875 191
1732385992287 0.625 193
1732385992424 0.65625 195
1732385992921 0.625 197
1732385993112 0.71875 199
1732385993559 0.625 201
1732385993788 0.625 203
1732385994290 0.625 205
1732385994428 0.59375 207
1732385994961 0.59375 209
1732385995068 0.71875 211
1732385995566 0.65625 213
1732385995690 0.59375 215
1732385996295 0.53125 217
1732385996406 0.65625 219
1732385996904 0.5625 221
1732385997022 0.71875 223
1732385997504 0.625 225
1732385997740 0.59375 227
1732385998207 0.625 229
1732385998480 0.71875 231
1732385998743 0.6875 233
1732386001073 3.279038406520072e-43 233
1732386001871 0.625 235
1732386001979 0.71875 237
1732386002582 0.75 239
1732386002687 0.65625 241
1732386003235 0.65625 243
1732386003356 0.5625 245
1732386003854 0.71875 247
1732386003970 0.59375 249
1732386004468 0.65625 251
1732386004593 0.625 253
1732386005108 0.6875 255
1732386005261 0.75 257
1732386005754 0.6875 259
1732386005941 0.6875 261
1732386006433 0.6875 263
1732386006624 0.5625 265
1732386007053 0.59375 267
1732386007309 0.59375 269
1732386007702 0.5625 271
1732386007937 0.6875 273
1732386008317 0.5625 275
1732386008621 0.6875 277
1732386009080 0.6875 279
1732386009364 0.71875 281
1732386009797 0.6875 283
1732386009985 0.71875 285
1732386010466 0.65625 287
1732386010772 0.65625 289
1732386011145 0.71875 291
1732386011389 0.625 293
1732386011805 0.625 295
1732386012070 0.625 297
1732386012522 0.71875 299
1732386012706 0.71875 301
1732386013201 0.5625 303
1732386013456 0.6875 305
1732386013825 0.625 307
1732386014192 0.59375 309
1732386014463 0.6875 311
1732386016655 4.372051208693429e-43 311
1732386017443 0.65625 313
1732386017560 0.625 315
1732386018178 0.625 317
1732386018293 0.625 319
1732386018835 0.65625 321
1732386018949 0.71875 323
1732386019495 0.6875 325
1732386019616 0.5625 327
1732386020177 0.65625 329
1732386020287 0.59375 331
1732386020834 0.71875 333
1732386020950 0.625 335
1732386021528 0.6875 337
1732386021643 0.6875 339
1732386022177 0.65625 341
1732386022288 0.625 343
1732386022876 0.625 345
1732386022996 0.6875 347
1732386023532 0.6875 349
1732386023644 0.71875 351
1732386024195 0.75 353
1732386024310 0.75 355
1732386024859 0.65625 357
1732386024976 0.65625 359
1732386025559 0.65625 361
1732386025675 0.59375 363
1732386026193 0.625 365
1732386026298 0.71875 367
1732386026805 0.625 369
1732386026914 0.625 371
1732386027545 0.65625 373
1732386027661 0.65625 375
1732386028166 0.5625 377
1732386028279 0.625 379
1732386028794 0.6875 381
1732386028911 0.59375 383
1732386029508 0.5625 385
1732386029609 0.625 387
1732386030011 0.625 389
1732386032213 5.605193857299268e-45 389
1732386032952 0.71875 391
1732386033063 0.5625 393
1732386033591 0.6875 395
1732386033703 0.65625 397
1732386034075 0.65625 399
1732386034374 0.6875 401
1732386034783 0.59375 403
1732386035024 0.625 405
1732386035539 0.71875 407
1732386035656 0.5625 409
1732386036165 0.625 411
1732386036358 0.65625 413
1732386036823 0.71875 415
1732386036992 0.65625 417
1732386037362 0.65625 419
1732386037723 0.65625 421
1732386038084 0.5625 423
1732386038398 0.625 425
1732386038699 0.625 427
1732386039006 0.625 429
1732386039330 0.65625 431
1732386039723 0.6875 433
1732386040052 0.6875 435
1732386040281 0.625 437
1732386040676 0.6875 439
1732386040953 0.5625 441
1732386041393 0.75 443
1732386041645 0.71875 445
1732386042112 0.53125 447
1732386042289 0.5625 449
1732386042788 0.59375 451
1732386042999 0.625 453
1732386043473 0.59375 455
1732386043695 0.625 457
1732386044092 0.59375 459
1732386044295 0.625 461
1732386044754 0.71875 463
1732386044930 0.625 465
1732386045198 0.75 467
1732386047518 6.558076813040144e-43 467
1732386048291 0.59375 469
1732386048400 0.71875 471
1732386049021 0.71875 473
1732386049143 0.6875 475
1732386049640 0.5 477
1732386049762 0.5625 479
1732386050366 0.6875 481
1732386050488 0.625 483
1732386051154 0.59375 485
1732386051273 0.5625 487
1732386051809 0.625 489
1732386051914 0.65625 491
1732386052517 0.71875 493
1732386052643 0.71875 495
1732386053106 0.625 497
1732386053228 0.625 499
1732386053767 0.6875 501
1732386053888 0.625 503
1732386054471 0.65625 505
1732386054592 0.65625 507
1732386055193 0.6875 509
1732386055307 0.625 511
1732386055796 0.65625 513
1732386055911 0.6875 515
1732386056479 0.65625 517
1732386056586 0.71875 519
1732386057156 0.65625 521
1732386057270 0.59375 523
1732386057828 0.71875 525
1732386057949 0.65625 527
1732386058438 0.5625 529
1732386058549 0.59375 531
1732386059068 0.5625 533
1732386059181 0.59375 535
1732386059660 0.59375 537
1732386059770 0.6875 539
1732386060285 0.6875 541
1732386060398 0.65625 543
1732386060533 0.5625 545
1732386062705 7.651089615213501e-43 545
1732386063509 0.78125 547
1732386063619 0.625 549
1732386064174 0.6875 551
1732386064274 0.65625 553
1732386064870 0.65625 555
1732386064981 0.59375 557
1732386065505 0.6875 559
1732386065618 0.625 561
1732386066110 0.5625 563
1732386066225 0.71875 565
1732386066759 0.78125 567
1732386066868 0.65625 569
1732386067389 0.75 571
1732386067500 0.59375 573
1732386068057 0.65625 575
1732386068175 0.5625 577
1732386068802 0.65625 579
1732386068919 0.75 581
1732386069514 0.5625 583
1732386069637 0.59375 585
1732386070091 0.5625 587
1732386070212 0.65625 589
1732386070843 0.71875 591
1732386070958 0.625 593
1732386071509 0.5625 595
1732386071635 0.59375 597
1732386072185 0.625 599
1732386072295 0.53125 601
1732386072774 0.59375 603
1732386072892 0.84375 605
1732386073418 0.59375 607
1732386073536 0.65625 609
1732386074089 0.6875 611
1732386074211 0.59375 613
1732386074617 0.59375 615
1732386074739 0.65625 617
1732386075190 0.625 619
1732386075309 0.53125 621
1732386075790 0.625 623
1732386078000 8.744102417386859e-43 623
1732386078768 0.65625 625
1732386078884 0.6875 627
1732386079404 0.6875 629
1732386079512 0.65625 631
1732386080037 0.6875 633
1732386080142 0.625 635
1732386080663 0.625 637
1732386080811 0.59375 639
1732386081336 0.625 641
1732386081524 0.625 643
1732386081836 0.5625 645
1732386082238 0.71875 647
1732386082595 0.65625 649
1732386082956 0.6875 651
1732386083297 0.625 653
1732386083610 0.625 655
1732386083956 0.625 657
1732386084285 0.59375 659
1732386084606 0.6875 661
1732386084856 0.6875 663
1732386085264 0.59375 665
1732386085471 0.59375 667
1732386085819 0.6875 669
1732386086204 0.65625 671
1732386086453 0.6875 673
1732386086787 0.65625 675
1732386087121 0.6875 677
1732386087471 0.65625 679
1732386087706 0.53125 681
1732386088051 0.625 683
1732386088327 0.625 685
1732386088695 0.5625 687
1732386089024 0.75 689
1732386089414 0.625 691
1732386089626 0.5625 693
1732386090150 0.65625 695
1732386090250 0.625 697
1732386090753 0.6875 699
1732386090901 0.625 701
1732386093087 1.1210387714598537e-44 701
1732386093876 0.6875 703
1732386093981 0.625 705
1732386094487 0.71875 707
1732386094602 0.65625 709
1732386095088 0.625 711
1732386095195 0.625 713
1732386095754 0.5625 715
1732386095861 0.6875 717
1732386096318 0.75 719
1732386096454 0.65625 721
1732386097000 0.71875 723
1732386097106 0.59375 725
1732386097652 0.6875 727
1732386097765 0.75 729
1732386098265 0.5625 731
1732386098398 0.71875 733
1732386098948 0.65625 735
1732386099072 0.71875 737
1732386099579 0.65625 739
1732386099691 0.71875 741
1732386100198 0.65625 743
1732386100311 0.65625 745
1732386100840 0.5625 747
1732386100945 0.6875 749
1732386101547 0.59375 751
1732386101670 0.625 753
1732386102162 0.65625 755
1732386102279 0.65625 757
1732386102802 0.65625 759
1732386102948 0.53125 761
1732386103468 0.59375 763
1732386103608 0.625 765
1732386104082 0.65625 767
1732386104353 0.65625 769
1732386104708 0.59375 771
1732386104991 0.65625 773
1732386105366 0.59375 775
1732386105627 0.65625 777
1732386105961 0.625 779
1732386108109 1.0930128021733573e-42 779
1732386108850 0.6875 781
1732386108957 0.71875 783
1732386109514 0.65625 785
1732386109628 0.71875 787
1732386110130 0.65625 789
1732386110237 0.59375 791
1732386110777 0.65625 793
1732386110910 0.6875 795
1732386111416 0.625 797
1732386111531 0.6875 799
1732386112080 0.5625 801
1732386112186 0.65625 803
1732386112691 0.71875 805
1732386112808 0.625 807
1732386113339 0.59375 809
1732386113449 0.625 811
1732386113980 0.71875 813
1732386114092 0.65625 815
1732386114651 0.71875 817
1732386114755 0.65625 819
1732386115259 0.625 821
1732386115371 0.625 823
1732386115958 0.71875 825
1732386116070 0.625 827
1732386116541 0.625 829
1732386116659 0.65625 831
1732386117192 0.71875 833
1732386117299 0.59375 835
1732386117822 0.65625 837
1732386117936 0.6875 839
1732386118557 0.5625 841
1732386118669 0.5625 843
1732386119105 0.65625 845
1732386119224 0.625 847
1732386119795 0.71875 849
1732386119906 0.65625 851
1732386120462 0.6875 853
1732386120567 0.625 855
1732386120968 0.5625 857
1732386123123 1.202314082390693e-42 857
1732386124012 0.65625 859
1732386124122 0.65625 861
1732386124657 0.625 863
1732386124771 0.65625 865
1732386125308 0.71875 867
1732386125420 0.625 869
1732386125966 0.59375 871
1732386126079 0.65625 873
1732386126634 0.6875 875
1732386126742 0.625 877
1732386127341 0.6875 879
1732386127449 0.6875 881
1732386128003 0.625 883
1732386128120 0.625 885
1732386128608 0.65625 887
1732386128716 0.6875 889
1732386129207 0.5625 891
1732386129320 0.59375 893
1732386129910 0.65625 895
1732386130035 0.84375 897
1732386130549 0.75 899
1732386130658 0.5625 901
1732386131205 0.71875 903
1732386131321 0.6875 905
1732386131829 0.65625 907
1732386131946 0.53125 909
1732386132459 0.625 911
1732386132571 0.59375 913
1732386133050 0.625 915
1732386133155 0.625 917
1732386133672 0.59375 919
1732386133775 0.6875 921
1732386134250 0.65625 923
1732386134363 0.65625 925
1732386134954 0.6875 927
1732386135068 0.65625 929
1732386135529 0.71875 931
1732386135637 0.625 933
1732386135868 0.5 935
1732386138049 1.3116153626080288e-42 935
1732386138833 0.6875 937
1732386138954 0.71875 939
1732386139496 0.6875 941
1732386139610 0.65625 943
1732386140173 0.6875 945
1732386140281 0.5625 947
1732386140778 0.6875 949
1732386140905 0.59375 951
1732386141434 0.5625 953
1732386141552 0.65625 955
1732386142089 0.5625 957
1732386142222 0.75 959
1732386142777 0.625 961
1732386142883 0.625 963
1732386143425 0.625 965
1732386143540 0.65625 967
1732386144084 0.625 969
1732386144205 0.75 971
1732386144661 0.5625 973
1732386144773 0.6875 975
1732386145292 0.75 977
1732386145439 0.59375 979
1732386145932 0.625 981
1732386146098 0.5625 983
1732386146640 0.625 985
1732386146778 0.59375 987
1732386147368 0.6875 989
1732386147473 0.65625 991
1732386147950 0.65625 993
1732386148055 0.625 995
1732386148648 0.65625 997
1732386148767 0.59375 999
1732386149264 0.625 1001
1732386149378 0.625 1003
1732386149917 0.75 1005
1732386150024 0.6875 1007
1732386150544 0.59375 1009
1732386150654 0.6875 1011
1732386151196 0.6875 1013
1732386153394 1.4209166428253645e-42 1013
1732386154199 0.71875 1015
1732386154302 0.625 1017
1732386154781 0.59375 1019
1732386154888 0.5625 1021
1732386155433 0.59375 1023
1732386155549 0.625 1025
1732386156074 0.78125 1027
1732386156181 0.65625 1029
1732386156761 0.65625 1031
1732386156873 0.65625 1033
1732386157396 0.6875 1035
1732386157509 0.65625 1037
1732386157984 0.625 1039
1732386158088 0.65625 1041
1732386158698 0.65625 1043
1732386158814 0.625 1045
1732386159405 0.65625 1047
1732386159518 0.65625 1049
1732386160050 0.71875 1051
1732386160155 0.6875 1053
1732386160694 0.59375 1055
1732386160810 0.78125 1057
1732386161336 0.6875 1059
1732386161449 0.71875 1061
1732386162027 0.625 1063
1732386162135 0.59375 1065
1732386162735 0.625 1067
1732386162854 0.625 1069
1732386163292 0.6875 1071
1732386163403 0.8125 1073
1732386163975 0.6875 1075
1732386164080 0.65625 1077
1732386164622 0.625 1079
1732386164736 0.71875 1081
1732386165306 0.5625 1083
1732386165421 0.59375 1085
1732386165980 0.53125 1087
1732386166088 0.75 1089
1732386166615 0.5625 1091
1732386168851 1.5302179230427002e-42 1091
1732386169635 0.71875 1093
1732386169757 0.6875 1095
1732386170277 0.75 1097
1732386170380 0.625 1099
1732386170925 0.6875 1101
1732386171029 0.53125 1103
1732386171578 0.59375 1105
1732386171687 0.59375 1107
1732386172233 0.6875 1109
1732386172336 0.75 1111
1732386172865 0.6875 1113
1732386172968 0.625 1115
1732386173517 0.71875 1117
1732386173626 0.75 1119
1732386174150 0.75 1121
1732386174258 0.59375 1123
1732386174807 0.65625 1125
1732386174922 0.65625 1127
1732386175517 0.6875 1129
1732386175623 0.59375 1131
1732386176156 0.59375 1133
1732386176278 0.65625 1135
1732386176787 0.59375 1137
1732386176901 0.6875 1139
1732386177474 0.625 1141
1732386177597 0.71875 1143
1732386178058 0.625 1145
1732386178175 0.71875 1147
1732386178621 0.6875 1149
1732386178739 0.59375 1151
1732386179246 0.65625 1153
1732386179394 0.65625 1155
1732386179947 0.5625 1157
1732386180067 0.65625 1159
1732386180654 0.5625 1161
1732386180765 0.6875 1163
1732386181317 0.625 1165
1732386181428 0.5625 1167
1732386181940 0.625 1169
1732386184114 1.639519203260036e-42 1169
1732386184873 0.71875 1171
1732386184984 0.59375 1173
1732386185526 0.71875 1175
1732386185630 0.59375 1177
1732386186149 0.78125 1179
1732386186256 0.65625 1181
1732386186847 0.71875 1183
1732386186966 0.59375 1185
1732386187426 0.65625 1187
1732386187539 0.625 1189
1732386188097 0.5625 1191
1732386188225 0.59375 1193
1732386188712 0.5625 1195
1732386188845 0.65625 1197
1732386189415 0.65625 1199
1732386189524 0.625 1201
1732386190035 0.625 1203
1732386190141 0.59375 1205
1732386190591 0.6875 1207
1732386190817 0.65625 1209
1732386191191 0.65625 1211
1732386191479 0.78125 1213
1732386191812 0.71875 1215
1732386192118 0.75 1217
1732386192434 0.6875 1219
1732386192641 0.59375 1221
1732386193041 0.53125 1223
1732386193248 0.6875 1225
1732386193728 0.6875 1227
1732386193976 0.6875 1229
1732386194350 0.625 1231
1732386194677 0.625 1233
1732386195094 0.71875 1235
1732386195366 0.65625 1237
1732386195704 0.625 1239
1732386196014 0.75 1241
1732386196348 0.5625 1243
1732386196756 0.625 1245
1732386196895 0.6875 1247
1732386199071 1.7488204834773717e-42 1247
1732386199854 0.65625 1249
1732386199971 0.59375 1251
1732386200480 0.6875 1253
1732386200587 0.625 1255
1732386201135 0.71875 1257
1732386201246 0.5625 1259
1732386201772 0.65625 1261
1732386201878 0.625 1263
1732386202486 0.5625 1265
1732386202597 0.6875 1267
1732386203080 0.65625 1269
1732386203188 0.6875 1271
1732386203801 0.71875 1273
1732386203914 0.625 1275
1732386204452 0.59375 1277
1732386204566 0.71875 1279
1732386205114 0.625 1281
1732386205226 0.6875 1283
1732386205692 0.625 1285
1732386205800 0.65625 1287
1732386206375 0.6875 1289
1732386206498 0.71875 1291
1732386206937 0.625 1293
1732386207037 0.65625 1295
1732386207497 0.65625 1297
1732386207619 0.625 1299
1732386208124 0.625 1301
1732386208340 0.65625 1303
1732386208830 0.59375 1305
1732386209099 0.59375 1307
1732386209563 0.78125 1309
1732386209681 0.625 1311
1732386210183 0.625 1313
1732386210317 0.71875 1315
1732386210967 0.65625 1317
1732386211107 0.59375 1319
1732386211602 0.65625 1321
1732386211699 0.6875 1323
1732386211873 0.625 1325
