1732386420287 0.0 1
1732386420643 0.0 3
1732386421721 0.0 5
1732386422074 0.0 7
1732386423097 0.0 9
1732386423871 0.0 11
1732386424953 0.0 13
1732386425384 0.0 15
1732386426342 0.0 17
1732386426684 0.0 19
1732386427776 0.0 21
1732386428020 0.0 23
1732386429114 0.0 25
1732386429377 0.0 27
1732386430408 0.0 29
1732386430765 0.0 31
1732386431862 0.0 33
1732386432185 0.0 35
1732386433264 0.0 37
1732386433521 0.0 39
1732386434720 0.0 41
1732386434982 0.0 43
1732386435876 0.0 45
1732386436305 0.0 47
1732386437096 0.0 49
1732386437848 0.0 51
1732386438431 0.0 53
1732386439231 0.0 55
1732386439880 0.0 57
1732386440575 0.0 59
1732386441505 0.0 61
1732386442181 0.0 63
1732386442957 0.0 65
1732386443693 0.0 67
1732386444462 0.0 69
1732386445066 0.0 71
1732386445938 0.0 73
1732386446451 0.0 75
1732386446684 0.0 77
1732386451951 0.0 77
1732386451990 0.0 77
1732386455189 1.0 79
1732386455455 1.0 81
1732386456510 1.0 83
1732386456778 1.0 85
1732386458299 1.0 87
1732386458553 1.0 89
1732386459870 1.0 91
1732386460117 1.0 93
1732386461483 1.0 95
1732386461735 1.0 97
1732386463231 1.0 99
1732386463535 1.0 101
1732386464947 1.0 103
1732386465194 1.0 105
1732386466733 1.0 107
1732386466996 1.0 109
1732386468595 1.0 111
1732386468834 1.0 113
1732386470182 1.0 115
1732386470425 1.0 117
1732386471802 1.0 119
1732386472037 1.0 121
1732386473423 1.0 123
1732386473671 1.0 125
1732386474945 1.0 127
1732386475177 1.0 129
1732386476236 1.0 131
1732386476469 1.0 133
1732386477746 1.0 135
1732386477975 1.0 137
1732386479213 1.0 139
1732386479442 1.0 141
1732386480566 1.0 143
1732386480795 1.0 145
