1732386419920 1.399093508720398 0
1732386420234 1.3814077377319336 0
1732386420459 1.3897693157196045 0
1732386420599 1.3559209108352661 0
1732386421537 1.3695381879806519 0
1732386421680 1.3732876777648926 0
1732386421829 1.383408784866333 0
1732386422031 1.3793838024139404 0
1732386422808 1.3484644889831543 0
1732386423050 1.3462536334991455 0
1732386423276 1.3658002614974976 0
1732386423821 1.329755425453186 0
1732386424362 1.3960623741149902 0
1732386424914 1.399683952331543 0
1732386425037 1.5064120292663574 0
1732386425342 1.366888403892517 0
1732386425662 1.3945629596710205 0
1732386426301 1.3662889003753662 0
1732386426428 1.4189354181289673 0
1732386426641 1.379075050354004 0
1732386426978 1.3810909986495972 0
1732386427735 1.3747012615203857 0
1732386427865 1.38297438621521 0
1732386427979 1.3740314245224 0
1732386428435 1.399516224861145 0
1732386429072 1.401496171951294 0
1732386429205 1.333458423614502 0
1732386429334 1.3477855920791626 0
1732386429684 1.3281941413879395 0
1732386430370 1.380994200706482 0
1732386430495 1.3830227851867676 0
1732386430723 1.3258428573608398 0
1732386431070 1.326474666595459 0
1732386431823 1.4379396438598633 0
1732386431955 1.4065842628479004 0
1732386432144 1.3527168035507202 0
1732386432573 1.364394187927246 0
1732386433223 1.431223750114441 0
1732386433359 1.401611328125 0
1732386433480 1.3647514581680298 0
1732386433919 1.369451880455017 0
1732386434679 1.4475266933441162 0
1732386434806 1.3213655948638916 0
1732386434941 1.409512996673584 0
1732386435230 1.3545968532562256 0
1732386435835 1.3239145278930664 0
1732386436099 1.4035766124725342 0
1732386436261 1.312041997909546 0
1732386436429 1.358527421951294 0
1732386437054 1.3873097896575928 0
1732386437686 1.314806342124939 0
1732386437806 1.3496954441070557 0
1732386437951 1.2908488512039185 0
1732386438392 1.352962851524353 0
1732386439077 1.3946897983551025 0
1732386439191 1.4525315761566162 0
1732386439321 1.477392554283142 0
1732386439841 1.3801746368408203 0
1732386440422 1.3544243574142456 0
1732386440531 1.424763560295105 0
1732386440808 1.3392136096954346 0
1732386441465 1.4177323579788208 0
1732386442023 1.3683327436447144 0
1732386442140 1.4064713716506958 0
1732386442261 1.4045708179473877 0
1732386442918 1.3321627378463745 0
1732386443547 1.3492473363876343 0
1732386443652 1.4015350341796875 0
1732386443778 1.3273508548736572 0
1732386444423 1.35042142868042 0
1732386444919 1.3042941093444824 0
1732386445026 1.3511252403259277 0
1732386445146 1.358039140701294 0
1732386445898 1.34663987159729 0
1732386446299 1.350696086883545 0
1732386446411 1.2834190130233765 0
1732386446534 1.346343755722046 0
1732386446642 1.3853965997695923 0
1732386455012 1.3616822957992554 0
1732386455143 1.3484638929367065 0
1732386455297 1.4302066564559937 0
1732386455417 1.409943699836731 0
1732386456299 1.3121682405471802 0
1732386456467 1.3406085968017578 0
1732386456615 1.401153326034546 0
1732386456738 1.4268299341201782 0
1732386457960 1.3892515897750854 0
1732386458258 1.445855736732483 0
1732386458391 1.348893165588379 0
1732386458509 1.3805427551269531 0
1732386459490 1.3767859935760498 0
1732386459831 1.420243263244629 0
1732386459962 1.3255877494812012 0
1732386460072 1.3489129543304443 0
1732386461137 1.3287644386291504 0
1732386461441 1.2994784116744995 0
1732386461579 1.4278099536895752 0
1732386461693 1.3566486835479736 0
1732386462820 1.3858678340911865 0
1732386463162 1.389742374420166 0
1732386463371 1.3260302543640137 0
1732386463493 1.343803882598877 0
1732386464636 1.3280479907989502 0
1732386464904 1.4338951110839844 0
1732386465032 1.3426917791366577 0
1732386465149 1.3132556676864624 0
1732386466073 1.3708842992782593 0
1732386466693 1.401418924331665 0
1732386466831 1.3721339702606201 0
1732386466955 1.3591256141662598 0
1732386467888 1.3700580596923828 0
1732386468554 1.380365252494812 0
1732386468679 1.3915188312530518 0
1732386468794 1.3764599561691284 0
1732386469595 1.3612537384033203 0
1732386470135 1.329545259475708 0
1732386470269 1.3654872179031372 0
1732386470383 1.4045565128326416 0
1732386470994 1.376064419746399 0
1732386471763 1.405346393585205 0
1732386471887 1.349224328994751 0
1732386471994 1.3370559215545654 0
1732386472567 1.3637101650238037 0
1732386473374 1.3756910562515259 0
1732386473512 1.3657407760620117 0
1732386473616 1.3796484470367432 0
1732386474095 1.3153517246246338 0
1732386474905 1.3949964046478271 0
1732386475027 1.3846619129180908 0
1732386475138 1.3976640701293945 0
1732386475511 1.327057957649231 0
1732386476196 1.384514570236206 0
1732386476322 1.3526418209075928 0
1732386476429 1.3963675498962402 0
1732386476946 1.4219623804092407 0
1732386477706 1.3268530368804932 0
1732386477832 1.4056689739227295 0
1732386477934 1.3524715900421143 0
1732386478279 1.382473111152649 0
1732386479173 1.320464849472046 0
1732386479298 1.4031505584716797 0
1732386479402 1.3605256080627441 0
1732386479739 1.3276268243789673 0
1732386480526 1.374656319618225 0
1732386480651 1.3625421524047852 0
1732386480756 1.3398066759109497 0
1732386481213 1.3485827445983887 0
