1732441740304 0.0 3
1732441740572 0.0 7
1732441740936 0.0 11
1732441741345 0.0 15
1732441741871 0.0 19
1732441742345 0.0 23
1732441742873 0.0 27
1732441743198 0.0 31
1732441743606 0.0 35
1732441744057 0.0 39
1732441744424 0.0 43
1732441744843 0.0 47
1732441745281 0.0 51
1732441745761 0.0 55
1732441747307 0.0 55
1732441747330 0.0 55
1732441748229 1.0 59
1732441748491 1.0 63
1732441748889 1.0 67
1732441749306 1.0 71
1732441749732 1.0 75
1732441750183 1.0 79
1732441750642 1.0 83
1732441751048 1.0 87
1732441751437 1.0 91
1732441751885 1.0 95
1732441752278 1.0 99
1732441752674 1.0 103
1732441753021 1.0 107
1732441753454 1.0 111
1732441755102 1.0 111
1732441755125 1.0 111
1732441755748 2.0 115
1732441756119 2.0 119
1732441756507 2.0 123
1732441756942 2.0 127
1732441757341 2.0 131
1732441757736 2.0 135
1732441758148 2.0 139
1732441758602 2.0 143
1732441759023 2.0 147
1732441759458 2.0 151
1732441759879 2.0 155
1732441760359 2.0 159
1732441760762 2.0 163
1732441761168 2.0 167
1732441762959 2.0 167
1732441762980 2.0 167
1732441763864 3.0 171
1732441764314 3.0 175
1732441764697 3.0 179
1732441765188 3.0 183
1732441765574 3.0 187
1732441765987 3.0 191
1732441766397 3.0 195
1732441766779 3.0 199
1732441767161 3.0 203
1732441767577 3.0 207
1732441768008 3.0 211
1732441768405 3.0 215
1732441768985 3.0 219
1732441769424 3.0 223
1732441770990 3.0 223
1732441771013 3.0 223
1732441771732 4.0 227
1732441772160 4.0 231
1732441772585 4.0 235
1732441772995 4.0 239
1732441773408 4.0 243
1732441773815 4.0 247
1732441774181 4.0 251
1732441774599 4.0 255
1732441775070 4.0 259
1732441775513 4.0 263
1732441775908 4.0 267
1732441776351 4.0 271
1732441776832 4.0 275
1732441777221 4.0 279
1732441778854 4.0 279
1732441778879 4.0 279
1732441779598 5.0 283
1732441780016 5.0 287
1732441780457 5.0 291
1732441780887 5.0 295
1732441781296 5.0 299
1732441781714 5.0 303
1732441782084 5.0 307
1732441782562 5.0 311
1732441782914 5.0 315
1732441783377 5.0 319
1732441783725 5.0 323
1732441784202 5.0 327
1732441784581 5.0 331
1732441784981 5.0 335
1732441786486 5.0 335
1732441786509 5.0 335
1732441787241 6.0 339
1732441787702 6.0 343
1732441788109 6.0 347
1732441788585 6.0 351
1732441788985 6.0 355
1732441789373 6.0 359
1732441789771 6.0 363
1732441790220 6.0 367
1732441790622 6.0 371
1732441791119 6.0 375
1732441791538 6.0 379
1732441791919 6.0 383
1732441792339 6.0 387
1732441792734 6.0 391
1732441794219 6.0 391
1732441794239 6.0 391
1732441794922 7.0 395
1732441795337 7.0 399
1732441795750 7.0 403
1732441796168 7.0 407
1732441796586 7.0 411
1732441796966 7.0 415
1732441797366 7.0 419
1732441797815 7.0 423
1732441798234 7.0 427
1732441798656 7.0 431
1732441799062 7.0 435
1732441799450 7.0 439
1732441799866 7.0 443
1732441800258 7.0 447
1732441801811 7.0 447
1732441801833 7.0 447
1732441802545 8.0 451
1732441802952 8.0 455
1732441803371 8.0 459
1732441803812 8.0 463
1732441804272 8.0 467
1732441804718 8.0 471
1732441805056 8.0 475
1732441805579 8.0 479
1732441805918 8.0 483
1732441806361 8.0 487
1732441806786 8.0 491
1732441807231 8.0 495
1732441807633 8.0 499
1732441808046 8.0 503
1732441809571 8.0 503
1732441809589 8.0 503
1732441810216 9.0 507
1732441810664 9.0 511
1732441811125 9.0 515
1732441811579 9.0 519
1732441811949 9.0 523
1732441812339 9.0 527
1732441812725 9.0 531
1732441813075 9.0 535
1732441813499 9.0 539
1732441813876 9.0 543
1732441814291 9.0 547
1732441814699 9.0 551
1732441815158 9.0 555
1732441815583 9.0 559
1732441817467 9.0 559
1732441817490 9.0 559
1732441818178 10.0 563
1732441818529 10.0 567
1732441818910 10.0 571
1732441819319 10.0 575
1732441819736 10.0 579
1732441820142 10.0 583
1732441820545 10.0 587
1732441820968 10.0 591
1732441821372 10.0 595
1732441821863 10.0 599
1732441822226 10.0 603
1732441822626 10.0 607
1732441823022 10.0 611
1732441823435 10.0 615
1732441824998 10.0 615
1732441825021 10.0 615
1732441825599 11.0 619
1732441826046 11.0 623
1732441826489 11.0 627
1732441826899 11.0 631
1732441827339 11.0 635
1732441827746 11.0 639
1732441828154 11.0 643
1732441828668 11.0 647
1732441829112 11.0 651
1732441829493 11.0 655
1732441829913 11.0 659
1732441830263 11.0 663
1732441830660 11.0 667
1732441831058 11.0 671
1732441832574 11.0 671
1732441832598 11.0 671
1732441833337 12.0 675
1732441833742 12.0 679
1732441834185 12.0 683
1732441834605 12.0 687
1732441835035 12.0 691
1732441835418 12.0 695
1732441835836 12.0 699
1732441836229 12.0 703
1732441836609 12.0 707
1732441837070 12.0 711
1732441837454 12.0 715
1732441837860 12.0 719
1732441838312 12.0 723
1732441838779 12.0 727
1732441840275 12.0 727
1732441840297 12.0 727
1732441841018 13.0 731
1732441841415 13.0 735
1732441841822 13.0 739
1732441842296 13.0 743
1732441842741 13.0 747
1732441843140 13.0 751
1732441843603 13.0 755
1732441843978 13.0 759
1732441844405 13.0 763
1732441844818 13.0 767
1732441845284 13.0 771
1732441845732 13.0 775
1732441846157 13.0 779
1732441846548 13.0 783
1732441848028 13.0 783
1732441848051 13.0 783
1732441848709 14.0 787
1732441849164 14.0 791
1732441849581 14.0 795
1732441850072 14.0 799
1732441850623 14.0 803
1732441851041 14.0 807
1732441851475 14.0 811
1732441851891 14.0 815
1732441852258 14.0 819
1732441852770 14.0 823
1732441853192 14.0 827
1732441853778 14.0 831
1732441854163 14.0 835
1732441854610 14.0 839
1732441856179 14.0 839
1732441856200 14.0 839
1732441856822 15.0 843
1732441857287 15.0 847
1732441857692 15.0 851
1732441858156 15.0 855
1732441858635 15.0 859
1732441859019 15.0 863
1732441859497 15.0 867
1732441859914 15.0 871
1732441860337 15.0 875
1732441860721 15.0 879
1732441861151 15.0 883
1732441861552 15.0 887
1732441861954 15.0 891
1732441862385 15.0 895
1732441864128 15.0 895
1732441864151 15.0 895
1732441864959 16.0 899
1732441865496 16.0 903
1732441865917 16.0 907
1732441866300 16.0 911
1732441866726 16.0 915
1732441867213 16.0 919
1732441867644 16.0 923
1732441868078 16.0 927
1732441868478 16.0 931
1732441868871 16.0 935
1732441869274 16.0 939
1732441869704 16.0 943
1732441870135 16.0 947
1732441870587 16.0 951
1732441872150 16.0 951
1732441872172 16.0 951
1732441872859 17.0 955
1732441873242 17.0 959
1732441873712 17.0 963
1732441874133 17.0 967
1732441874531 17.0 971
1732441874992 17.0 975
1732441875423 17.0 979
1732441875798 17.0 983
1732441876159 17.0 987
1732441876572 17.0 991
1732441877008 17.0 995
1732441877416 17.0 999
1732441877861 17.0 1003
1732441878273 17.0 1007
1732441879838 17.0 1007
1732441879864 17.0 1007
1732441880751 18.0 1011
1732441881163 18.0 1015
1732441881572 18.0 1019
1732441881996 18.0 1023
1732441882436 18.0 1027
1732441882869 18.0 1031
1732441883239 18.0 1035
1732441883745 18.0 1039
1732441884173 18.0 1043
1732441884602 18.0 1047
1732441885057 18.0 1051
1732441885589 18.0 1055
1732441885941 18.0 1059
1732441886315 18.0 1063
1732441887826 18.0 1063
1732441887847 18.0 1063
1732441888619 19.0 1067
1732441888974 19.0 1071
1732441889389 19.0 1075
1732441889825 19.0 1079
1732441890255 19.0 1083
1732441890672 19.0 1087
1732441891043 19.0 1091
1732441891485 19.0 1095
1732441891866 19.0 1099
1732441892280 19.0 1103
1732441892649 19.0 1107
1732441893027 19.0 1111
1732441893411 19.0 1115
1732441893841 19.0 1119
1732441895344 19.0 1119
1732441895363 19.0 1119
