1732441739665 1.3842288255691528 0
1732441739982 1.4936589002609253 1
1732441740139 1.6156160831451416 2
1732441740285 1.620667576789856 3
1732441740357 1.4320042133331299 4
1732441740424 1.4485268592834473 5
1732441740487 1.4411046504974365 6
1732441740562 1.415185570716858 7
1732441740740 1.3594175577163696 8
1732441740795 1.3736674785614014 9
1732441740854 1.3632944822311401 10
1732441740923 1.3245710134506226 11
1732441741159 1.350197196006775 12
1732441741212 1.3397626876831055 13
1732441741269 1.3321659564971924 14
1732441741333 1.3291152715682983 15
1732441741668 1.3210875988006592 16
1732441741720 1.3977880477905273 17
1732441741790 1.3747923374176025 18
1732441741860 1.4008071422576904 19
1732441742143 1.3060262203216553 20
1732441742201 1.2756367921829224 21
1732441742258 1.3660691976547241 22
1732441742332 1.2592682838439941 23
1732441742641 1.2085020542144775 24
1732441742721 1.3067607879638672 25
1732441742803 1.457283616065979 26
1732441742859 1.3236126899719238 27
1732441742996 1.3363428115844727 28
1732441743057 1.5061980485916138 29
1732441743120 1.1321427822113037 30
1732441743186 1.300645112991333 31
1732441743400 1.2719900608062744 32
1732441743454 1.1272950172424316 33
1732441743520 1.3873941898345947 34
1732441743594 1.3900302648544312 35
1732441743840 1.1686363220214844 36
1732441743903 1.4578577280044556 37
1732441743973 1.3644905090332031 38
1732441744040 1.151766061782837 39
1732441744231 1.207794189453125 40
1732441744286 1.499919056892395 41
1732441744343 1.4507253170013428 42
1732441744410 1.4023547172546387 43
1732441744643 1.2970197200775146 44
1732441744704 1.3478844165802002 45
1732441744773 1.1489490270614624 46
1732441744833 1.5058140754699707 47
1732441745081 1.3009519577026367 48
1732441745143 1.450647234916687 49
1732441745215 1.4569132328033447 50
1732441745271 1.1530052423477173 51
1732441745465 1.346982479095459 52
1732441745516 1.2479722499847412 53
1732441745575 1.2099461555480957 54
1732441745671 1.2365113496780396 55
1732441748012 1.401200771331787 0
1732441748077 1.3954150676727295 1
1732441748141 1.3010811805725098 2
1732441748215 1.3068833351135254 3
1732441748295 1.249557375907898 4
1732441748351 1.4507813453674316 5
1732441748414 1.4035282135009766 6
1732441748477 1.305603265762329 7
1732441748720 1.2964102029800415 8
1732441748768 1.1041793823242188 9
1732441748823 1.440908432006836 10
1732441748875 1.3597675561904907 11
1732441749078 1.2993258237838745 12
1732441749135 1.3531250953674316 13
1732441749235 1.2151827812194824 14
1732441749292 1.3886070251464844 15
1732441749517 1.3565037250518799 16
1732441749605 1.2090957164764404 17
1732441749655 1.441352367401123 18
1732441749722 1.4391002655029297 19
1732441749914 1.4485543966293335 20
1732441750055 1.310560703277588 21
1732441750109 1.3009490966796875 22
1732441750164 1.2017452716827393 23
1732441750296 1.4505267143249512 24
1732441750508 1.3055672645568848 25
1732441750565 1.3134503364562988 26
1732441750622 1.2983086109161377 27
1732441750706 1.4359434843063354 28
1732441750917 1.3645373582839966 29
1732441750975 1.4387309551239014 30
1732441751032 1.3501877784729004 31
1732441751127 1.2150341272354126 32
1732441751307 1.3398866653442383 33
1732441751365 1.3748480081558228 34
1732441751424 1.3352025747299194 35
1732441751480 1.4563175439834595 36
1732441751759 1.1922903060913086 37
1732441751817 1.2691285610198975 38
1732441751870 1.270883321762085 39
1732441751924 1.3129998445510864 40
1732441752160 1.3344805240631104 41
1732441752212 1.3818044662475586 42
1732441752264 1.2424821853637695 43
1732441752384 1.0977153778076172 44
1732441752546 1.3576507568359375 45
1732441752602 1.2630946636199951 46
1732441752657 1.1658482551574707 47
1732441752780 1.222464919090271 48
1732441752897 1.391501545906067 49
1732441752953 1.2422988414764404 50
1732441753005 1.2988004684448242 51
1732441753130 1.2578866481781006 52
1732441753331 1.3233952522277832 53
1732441753384 1.3494846820831299 54
1732441753443 1.2263506650924683 55
1732441755556 1.3914709091186523 0
1732441755615 1.3077130317687988 1
1732441755671 1.4067802429199219 2
1732441755732 1.3023579120635986 3
1732441755935 1.3122378587722778 4
1732441755996 1.2955291271209717 5
1732441756054 1.349059820175171 6
1732441756107 1.359049916267395 7
1732441756325 1.3944469690322876 8
1732441756394 1.2536143064498901 9
1732441756445 1.257056713104248 10
1732441756496 1.4020707607269287 11
1732441756701 1.4457266330718994 12
1732441756781 1.2509117126464844 13
1732441756867 1.4157391786575317 14
1732441756925 1.0951272249221802 15
1732441757150 1.2511929273605347 16
1732441757220 1.3022148609161377 17
1732441757272 1.4983508586883545 18
1732441757331 1.2954487800598145 19
1732441757528 1.4104104042053223 20
1732441757596 1.3630781173706055 21
1732441757663 1.3611615896224976 22
1732441757720 1.3486216068267822 23
1732441757933 1.2056455612182617 24
1732441758010 1.4027345180511475 25
1732441758072 1.257129192352295 26
1732441758137 1.3522748947143555 27
1732441758361 1.2930972576141357 28
1732441758472 1.1997143030166626 29
1732441758529 1.16094970703125 30
1732441758589 1.2047655582427979 31
1732441758772 1.39444899559021 32
1732441758883 1.301117181777954 33
1732441758948 1.2646921873092651 34
1732441759004 1.201978087425232 35
1732441759279 1.2034341096878052 36
1732441759340 1.342612385749817 37
1732441759396 1.3501312732696533 38
1732441759448 1.1992918252944946 39
1732441759691 1.3507275581359863 40
1732441759747 1.462815523147583 41
1732441759802 1.2974162101745605 42
1732441759858 1.2001993656158447 43
1732441760179 1.1980574131011963 44
1732441760233 1.2948750257492065 45
1732441760284 1.4472901821136475 46
1732441760348 1.3568999767303467 47
1732441760567 1.4094552993774414 48
1732441760632 1.3580242395401 49
1732441760684 1.5492695569992065 50
1732441760747 1.2495933771133423 51
1732441760979 1.351718544960022 52
1732441761034 1.2955312728881836 53
1732441761091 1.383280634880066 54
1732441761157 1.2295596599578857 55
1732441763639 1.3062517642974854 0
1732441763716 1.3575923442840576 1
1732441763776 1.4061193466186523 2
1732441763848 1.4446364641189575 3
1732441764101 1.169943928718567 4
1732441764162 1.4446359872817993 5
1732441764220 1.1602095365524292 6
1732441764296 1.4064981937408447 7
1732441764501 1.4426195621490479 8
1732441764554 1.444271445274353 9
1732441764610 1.42898690700531 10
1732441764679 1.3311660289764404 11
1732441764980 1.3919349908828735 12
1732441765056 1.3175435066223145 13
1732441765125 1.3120301961898804 14
1732441765175 1.3381884098052979 15
1732441765375 1.194115400314331 16
1732441765428 1.3729963302612305 17
1732441765489 1.3049746751785278 18
1732441765557 1.3492522239685059 19
1732441765787 1.2512195110321045 20
1732441765847 1.2602930068969727 21
1732441765914 1.3810782432556152 22
1732441765976 1.2181875705718994 23
1732441766202 1.3084053993225098 24
1732441766256 1.2569948434829712 25
1732441766323 1.4154491424560547 26
1732441766387 1.2872505187988281 27
1732441766584 1.3101001977920532 28
1732441766640 1.2642343044281006 29
1732441766703 1.268142580986023 30
1732441766767 1.1200374364852905 31
1732441766964 1.3862273693084717 32
1732441767022 1.2622089385986328 33
1732441767084 1.3549869060516357 34
1732441767149 1.2022068500518799 35
1732441767384 1.2987686395645142 36
1732441767446 1.1632771492004395 37
1732441767500 1.3036510944366455 38
1732441767566 1.3542423248291016 39
1732441767802 1.403120517730713 40
1732441767858 1.406158447265625 41
1732441767918 1.402083158493042 42
1732441767990 1.3035812377929688 43
1732441768190 1.2385828495025635 44
1732441768251 1.1866024732589722 45
1732441768310 1.402092456817627 46
1732441768385 1.4056787490844727 47
1732441768783 1.3555231094360352 48
1732441768857 1.2988502979278564 49
1732441768917 1.4982264041900635 50
1732441768971 1.3433572053909302 51
1732441769203 1.2097748517990112 52
1732441769261 1.2381558418273926 53
1732441769316 1.2478373050689697 54
1732441769410 1.3387291431427002 55
1732441771533 1.293572187423706 0
1732441771596 1.4533785581588745 1
1732441771653 1.3635001182556152 2
1732441771718 1.2907538414001465 3
1732441771984 1.2558748722076416 4
1732441772044 1.2540826797485352 5
1732441772098 1.2277226448059082 6
1732441772148 1.244584083557129 7
1732441772397 1.4859766960144043 8
1732441772458 1.3078267574310303 9
1732441772512 1.3108971118927002 10
1732441772569 1.3486135005950928 11
1732441772820 1.3514107465744019 12
1732441772875 1.3440675735473633 13
1732441772925 1.396488904953003 14
1732441772981 1.2163896560668945 15
1732441773175 1.423953652381897 16
1732441773252 1.32974112033844 17
1732441773304 1.2449653148651123 18
1732441773363 1.1958696842193604 19
1732441773558 1.3062424659729004 20
1732441773694 1.2869426012039185 21
1732441773752 1.1846132278442383 22
1732441773805 1.239391803741455 23
1732441773981 1.2924249172210693 24
1732441774066 1.2888169288635254 25
1732441774118 1.2266693115234375 26
1732441774170 1.3490030765533447 27
1732441774339 1.3494200706481934 28
1732441774458 1.3388288021087646 29
1732441774533 1.3392934799194336 30
1732441774588 1.311034917831421 31
1732441774733 1.3611842393875122 32
1732441774818 1.346240758895874 33
1732441774992 1.3463354110717773 34
1732441775056 1.400658369064331 35
1732441775115 1.216707468032837 36
1732441775247 1.3840889930725098 37
1732441775437 1.2028172016143799 38
1732441775498 1.626389741897583 39
1732441775563 1.0241285562515259 40
1732441775689 1.38969087600708 41
1732441775831 1.3547780513763428 42
1732441775896 1.388688087463379 43
1732441775960 1.1640396118164062 44
1732441776095 1.4353530406951904 45
1732441776276 1.386763334274292 46
1732441776335 1.3933590650558472 47
1732441776440 1.2655704021453857 48
1732441776511 1.3526057004928589 49
1732441776746 1.3923206329345703 50
1732441776820 1.2470285892486572 51
1732441776893 1.3136272430419922 52
1732441776940 1.3887652158737183 53
1732441777132 1.2815219163894653 54
1732441777209 1.3092707395553589 55
1732441779345 1.2690485715866089 0
1732441779465 1.3160028457641602 1
1732441779524 1.4134762287139893 2
1732441779584 1.2969914674758911 3
1732441779735 1.261634111404419 4
1732441779894 1.384473443031311 5
1732441779949 1.2905211448669434 6
1732441780002 1.4355864524841309 7
1732441780144 1.3084826469421387 8
1732441780337 1.3556545972824097 9
1732441780390 1.2005648612976074 10
1732441780445 1.370060682296753 11
1732441780595 1.2630906105041504 12
1732441780763 1.3800479173660278 13
1732441780820 1.4564228057861328 14
1732441780875 1.1909263134002686 15
1732441780983 1.2846277952194214 16
1732441781160 1.3554024696350098 17
1732441781215 1.3591134548187256 18
1732441781278 1.2565858364105225 19
1732441781394 1.3808469772338867 20
1732441781593 1.3043973445892334 21
1732441781649 1.2609829902648926 22
1732441781702 1.2460551261901855 23
1732441781826 1.220203161239624 24
1732441781963 1.350967288017273 25
1732441782018 1.2771246433258057 26
1732441782072 1.2182809114456177 27
1732441782219 1.293048620223999 28
1732441782424 1.4417356252670288 29
1732441782479 1.4069744348526 30
1732441782546 1.1493985652923584 31
1732441782690 1.3019492626190186 32
1732441782799 1.2882258892059326 33
1732441782853 1.4452879428863525 34
1732441782904 1.3986382484436035 35
1732441783125 1.306185245513916 36
1732441783236 1.353355884552002 37
1732441783297 1.298097848892212 38
1732441783360 1.2489311695098877 39
1732441783506 1.304044246673584 40
1732441783611 1.31005859375 41
1732441783662 1.3550441265106201 42
1732441783712 1.4013769626617432 43
1732441783999 1.1933643817901611 44
1732441784066 1.2485699653625488 45
1732441784125 1.202650547027588 46
1732441784189 1.3913908004760742 47
1732441784399 1.266247034072876 48
1732441784457 1.4499053955078125 49
1732441784506 1.2982521057128906 50
1732441784565 1.3622483015060425 51
1732441784776 1.298213005065918 52
1732441784831 1.3934292793273926 53
1732441784882 1.4477380514144897 54
1732441784970 1.2300509214401245 55
1732441787049 1.3975309133529663 0
1732441787108 1.434603214263916 1
1732441787170 1.2506625652313232 2
1732441787230 1.3359636068344116 3
1732441787503 1.3426575660705566 4
1732441787562 1.3785195350646973 5
1732441787619 1.3033363819122314 6
1732441787688 1.4365429878234863 7
1732441787915 1.3344030380249023 8
1732441787972 1.3290901184082031 9
1732441788032 1.4168659448623657 10
1732441788097 1.525235652923584 11
1732441788377 1.2787867784500122 12
1732441788446 1.3638036251068115 13
1732441788499 1.2563223838806152 14
1732441788572 1.3254531621932983 15
1732441788732 1.312286376953125 16
1732441788802 1.2407569885253906 17
1732441788894 1.2939139604568481 18
1732441788967 1.1876189708709717 19
1732441789180 1.245154857635498 20
1732441789241 1.2153844833374023 21
1732441789297 1.276979684829712 22
1732441789357 1.3625235557556152 23
1732441789573 1.3507094383239746 24
1732441789634 1.336557149887085 25
1732441789693 1.4714758396148682 26
1732441789757 1.15892493724823 27
1732441790023 1.2458827495574951 28
1732441790093 1.301662802696228 29
1732441790147 1.4123098850250244 30
1732441790204 1.3451426029205322 31
1732441790424 1.2980694770812988 32
1732441790489 1.3991209268569946 33
1732441790545 1.4690643548965454 34
1732441790608 1.100662112236023 35
1732441790927 1.1020232439041138 36
1732441790991 1.04568350315094 37
1732441791051 1.456228256225586 38
1732441791106 1.5146504640579224 39
1732441791345 1.236068844795227 40
1732441791416 1.3096110820770264 41
1732441791472 1.4559822082519531 42
1732441791523 1.4104363918304443 43
1732441791737 1.246943473815918 44
1732441791806 1.2518277168273926 45
1732441791856 1.3504887819290161 46
1732441791909 1.301776647567749 47
1732441792141 1.4142370223999023 48
1732441792209 1.0362523794174194 49
1732441792274 1.2986631393432617 50
1732441792326 1.3035869598388672 51
1732441792539 1.3565574884414673 52
1732441792591 1.3578404188156128 53
1732441792639 1.2487983703613281 54
1732441792724 1.5130032300949097 55
1732441794738 1.1413054466247559 0
1732441794797 1.2488350868225098 1
1732441794852 1.199662446975708 2
1732441794911 1.398644208908081 3
1732441795148 1.241318941116333 4
1732441795208 1.0328242778778076 5
1732441795271 1.3540817499160767 6
1732441795326 1.5071117877960205 7
1732441795576 1.2979345321655273 8
1732441795633 1.5052677392959595 9
1732441795688 1.4580590724945068 10
1732441795740 1.295729637145996 11
1732441795971 1.2496265172958374 12
1732441796032 1.3466768264770508 13
1732441796100 1.3539605140686035 14
1732441796156 1.4041345119476318 15
1732441796333 1.3015334606170654 16
1732441796389 1.3484644889831543 17
1732441796515 1.3494722843170166 18
1732441796575 1.3017373085021973 19
1732441796739 1.3962664604187012 20
1732441796796 1.4267945289611816 21
1732441796892 1.35183584690094 22
1732441796951 1.1774101257324219 23
1732441797136 1.4163360595703125 24
1732441797198 1.4282454252243042 25
1732441797302 1.2507059574127197 26
1732441797354 1.2184100151062012 27
1732441797560 1.2765085697174072 28
1732441797614 1.260955810546875 29
1732441797742 1.3498784303665161 30
1732441797803 1.394221544265747 31
1732441797961 1.3550617694854736 32
1732441798017 1.2404204607009888 33
1732441798154 1.2163923978805542 34
1732441798218 1.13080894947052 35
1732441798332 1.396733045578003 36
1732441798385 1.2471997737884521 37
1732441798575 1.2241334915161133 38
1732441798637 1.3689318895339966 39
1732441798704 1.444063663482666 40
1732441798781 1.1563372611999512 41
1732441798992 1.612663984298706 42
1732441799051 1.348281979560852 43
1732441799105 1.3090252876281738 44
1732441799236 1.3160943984985352 45
1732441799370 1.3045490980148315 46
1732441799432 1.4094834327697754 47
1732441799499 1.1560583114624023 48
1732441799714 1.307149052619934 49
1732441799788 1.2613234519958496 50
1732441799850 1.4001550674438477 51
1732441799911 1.2918535470962524 52
1732441800109 1.4921491146087646 53
1732441800173 1.2482186555862427 54
1732441800244 1.3302744626998901 55
1732441802354 1.199107050895691 0
1732441802411 1.3574856519699097 1
1732441802468 1.3597981929779053 2
1732441802531 1.3501989841461182 3
1732441802770 1.5067956447601318 4
1732441802824 1.4016294479370117 5
1732441802877 1.4486019611358643 6
1732441802934 1.318423867225647 7
1732441803193 1.2951478958129883 8
1732441803248 1.2051845788955688 9
1732441803299 1.3466825485229492 10
1732441803359 1.2118499279022217 11
1732441803633 1.2061145305633545 12
1732441803691 1.3008956909179688 13
1732441803742 1.2531954050064087 14
1732441803798 1.1136138439178467 15
1732441804079 1.1993132829666138 16
1732441804140 1.3024922609329224 17
1732441804199 1.3925626277923584 18
1732441804254 1.3491230010986328 19
1732441804519 1.3453447818756104 20
1732441804597 1.4416091442108154 21
1732441804647 1.50259530544281 22
1732441804706 1.3469634056091309 23
1732441804874 1.4439358711242676 24
1732441804929 1.1597744226455688 25
1732441804984 1.3452460765838623 26
1732441805042 1.405145287513733 27
1732441805373 1.3387964963912964 28
1732441805436 1.3420326709747314 29
1732441805497 1.2642524242401123 30
1732441805560 1.3918399810791016 31
1732441805730 1.3944110870361328 32
1732441805790 1.3289425373077393 33
1732441805847 1.260223627090454 34
1732441805905 1.186482548713684 35
1732441806179 1.261012077331543 36
1732441806238 1.359724521636963 37
1732441806290 1.427107334136963 38
1732441806349 1.303405523300171 39
1732441806598 1.1181409358978271 40
1732441806660 1.2163089513778687 41
1732441806715 1.4034686088562012 42
1732441806773 1.2491037845611572 43
1732441807034 1.2652605772018433 44
1732441807097 1.4203405380249023 45
1732441807162 1.3862468004226685 46
1732441807219 1.2169020175933838 47
1732441807448 1.193220615386963 48
1732441807509 1.4492366313934326 49
1732441807568 1.2470424175262451 50
1732441807624 1.356562614440918 51
1732441807837 1.4116628170013428 52
1732441807888 1.2934948205947876 53
1732441807945 1.2975842952728271 54
1732441808025 1.3368380069732666 55
1732441810018 1.3335949182510376 0
1732441810090 1.1171884536743164 1
1732441810148 1.3091843128204346 2
1732441810206 1.2504857778549194 3
1732441810461 1.2046475410461426 4
1732441810534 1.2486594915390015 5
1732441810590 1.3135647773742676 6
1732441810653 1.307706356048584 7
1732441810819 1.3485132455825806 8
1732441810993 1.3581161499023438 9
1732441811050 1.4004926681518555 10
1732441811108 1.2895163297653198 11
1732441811198 1.250068187713623 12
1732441811446 1.3020110130310059 13
1732441811500 1.3575748205184937 14
1732441811559 1.2577046155929565 15
1732441811624 1.3961443901062012 16
1732441811819 1.449524164199829 17
1732441811878 1.2362372875213623 18
1732441811931 1.1907403469085693 19
1732441812069 1.1524059772491455 20
1732441812212 1.34341299533844 21
1732441812267 1.300678014755249 22
1732441812321 1.314690113067627 23
1732441812477 1.3515138626098633 24
1732441812592 1.4582560062408447 25
1732441812648 1.3994663953781128 26
1732441812707 1.3004090785980225 27
1732441812848 1.4018099308013916 28
1732441812930 1.4417049884796143 29
1732441812988 1.3016815185546875 30
1732441813059 1.434048056602478 31
1732441813252 1.3527452945709229 32
1732441813367 1.3472695350646973 33
1732441813425 1.2938916683197021 34
1732441813481 1.5212478637695312 35
1732441813634 1.3553509712219238 36
1732441813713 1.3928110599517822 37
1732441813771 1.3559858798980713 38
1732441813864 1.2314502000808716 39
1732441814089 1.1878920793533325 40
1732441814145 1.3153886795043945 41
1732441814202 1.3208727836608887 42
1732441814280 1.1842596530914307 43
1732441814438 1.3872736692428589 44
1732441814535 1.3836172819137573 45
1732441814619 1.278172492980957 46
1732441814689 1.3066277503967285 47
1732441814818 1.4623950719833374 48
1732441815028 1.1639299392700195 49
1732441815086 1.3071768283843994 50
1732441815146 1.4512745141983032 51
1732441815200 1.4351471662521362 52
1732441815410 1.2017751932144165 53
1732441815480 1.340372085571289 54
1732441815563 1.172019600868225 55
1732441817981 1.4532701969146729 0
1732441818043 1.3013815879821777 1
1732441818100 1.3487094640731812 2
1732441818165 1.4067295789718628 3
1732441818352 1.4368062019348145 4
1732441818413 1.2409191131591797 5
1732441818461 1.2544488906860352 6
1732441818515 1.3475847244262695 7
1732441818716 1.337135910987854 8
1732441818792 1.354225516319275 9
1732441818843 1.3406511545181274 10
1732441818899 1.2113871574401855 11
1732441819115 1.2488903999328613 12
1732441819202 1.2582645416259766 13
1732441819257 1.2474783658981323 14
1732441819308 1.4310781955718994 15
1732441819443 1.2516765594482422 16
1732441819602 1.3014099597930908 17
1732441819669 1.1111602783203125 18
1732441819725 1.2594447135925293 19
1732441819863 1.4384063482284546 20
1732441820015 1.3593826293945312 21
1732441820073 1.3522028923034668 22
1732441820126 1.2616677284240723 23
1732441820269 1.3596270084381104 24
1732441820422 1.334989070892334 25
1732441820479 1.3453898429870605 26
1732441820534 1.3085012435913086 27
1732441820641 1.2395590543746948 28
1732441820814 1.2977452278137207 29
1732441820870 1.1476948261260986 30
1732441820952 1.2568626403808594 31
1732441821064 1.2046148777008057 32
1732441821204 1.3434336185455322 33
1732441821257 1.2582303285598755 34
1732441821360 1.254301905632019 35
1732441821450 1.3133198022842407 36
1732441821591 1.3450260162353516 37
1732441821645 1.349008321762085 38
1732441821846 1.4117436408996582 39
1732441821907 1.0914515256881714 40
1732441822043 1.1577919721603394 41
1732441822097 1.14378023147583 42
1732441822211 1.4045177698135376 43
1732441822269 1.4074137210845947 44
1732441822408 1.4005382061004639 45
1732441822466 1.413520097732544 46
1732441822613 1.5613564252853394 47
1732441822678 1.3130559921264648 48
1732441822833 1.5113109350204468 49
1732441822888 1.3481279611587524 50
1732441823008 1.3473725318908691 51
1732441823140 1.3600656986236572 52
1732441823275 1.205293893814087 53
1732441823332 1.4944992065429688 54
1732441823420 1.337762475013733 55
1732441825422 1.4975221157073975 0
1732441825481 1.3483631610870361 1
1732441825536 1.198782205581665 2
1732441825587 1.4487532377243042 3
1732441825830 1.1102465391159058 4
1732441825927 1.3519258499145508 5
1732441825982 1.4010040760040283 6
1732441826032 1.16559898853302 7
1732441826282 1.3225170373916626 8
1732441826359 1.4505045413970947 9
1732441826413 1.220393419265747 10
1732441826472 1.3995311260223389 11
1732441826657 1.3416199684143066 12
1732441826775 1.3034002780914307 13
1732441826830 1.3901748657226562 14
1732441826883 1.2881150245666504 15
1732441827055 1.2150099277496338 16
1732441827210 1.3087081909179688 17
1732441827265 1.4023313522338867 18
1732441827322 1.5195790529251099 19
1732441827425 1.2302953004837036 20
1732441827610 1.2209275960922241 21
1732441827666 1.4018983840942383 22
1732441827729 1.2197576761245728 23
1732441827809 1.265700340270996 24
1732441828036 1.315769910812378 25
1732441828087 1.259641408920288 26
1732441828142 1.3805596828460693 27
1732441828237 1.2462164163589478 28
1732441828529 1.2554759979248047 29
1732441828588 1.3858065605163574 30
1732441828651 1.2609403133392334 31
1732441828715 1.1583844423294067 32
1732441828971 1.1606626510620117 33
1732441829033 1.4001717567443848 34
1732441829100 1.3932135105133057 35
1732441829153 1.3992836475372314 36
1732441829359 1.5091413259506226 37
1732441829414 1.3067941665649414 38
1732441829481 1.4582633972167969 39
1732441829545 1.3483082056045532 40
1732441829784 1.257024884223938 41
1732441829834 1.3458749055862427 42
1732441829901 1.2003564834594727 43
1732441829974 1.3508832454681396 44
1732441830138 1.251952886581421 45
1732441830190 1.2472302913665771 46
1732441830249 1.399243712425232 47
1732441830386 1.385676622390747 48
1732441830540 1.2469234466552734 49
1732441830592 1.2533565759658813 50
1732441830648 1.441777229309082 51
1732441830853 1.2589442729949951 52
1732441830916 1.3881642818450928 53
1732441830973 1.2963570356369019 54
1732441831048 1.2314186096191406 55
1732441833145 1.2200438976287842 0
1732441833203 1.3324594497680664 1
1732441833262 1.4286006689071655 2
1732441833325 1.4857990741729736 3
1732441833548 1.2965896129608154 4
1732441833599 1.2527031898498535 5
1732441833656 1.2022560834884644 6
1732441833724 1.3410670757293701 7
1732441833974 1.3898934125900269 8
1732441834026 1.3029062747955322 9
1732441834081 1.336816668510437 10
1732441834157 1.4964101314544678 11
1732441834394 1.3449623584747314 12
1732441834448 1.35549795627594 13
1732441834502 1.259953498840332 14
1732441834579 1.3107531070709229 15
1732441834859 1.3440370559692383 16
1732441834910 1.2062699794769287 17
1732441834965 1.2624436616897583 18
1732441835025 1.352353572845459 19
1732441835233 1.287778377532959 20
1732441835288 1.365557312965393 21
1732441835342 1.392756700515747 22
1732441835405 1.2550325393676758 23
1732441835639 1.2840070724487305 24
1732441835698 1.2104012966156006 25
1732441835763 1.3771755695343018 26
1732441835824 1.3473165035247803 27
1732441836042 1.258150339126587 28
1732441836092 1.361539602279663 29
1732441836147 1.4059334993362427 30
1732441836215 1.2261433601379395 31
1732441836418 1.4388208389282227 32
1732441836478 1.4862148761749268 33
1732441836532 1.1686627864837646 34
1732441836591 1.2185187339782715 35
1732441836887 1.1679801940917969 36
1732441836947 1.4002355337142944 37
1732441837003 1.335120677947998 38
1732441837057 1.33994460105896 39
1732441837270 1.3645288944244385 40
1732441837324 1.2473983764648438 41
1732441837378 1.1119413375854492 42
1732441837440 1.492655873298645 43
1732441837663 1.3372468948364258 44
1732441837724 1.3639588356018066 45
1732441837794 1.2582130432128906 46
1732441837849 1.345262050628662 47
1732441838131 1.2976230382919312 48
1732441838189 1.3450827598571777 49
1732441838246 1.3558967113494873 50
1732441838300 1.4972351789474487 51
1732441838581 1.1574625968933105 52
1732441838633 1.2082152366638184 53
1732441838682 1.207844853401184 54
1732441838760 1.341538667678833 55
1732441840797 1.2876287698745728 0
1732441840894 1.3050670623779297 1
1732441840945 1.2597384452819824 2
1732441841006 1.3043804168701172 3
1732441841219 1.2455772161483765 4
1732441841299 1.159191608428955 5
1732441841350 1.3538193702697754 6
1732441841405 1.152522325515747 7
1732441841612 1.2525148391723633 8
1732441841705 1.3526194095611572 9
1732441841757 1.4099950790405273 10
1732441841808 1.3006978034973145 11
1732441842091 1.4018678665161133 12
1732441842166 1.4040842056274414 13
1732441842217 1.3055152893066406 14
1732441842279 1.2434438467025757 15
1732441842486 1.3587372303009033 16
1732441842617 1.4671235084533691 17
1732441842672 1.3482165336608887 18
1732441842725 1.5049304962158203 19
1732441842939 1.264241099357605 20
1732441843025 1.1486778259277344 21
1732441843071 1.253448724746704 22
1732441843127 1.2881462574005127 23
1732441843368 1.1973857879638672 24
1732441843483 1.3156183958053589 25
1732441843539 1.2572110891342163 26
1732441843593 1.4479682445526123 27
1732441843735 1.3991401195526123 28
1732441843859 1.2413510084152222 29
1732441843913 1.2977638244628906 30
1732441843967 1.40126633644104 31
1732441844207 1.2956677675247192 32
1732441844283 1.3508610725402832 33
1732441844334 1.2590863704681396 34
1732441844388 1.3412132263183594 35
1732441844608 1.1934735774993896 36
1732441844688 1.4017565250396729 37
1732441844746 1.3940547704696655 38
1732441844801 1.3250583410263062 39
1732441845078 1.3028843402862549 40
1732441845150 1.3584718704223633 41
1732441845207 1.3975157737731934 42
1732441845268 1.377168893814087 43
1732441845528 1.2498397827148438 44
1732441845593 1.4421865940093994 45
1732441845650 1.3595271110534668 46
1732441845718 1.4031028747558594 47
1732441845894 1.304270625114441 48
1732441846027 1.2621779441833496 49
1732441846083 1.328664779663086 50
1732441846139 1.3335962295532227 51
1732441846257 1.3301024436950684 52
1732441846402 1.2795746326446533 53
1732441846452 1.3909449577331543 54
1732441846532 1.2190734148025513 55
1732441848500 1.3528013229370117 0
1732441848578 1.2513502836227417 1
1732441848634 1.4200820922851562 2
1732441848693 1.334749460220337 3
1732441848930 1.2461806535720825 4
1732441849035 1.3177809715270996 5
1732441849091 1.3267003297805786 6
1732441849145 1.3258750438690186 7
1732441849259 1.3790373802185059 8
1732441849427 1.213282823562622 9
1732441849498 1.383986473083496 10
1732441849566 1.4739651679992676 11
1732441849673 1.4445292949676514 12
1732441849942 1.311629295349121 13
1732441850003 1.2931482791900635 14
1732441850058 1.3312585353851318 15
1732441850115 1.2119724750518799 16
1732441850486 1.320327639579773 17
1732441850551 1.299480676651001 18
1732441850611 1.305413007736206 19
1732441850680 1.2216767072677612 20
1732441850907 1.304224967956543 21
1732441850968 1.2057702541351318 22
1732441851027 1.3162503242492676 23
1732441851095 1.4476196765899658 24
1732441851334 1.2047464847564697 25
1732441851400 1.4376475811004639 26
1732441851461 1.3507730960845947 27
1732441851537 1.3562731742858887 28
1732441851740 1.3015508651733398 29
1732441851792 1.3529103994369507 30
1732441851872 1.2522060871124268 31
1732441851940 1.310076117515564 32
1732441852132 1.4886696338653564 33
1732441852187 1.3528246879577637 34
1732441852245 1.4931600093841553 35
1732441852351 1.2117271423339844 36
1732441852641 1.3116064071655273 37
1732441852703 1.253514289855957 38
1732441852756 1.290208101272583 39
1732441852812 1.2562514543533325 40
1732441853060 1.2497544288635254 41
1732441853118 1.3491613864898682 42
1732441853180 1.3412485122680664 43
1732441853238 1.2468509674072266 44
1732441853630 1.1017898321151733 45
1732441853696 1.34697425365448 46
1732441853759 1.1603643894195557 47
1732441853831 1.298097848892212 48
1732441854008 1.2981255054473877 49
1732441854075 1.248050332069397 50
1732441854152 1.4577189683914185 51
1732441854215 1.3453869819641113 52
1732441854444 1.3097891807556152 53
1732441854506 1.344826340675354 54
1732441854597 1.4346600770950317 55
1732441856621 1.4969695806503296 0
1732441856694 1.2979166507720947 1
1732441856748 1.443730115890503 2
1732441856808 1.1985677480697632 3
1732441856988 1.5339469909667969 4
1732441857152 1.2514673471450806 5
1732441857211 1.2934722900390625 6
1732441857267 1.2577613592147827 7
1732441857424 1.2978497743606567 8
1732441857570 1.2980692386627197 9
1732441857623 1.3884048461914062 10
1732441857678 1.4124367237091064 11
1732441857855 1.293020486831665 12
1732441858032 1.2275149822235107 13
1732441858085 1.2796378135681152 14
1732441858145 1.2369723320007324 15
1732441858233 1.2615454196929932 16
1732441858498 1.2400968074798584 17
1732441858550 1.4219967126846313 18
1732441858625 1.2617926597595215 19
1732441858682 1.3798484802246094 20
1732441858883 1.3059840202331543 21
1732441858938 1.3850388526916504 22
1732441859005 1.2438721656799316 23
1732441859059 1.3514726161956787 24
1732441859349 1.313905954360962 25
1732441859432 1.2639964818954468 26
1732441859486 1.2513911724090576 27
1732441859545 1.3596718311309814 28
1732441859774 1.3592469692230225 29
1732441859831 1.2255226373672485 30
1732441859896 1.259798526763916 31
1732441859963 1.3424855470657349 32
1732441860201 1.3006770610809326 33
1732441860269 1.1979200839996338 34
1732441860325 1.3420298099517822 35
1732441860379 1.2449365854263306 36
1732441860586 1.456780195236206 37
1732441860643 1.150567889213562 38
1732441860704 1.4998183250427246 39
1732441860770 1.3053925037384033 40
1732441861019 1.4378910064697266 41
1732441861077 1.4997119903564453 42
1732441861140 1.2518409490585327 43
1732441861199 1.2961552143096924 44
1732441861423 1.4491993188858032 45
1732441861479 1.3044815063476562 46
1732441861541 1.2983721494674683 47
1732441861601 1.4402916431427002 48
1732441861815 1.360400676727295 49
1732441861871 1.315582036972046 50
1732441861933 1.2671723365783691 51
1732441862076 1.0851207971572876 52
1732441862219 1.2616779804229736 53
1732441862278 1.303403377532959 54
1732441862371 1.361254096031189 55
1732441864741 1.3193103075027466 0
1732441864805 1.2171978950500488 1
1732441864865 1.206183910369873 2
1732441864942 1.3032774925231934 3
1732441865214 1.4481923580169678 4
1732441865269 1.3075287342071533 5
1732441865352 1.4132239818572998 6
1732441865449 1.1444846391677856 7
1732441865725 1.2956469058990479 8
1732441865778 1.3998401165008545 9
1732441865842 1.4910767078399658 10
1732441865904 1.1966114044189453 11
1732441866098 1.3937609195709229 12
1732441866174 1.301074743270874 13
1732441866237 1.448385238647461 14
1732441866289 1.2639813423156738 15
1732441866529 1.30103600025177 16
1732441866593 1.399146556854248 17
1732441866645 1.294540286064148 18
1732441866709 1.435608148574829 19
1732441867027 1.1622837781906128 20
1732441867089 1.155993938446045 21
1732441867144 1.3161225318908691 22
1732441867200 1.385088324546814 23
1732441867454 1.1197230815887451 24
1732441867516 1.3013341426849365 25
1732441867574 1.1130671501159668 26
1732441867629 1.2140215635299683 27
1732441867894 1.1889365911483765 28
1732441867948 1.354461431503296 29
1732441868006 1.41752028465271 30
1732441868061 1.4475419521331787 31
1732441868274 1.2496306896209717 32
1732441868332 1.2412140369415283 33
1732441868388 1.3036069869995117 34
1732441868465 1.4658453464508057 35
1732441868688 1.2939801216125488 36
1732441868747 1.3659114837646484 37
1732441868806 1.443902850151062 38
1732441868857 1.507826566696167 39
1732441869092 1.3088719844818115 40
1732441869149 1.2415664196014404 41
1732441869210 1.4484755992889404 42
1732441869263 1.202864408493042 43
1732441869517 1.2888951301574707 44
1732441869571 1.5063211917877197 45
1732441869629 1.3432867527008057 46
1732441869687 1.2114908695220947 47
1732441869950 1.3454686403274536 48
1732441870011 1.3373262882232666 49
1732441870068 1.4337197542190552 50
1732441870122 1.2814555168151855 51
1732441870364 1.3380780220031738 52
1732441870416 1.2569379806518555 53
1732441870472 1.3470332622528076 54
1732441870572 1.3231490850448608 55
1732441872585 1.3856315612792969 0
1732441872725 1.2292404174804688 1
1732441872788 1.266435980796814 2
1732441872847 1.3454111814498901 3
1732441872957 1.373213291168213 4
1732441873122 1.3976484537124634 5
1732441873177 1.220201015472412 6
1732441873231 1.2669336795806885 7
1732441873364 1.209470510482788 8
1732441873536 1.236503005027771 9
1732441873634 1.3242595195770264 10
1732441873696 1.3737986087799072 11
1732441873756 1.4364017248153687 12
1732441873923 1.42728590965271 13
1732441874053 1.470322847366333 14
1732441874118 1.0537207126617432 15
1732441874177 1.2638788223266602 16
1732441874388 1.293349027633667 17
1732441874465 1.3902086019515991 18
1732441874520 1.1363718509674072 19
1732441874658 1.2575467824935913 20
1732441874829 1.386470079421997 21
1732441874905 1.2644197940826416 22
1732441874980 1.2957402467727661 23
1732441875040 1.279418706893921 24
1732441875264 1.2079287767410278 25
1732441875351 1.489213466644287 26
1732441875412 1.3098546266555786 27
1732441875466 1.3176308870315552 28
1732441875671 1.4051275253295898 29
1732441875723 1.4051766395568848 30
1732441875778 1.3537559509277344 31
1732441875881 1.2500699758529663 32
1732441876038 1.3507494926452637 33
1732441876095 1.3181350231170654 34
1732441876148 1.297317385673523 35
1732441876290 1.2964131832122803 36
1732441876453 1.196728229522705 37
1732441876507 1.5529181957244873 38
1732441876561 1.3526718616485596 39
1732441876677 1.4045833349227905 40
1732441876892 1.2460812330245972 41
1732441876943 1.2098009586334229 42
1732441876998 1.3487550020217896 43
1732441877093 1.253795862197876 44
1732441877260 1.337698221206665 45
1732441877320 1.384888768196106 46
1732441877401 1.344519019126892 47
1732441877578 1.212449073791504 48
1732441877738 1.2861015796661377 49
1732441877792 1.393916130065918 50
1732441877846 1.3932722806930542 51
1732441877986 1.215514898300171 52
1732441878128 1.3877155780792236 53
1732441878183 1.538194179534912 54
1732441878259 1.1463046073913574 55
1732441880527 1.1960076093673706 0
1732441880591 1.3554524183273315 1
1732441880653 1.4821178913116455 2
1732441880732 1.2160563468933105 3
1732441880965 1.3829017877578735 4
1732441881027 1.1629037857055664 5
1732441881079 1.409895896911621 6
1732441881148 1.30116605758667 7
1732441881373 1.3482176065444946 8
1732441881434 1.2424395084381104 9
1732441881488 1.1067628860473633 10
1732441881558 1.4432158470153809 11
1732441881797 1.3857840299606323 12
1732441881855 1.318911075592041 13
1732441881912 1.3060351610183716 14
1732441881980 1.3440423011779785 15
1732441882244 1.3977792263031006 16
1732441882304 1.4009326696395874 17
1732441882364 1.1539514064788818 18
1732441882425 1.423532485961914 19
1732441882666 1.3227556943893433 20
1732441882733 1.2824817895889282 21
1732441882792 1.5259313583374023 22
1732441882857 1.2560546398162842 23
1732441883036 1.371038556098938 24
1732441883108 1.1728107929229736 25
1732441883157 1.2934197187423706 26
1732441883223 1.3001768589019775 27
1732441883537 1.331127643585205 28
1732441883610 1.3225616216659546 29
1732441883667 1.2519893646240234 30
1732441883734 1.379206657409668 31
1732441883971 1.3000108003616333 32
1732441884042 1.3894426822662354 33
1732441884109 1.3643360137939453 34
1732441884163 1.358323097229004 35
1732441884385 1.1465530395507812 36
1732441884453 1.3031084537506104 37
1732441884516 1.288928508758545 38
1732441884587 1.248064637184143 39
1732441884825 1.293770670890808 40
1732441884898 1.2147027254104614 41
1732441884970 1.2465128898620605 42
1732441885045 1.3472204208374023 43
1732441885302 1.114593267440796 44
1732441885371 1.3899086713790894 45
1732441885502 1.3477473258972168 46
1732441885572 1.2526636123657227 47
1732441885725 1.2513436079025269 48
1732441885793 1.5505633354187012 49
1732441885857 1.3619742393493652 50
1732441885927 1.214919090270996 51
1732441886080 1.3467845916748047 52
1732441886137 1.344982385635376 53
1732441886195 1.4588003158569336 54
1732441886304 1.501150131225586 55
1732441888406 1.0953465700149536 0
1732441888472 1.4058864116668701 1
1732441888533 1.2974634170532227 2
1732441888605 1.4851558208465576 3
1732441888780 1.292814016342163 4
1732441888843 1.2002538442611694 5
1732441888895 1.3385651111602783 6
1732441888957 1.38401198387146 7
1732441889214 1.4097622632980347 8
1732441889270 1.2494618892669678 9
1732441889321 1.3466345071792603 10
1732441889377 1.1584405899047852 11
1732441889608 1.2869629859924316 12
1732441889664 1.26161527633667 13
1732441889751 1.2968100309371948 14
1732441889808 1.355797290802002 15
1732441890007 1.4132635593414307 16
1732441890066 1.154593586921692 17
1732441890174 1.1128805875778198 18
1732441890238 1.2233247756958008 19
1732441890350 1.3950839042663574 20
1732441890402 1.236701488494873 21
1732441890597 1.3441510200500488 22
1732441890660 1.3167246580123901 23
1732441890765 1.309295415878296 24
1732441890812 1.2563958168029785 25
1732441890961 1.445002555847168 26
1732441891027 1.3565678596496582 27
1732441891236 1.286370038986206 28
1732441891291 1.4964570999145508 29
1732441891403 1.173169493675232 30
1732441891473 1.2964391708374023 31
1732441891652 1.3924914598464966 32
1732441891711 1.492448329925537 33
1732441891801 1.4031310081481934 34
1732441891855 1.2709537744522095 35
1732441892039 1.2101728916168213 36
1732441892093 1.3843445777893066 37
1732441892211 1.2746610641479492 38
1732441892269 1.3918815851211548 39
1732441892456 1.3203799724578857 40
1732441892512 1.3063266277313232 41
1732441892576 1.5376250743865967 42
1732441892633 1.2860900163650513 43
1732441892853 1.2882306575775146 44
1732441892909 1.3643826246261597 45
1732441892958 1.3234800100326538 46
1732441893012 1.452885627746582 47
1732441893218 1.3056776523590088 48
1732441893278 1.277357816696167 49
1732441893340 1.178968906402588 50
1732441893397 1.3200559616088867 51
1732441893646 1.353193998336792 52
1732441893703 1.4849063158035278 53
1732441893753 1.2585290670394897 54
1732441893825 1.2480491399765015 55
