1732441740277 0.1 3
1732441740541 0.1 7
1732441740916 0.1 11
1732441741327 0.1 15
1732441741852 0.1 19
1732441742324 0.1 23
1732441742853 0.1 27
1732441743179 0.1 31
1732441743585 0.1 35
1732441744034 0.1 39
1732441744402 0.1 43
1732441744827 0.1 47
1732441745264 0.1 51
1732441745621 0.1 55
1732441748207 0.1 59
1732441748471 0.1 63
1732441748868 0.1 67
1732441749285 0.1 71
1732441749715 0.1 75
1732441750156 0.1 79
1732441750615 0.1 83
1732441751024 0.1 87
1732441751416 0.1 91
1732441751864 0.1 95
1732441752257 0.1 99
1732441752650 0.1 103
1732441752998 0.1 107
1732441753436 0.1 111
1732441755726 0.1 115
1732441756101 0.1 119
1732441756489 0.1 123
1732441756918 0.1 127
1732441757323 0.1 131
1732441757714 0.1 135
1732441758130 0.1 139
1732441758583 0.1 143
1732441758997 0.1 147
1732441759441 0.1 151
1732441759851 0.1 155
1732441760340 0.1 159
1732441760741 0.1 163
1732441761150 0.1 167
1732441763840 0.1 171
1732441764290 0.1 175
1732441764671 0.1 179
1732441765169 0.1 183
1732441765550 0.1 187
1732441765969 0.1 191
1732441766379 0.1 195
1732441766760 0.1 199
1732441767142 0.1 203
1732441767558 0.1 207
1732441767981 0.1 211
1732441768375 0.1 215
1732441768964 0.1 219
1732441769403 0.1 223
1732441771711 0.1 227
1732441772142 0.1 231
1732441772563 0.1 235
1732441772974 0.1 239
1732441773356 0.1 243
1732441773798 0.1 247
1732441774163 0.1 251
1732441774581 0.1 255
1732441775049 0.1 259
1732441775491 0.1 263
1732441775888 0.1 267
1732441776328 0.1 271
1732441776811 0.1 275
1732441777203 0.1 279
1732441779577 0.1 283
1732441779996 0.1 287
1732441780438 0.1 291
1732441780868 0.1 295
1732441781271 0.1 299
1732441781694 0.1 303
1732441782065 0.1 307
1732441782539 0.1 311
1732441782897 0.1 315
1732441783352 0.1 319
1732441783705 0.1 323
1732441784180 0.1 327
1732441784557 0.1 331
1732441784962 0.1 335
1732441787223 0.1 339
1732441787681 0.1 343
1732441788090 0.1 347
1732441788565 0.1 351
1732441788959 0.1 355
1732441789351 0.1 359
1732441789750 0.1 363
1732441790198 0.1 367
1732441790601 0.1 371
1732441791101 0.1 375
1732441791517 0.1 379
1732441791902 0.1 383
1732441792320 0.1 387
1732441792715 0.1 391
1732441794904 0.1 395
1732441795319 0.1 399
1732441795733 0.1 403
1732441796149 0.1 407
1732441796568 0.1 411
1732441796944 0.1 415
1732441797347 0.1 419
1732441797795 0.1 423
1732441798210 0.1 427
1732441798631 0.1 431
1732441799044 0.1 435
1732441799425 0.1 439
1732441799844 0.1 443
1732441800238 0.1 447
1732441802524 0.1 451
1732441802928 0.1 455
1732441803353 0.1 459
1732441803792 0.1 463
1732441804247 0.1 467
1732441804698 0.1 471
1732441805034 0.1 475
1732441805553 0.1 479
1732441805898 0.1 483
1732441806342 0.1 487
1732441806766 0.1 491
1732441807212 0.1 495
1732441807617 0.1 499
1732441808019 0.1 503
1732441810199 0.1 507
1732441810645 0.1 511
1732441811101 0.1 515
1732441811552 0.1 519
1732441811924 0.1 523
1732441812314 0.1 527
1732441812701 0.1 531
1732441813052 0.1 535
1732441813474 0.1 539
1732441813857 0.1 543
1732441814273 0.1 547
1732441814681 0.1 551
1732441815139 0.1 555
1732441815557 0.1 559
1732441818158 0.1 563
1732441818509 0.1 567
1732441818893 0.1 571
1732441819301 0.1 575
1732441819718 0.1 579
1732441820119 0.1 583
1732441820526 0.1 587
1732441820945 0.1 591
1732441821352 0.1 595
1732441821839 0.1 599
1732441822204 0.1 603
1732441822606 0.1 607
1732441823002 0.1 611
1732441823414 0.1 615
1732441825581 0.1 619
1732441826025 0.1 623
1732441826466 0.1 627
1732441826877 0.1 631
1732441827314 0.1 635
1732441827721 0.1 639
1732441828135 0.1 643
1732441828644 0.1 647
1732441829091 0.1 651
1732441829473 0.1 655
1732441829892 0.1 659
1732441830239 0.1 663
1732441830640 0.1 667
1732441831042 0.1 671
1732441833316 0.1 675
1732441833717 0.1 679
1732441834145 0.1 683
1732441834569 0.1 687
1732441835018 0.1 691
1732441835398 0.1 695
1732441835817 0.1 699
1732441836207 0.1 703
1732441836583 0.1 707
1732441837050 0.1 711
1732441837432 0.1 715
1732441837841 0.1 719
1732441838294 0.1 723
1732441838754 0.1 727
1732441840999 0.1 731
1732441841398 0.1 735
1732441841801 0.1 739
1732441842271 0.1 743
1732441842718 0.1 747
1732441843120 0.1 751
1732441843586 0.1 755
1732441843960 0.1 759
1732441844381 0.1 763
1732441844792 0.1 767
1732441845260 0.1 771
1732441845711 0.1 775
1732441846133 0.1 779
1732441846525 0.1 783
1732441848686 0.1 787
1732441849138 0.1 791
1732441849548 0.1 795
1732441850051 0.1 799
1732441850604 0.1 803
1732441851019 0.1 807
1732441851453 0.1 811
1732441851864 0.1 815
1732441852237 0.1 819
1732441852750 0.1 823
1732441853172 0.1 827
1732441853753 0.1 831
1732441854145 0.1 835
1732441854590 0.1 839
1732441856802 0.1 843
1732441857261 0.1 847
1732441857671 0.1 851
1732441858136 0.1 855
1732441858604 0.1 859
1732441858997 0.1 863
1732441859479 0.1 867
1732441859889 0.1 871
1732441860318 0.1 875
1732441860697 0.1 879
1732441861133 0.1 883
1732441861533 0.1 887
1732441861926 0.1 891
1732441862365 0.1 895
1732441864933 0.1 899
1732441865431 0.1 903
1732441865897 0.1 907
1732441866282 0.1 911
1732441866703 0.1 915
1732441867194 0.1 919
1732441867622 0.1 923
1732441868054 0.1 927
1732441868458 0.1 931
1732441868851 0.1 935
1732441869256 0.1 939
1732441869679 0.1 943
1732441870115 0.1 947
1732441870565 0.1 951
1732441872840 0.1 955
1732441873224 0.1 959
1732441873689 0.1 963
1732441874111 0.1 967
1732441874513 0.1 971
1732441874971 0.1 975
1732441875405 0.1 979
1732441875771 0.1 983
1732441876141 0.1 987
1732441876554 0.1 991
1732441876990 0.1 995
1732441877373 0.1 999
1732441877840 0.1 1003
1732441878251 0.1 1007
1732441880714 0.1 1011
1732441881141 0.1 1015
1732441881551 0.1 1019
1732441881972 0.1 1023
1732441882416 0.1 1027
1732441882850 0.1 1031
1732441883215 0.1 1035
1732441883727 0.1 1039
1732441884155 0.1 1043
1732441884580 0.1 1047
1732441885038 0.1 1051
1732441885565 0.1 1055
1732441885920 0.1 1059
1732441886294 0.1 1063
1732441888598 0.1 1067
1732441888949 0.1 1071
1732441889369 0.1 1075
1732441889801 0.1 1079
1732441890230 0.1 1083
1732441890652 0.1 1087
1732441891018 0.1 1091
1732441891464 0.1 1095
1732441891847 0.1 1099
1732441892260 0.1 1103
1732441892626 0.1 1107
1732441893005 0.1 1111
1732441893390 0.1 1115
1732441893818 0.1 1119
