1732441740304 0.0 3
1732441740572 0.0 7
1732441740936 0.0 11
1732441741345 0.0 15
1732441741871 0.0 19
1732441742345 0.0 23
1732441742873 0.0 27
1732441743198 0.0 31
1732441743606 0.0 35
1732441744057 0.0 39
1732441744424 0.0 43
1732441744843 0.0 47
1732441745281 0.0 51
1732441745761 0.0 55
1732441748229 0.0 59
1732441748491 0.0 63
1732441748889 0.0 67
1732441749306 0.0 71
1732441749732 0.0 75
1732441750183 0.0 79
1732441750642 0.0 83
1732441751048 0.0 87
1732441751437 0.0 91
1732441751885 0.0 95
1732441752278 0.0 99
1732441752674 0.0 103
1732441753021 0.0 107
1732441753454 0.0 111
1732441755748 0.0 115
1732441756119 0.0 119
1732441756507 0.0 123
1732441756942 0.0 127
1732441757341 0.0 131
1732441757736 0.0 135
1732441758148 0.0 139
1732441758602 0.0 143
1732441759023 0.0 147
1732441759458 0.0 151
1732441759879 0.0 155
1732441760359 0.0 159
1732441760762 0.0 163
1732441761168 0.0 167
1732441763864 0.0 171
1732441764314 0.0 175
1732441764697 0.0 179
1732441765188 0.0 183
1732441765574 0.0 187
1732441765987 0.0 191
1732441766397 0.0 195
1732441766779 0.0 199
1732441767161 0.0 203
1732441767577 0.0 207
1732441768008 0.0 211
1732441768405 0.0 215
1732441768985 0.0 219
1732441769424 0.0 223
1732441771732 0.0 227
1732441772160 0.0 231
1732441772585 0.0 235
1732441772995 0.0 239
1732441773408 0.0 243
1732441773815 0.0 247
1732441774181 0.0 251
1732441774599 0.0 255
1732441775070 0.0 259
1732441775513 0.0 263
1732441775908 0.0 267
1732441776351 0.0 271
1732441776832 0.0 275
1732441777221 0.0 279
1732441779598 0.0 283
1732441780016 0.0 287
1732441780457 0.0 291
1732441780887 0.0 295
1732441781296 0.0 299
1732441781714 0.0 303
1732441782084 0.0 307
1732441782562 0.0 311
1732441782914 0.0 315
1732441783377 0.0 319
1732441783725 0.0 323
1732441784202 0.0 327
1732441784581 0.0 331
1732441784981 0.0 335
1732441787241 0.0 339
1732441787702 0.0 343
1732441788109 0.0 347
1732441788585 0.0 351
1732441788985 0.0 355
1732441789373 0.0 359
1732441789771 0.0 363
1732441790220 0.0 367
1732441790622 0.0 371
1732441791119 0.0 375
1732441791538 0.0 379
1732441791919 0.0 383
1732441792339 0.0 387
1732441792734 0.0 391
1732441794922 0.0 395
1732441795337 0.0 399
1732441795750 0.0 403
1732441796168 0.0 407
1732441796586 0.0 411
1732441796966 0.0 415
1732441797366 0.0 419
1732441797815 0.0 423
1732441798234 0.0 427
1732441798656 0.0 431
1732441799062 0.0 435
1732441799450 0.0 439
1732441799866 0.0 443
1732441800258 0.0 447
1732441802545 0.0 451
1732441802952 0.0 455
1732441803371 0.0 459
1732441803812 0.0 463
1732441804272 0.0 467
1732441804718 0.0 471
1732441805056 0.0 475
1732441805579 0.0 479
1732441805918 0.0 483
1732441806361 0.0 487
1732441806786 0.0 491
1732441807231 0.0 495
1732441807633 0.0 499
1732441808046 0.0 503
1732441810216 0.0 507
1732441810664 0.0 511
1732441811125 0.0 515
1732441811579 0.0 519
1732441811949 0.0 523
1732441812339 0.0 527
1732441812725 0.0 531
1732441813075 0.0 535
1732441813499 0.0 539
1732441813876 0.0 543
1732441814291 0.0 547
1732441814699 0.0 551
1732441815158 0.0 555
1732441815583 0.0 559
1732441818178 0.0 563
1732441818529 0.0 567
1732441818910 0.0 571
1732441819319 0.0 575
1732441819736 0.0 579
1732441820142 0.0 583
1732441820545 0.0 587
1732441820968 0.0 591
1732441821372 0.0 595
1732441821863 0.0 599
1732441822226 0.0 603
1732441822626 0.0 607
1732441823022 0.0 611
1732441823435 0.0 615
1732441825599 0.0 619
1732441826046 0.0 623
1732441826489 0.0 627
1732441826899 0.0 631
1732441827339 0.0 635
1732441827746 0.0 639
1732441828154 0.0 643
1732441828668 0.0 647
1732441829112 0.0 651
1732441829493 0.0 655
1732441829913 0.0 659
1732441830263 0.0 663
1732441830660 0.0 667
1732441831058 0.0 671
1732441833337 0.0 675
1732441833742 0.0 679
1732441834185 0.0 683
1732441834605 0.0 687
1732441835035 0.0 691
1732441835418 0.0 695
1732441835836 0.0 699
1732441836229 0.0 703
1732441836609 0.0 707
1732441837070 0.0 711
1732441837454 0.0 715
1732441837860 0.0 719
1732441838312 0.0 723
1732441838779 0.0 727
1732441841018 0.0 731
1732441841415 0.0 735
1732441841822 0.0 739
1732441842296 0.0 743
1732441842741 0.0 747
1732441843140 0.0 751
1732441843603 0.0 755
1732441843978 0.0 759
1732441844405 0.0 763
1732441844818 0.0 767
1732441845284 0.0 771
1732441845732 0.0 775
1732441846157 0.0 779
1732441846548 0.0 783
1732441848709 0.0 787
1732441849164 0.0 791
1732441849581 0.0 795
1732441850072 0.0 799
1732441850623 0.0 803
1732441851041 0.0 807
1732441851475 0.0 811
1732441851891 0.0 815
1732441852258 0.0 819
1732441852770 0.0 823
1732441853192 0.0 827
1732441853778 0.0 831
1732441854163 0.0 835
1732441854610 0.0 839
1732441856822 0.0 843
1732441857287 0.0 847
1732441857692 0.0 851
1732441858156 0.0 855
1732441858635 0.0 859
1732441859019 0.0 863
1732441859497 0.0 867
1732441859914 0.0 871
1732441860337 0.0 875
1732441860721 0.0 879
1732441861151 0.0 883
1732441861552 0.0 887
1732441861954 0.0 891
1732441862385 0.0 895
1732441864959 0.0 899
1732441865496 0.0 903
1732441865917 0.0 907
1732441866300 0.0 911
1732441866726 0.0 915
1732441867213 0.0 919
1732441867644 0.0 923
1732441868078 0.0 927
1732441868478 0.0 931
1732441868871 0.0 935
1732441869274 0.0 939
1732441869704 0.0 943
1732441870135 0.0 947
1732441870587 0.0 951
1732441872859 0.0 955
1732441873242 0.0 959
1732441873712 0.0 963
1732441874133 0.0 967
1732441874531 0.0 971
1732441874992 0.0 975
1732441875423 0.0 979
1732441875798 0.0 983
1732441876159 0.0 987
1732441876572 0.0 991
1732441877008 0.0 995
1732441877416 0.0 999
1732441877861 0.0 1003
1732441878273 0.0 1007
1732441880751 0.0 1011
1732441881163 0.0 1015
1732441881572 0.0 1019
1732441881996 0.0 1023
1732441882436 0.0 1027
1732441882869 0.0 1031
1732441883239 0.0 1035
1732441883745 0.0 1039
1732441884173 0.0 1043
1732441884602 0.0 1047
1732441885057 0.0 1051
1732441885589 0.0 1055
1732441885941 0.0 1059
1732441886315 0.0 1063
1732441888619 0.0 1067
1732441888974 0.0 1071
1732441889389 0.0 1075
1732441889825 0.0 1079
1732441890255 0.0 1083
1732441890672 0.0 1087
1732441891043 0.0 1091
1732441891485 0.0 1095
1732441891866 0.0 1099
1732441892280 0.0 1103
1732441892649 0.0 1107
1732441893027 0.0 1111
1732441893411 0.0 1115
1732441893841 0.0 1119
