1732441747330 7.847271400218976e-44 55
1732441755125 460829.5 111
1732441762980 2.3541814200656927e-43 167
1732441771013 3.1389085600875902e-43 223
1732441778879 0.0 279
1732441786509 7.006492321624085e-45 335
1732441794239 5.493089980153283e-43 391
1732441801833 0.0 447
1732441809589 0.0 503
1732441817490 0.0 559
1732441825021 8.631998540240873e-43 615
1732441832598 9.41672568026277e-43 671
1732441840297 1.0201452820284668e-42 727
1732441848051 0.0 783
1732441856200 1.1770907100328463e-42 839
1732441864151 1.2555634240350361e-42 895
1732441872172 1.3340361380372259e-42 951
1732441879864 1.4718217829852009e-33 1007
1732441887847 1.4909815660416054e-42 1063
1732441895363 1.569454280043795e-42 1119
