1732441747330 0.0 55
1732441755125 7.006492321624085e-45 111
1732441762980 2.802596928649634e-45 167
1732441771013 4.203895392974451e-45 223
1732441778879 7.006492321624085e-45 279
1732441786509 1.5200008883215909e-33 335
1732441794239 8.407790785948902e-45 391
1732441801833 9.80908925027372e-45 447
1732441809589 0.0 503
1732441817490 2176484.0 559
1732441825021 1.401298464324817e-44 615
1732441832598 1.5414283107572988e-44 671
1732441840297 1.6815581571897805e-44 727
1732441848051 7.006492321624085e-45 783
1732441856200 1.961817850054744e-44 839
1732441864151 2.1019476964872256e-44 895
1732441872172 2.2420775429197073e-44 951
1732441879864 2.382207389352189e-44 1007
1732441887847 2.5223372357846707e-44 1063
1732441895363 2.6624670822171524e-44 1119
