1732450656723 0.0 9
1732450658971 0.0 19
1732450662720 1.0 29
1732450664876 1.0 39
1732450668452 2.0 49
1732450670605 2.0 59
1732450673033 2.0 69
1732450676280 3.0 79
1732450678735 3.0 89
1732450682071 4.0 99
1732450684526 4.0 109
1732450686777 4.0 119
1732450690327 5.0 129
1732450692555 5.0 139
1732450696046 6.0 149
1732450698283 6.0 159
1732450701824 7.0 169
1732450704079 7.0 179
1732450706557 7.0 189
1732450709948 8.0 199
1732450712325 8.0 209
1732450715617 9.0 219
1732450718026 9.0 229
1732450720286 9.0 239
1732450723784 10.0 249
1732450726188 10.0 259
1732450729793 11.0 269
1732450731960 11.0 279
1732450735493 12.0 289
1732450737815 12.0 299
1732450740261 12.0 309
1732450743719 13.0 319
1732450746172 13.0 329
1732450749455 14.0 339
1732450751930 14.0 349
