1732450654213 0.1 0
1732450661039 0.1 24
1732450667775 0.1 48
1732450674375 0.1 72
1732450681009 0.010000000000000002 96
1732450687800 0.010000000000000002 120
1732450694500 0.010000000000000002 144
1732450701158 0.0010000000000000002 168
1732450707911 0.0010000000000000002 192
1732450714632 0.0010000000000000002 216
1732450721309 0.00010000000000000003 240
1732450728138 0.00010000000000000003 264
1732450734808 0.00010000000000000003 288
1732450741670 1.0000000000000004e-05 312
1732450748434 1.0000000000000004e-05 336
