1732450656723 0.0 9
1732450658971 0.0 19
1732450662720 0.0 29
1732450664876 0.0 39
1732450668452 0.0 49
1732450670605 0.0 59
1732450673033 0.0 69
1732450676280 0.0 79
1732450678735 0.0 89
1732450682071 0.0 99
1732450684526 0.0 109
1732450686777 0.0 119
1732450690327 0.0 129
1732450692555 0.0 139
1732450696046 0.0 149
1732450698283 0.0 159
1732450701824 0.0 169
1732450704079 0.0 179
1732450706557 0.0 189
1732450709948 0.0 199
1732450712325 0.0 209
1732450715617 0.0 219
1732450718026 0.0 229
1732450720286 0.0 239
1732450723784 0.0 249
1732450726188 0.0 259
1732450729793 0.0 269
1732450731960 0.0 279
1732450735493 0.0 289
1732450737815 0.0 299
1732450740261 0.0 309
1732450743719 0.0 319
1732450746172 0.0 329
1732450749455 0.0 339
1732450751930 0.0 349
