1732450656723 1.2882126569747925 9
1732450658971 1.392860770225525 19
1732450662720 1.3973937034606934 29
1732450664876 1.360337495803833 39
1732450668452 1.3794102668762207 49
1732450670605 1.336803674697876 59
1732450673033 1.3561208248138428 69
1732450676280 1.3402743339538574 79
1732450678735 1.3935596942901611 89
1732450682071 1.2850923538208008 99
1732450684526 1.3888440132141113 109
1732450686777 1.34385085105896 119
1732450690327 1.345288872718811 129
1732450692555 1.3506160974502563 139
1732450696046 1.2985875606536865 149
1732450698283 1.36249577999115 159
1732450701824 1.2313480377197266 169
1732450704079 1.2800648212432861 179
1732450706557 1.3532562255859375 189
1732450709948 1.3014047145843506 199
1732450712325 1.261725664138794 209
1732450715617 1.3227975368499756 219
1732450718026 1.3137457370758057 229
1732450720286 1.4394569396972656 239
1732450723784 1.3471989631652832 249
1732450726188 1.2922724485397339 259
1732450729793 1.307471752166748 269
1732450731960 1.3717522621154785 279
1732450735493 1.3074548244476318 289
1732450737815 1.2922544479370117 299
1732450740261 1.4022870063781738 309
1732450743719 1.3596022129058838 319
1732450746172 1.2766790390014648 329
1732450749455 1.2491984367370605 339
1732450751930 1.3932089805603027 349
