1732432767795 0.0 1
1732432767927 0.0 3
1732432768047 0.0 5
1732432768160 0.0 7
1732432768281 0.0 9
1732432768390 0.0 11
1732432768547 0.0 13
1732432768692 0.0 15
1732432768905 0.0 17
1732432769051 0.0 19
1732432769286 0.0 21
1732432769432 0.0 23
1732432769671 0.0 25
1732432769776 0.0 27
1732432770093 0.0 29
1732432770188 0.0 31
1732432770475 0.0 33
1732432770585 0.0 35
1732432770886 0.0 37
1732432770977 0.0 39
1732432771278 0.0 41
1732432771374 0.0 43
1732432771666 0.0 45
1732432771760 0.0 47
1732432772003 0.0 49
1732432772097 0.0 51
1732432772352 0.0 53
1732432772872 0.0 55
1732432774227 0.0 55
1732432774256 0.0 55
1732432774787 1.0 57
1732432774893 1.0 59
1732432775198 1.0 61
1732432775310 1.0 63
1732432775584 1.0 65
1732432775685 1.0 67
1732432775972 1.0 69
1732432776078 1.0 71
1732432776312 1.0 73
1732432776420 1.0 75
1732432776653 1.0 77
1732432776753 1.0 79
1732432777111 1.0 81
1732432777231 1.0 83
1732432777528 1.0 85
1732432777641 1.0 87
1732432777876 1.0 89
1732432777993 1.0 91
1732432778224 1.0 93
1732432778327 1.0 95
1732432778634 1.0 97
1732432778732 1.0 99
1732432779026 1.0 101
1732432779140 1.0 103
1732432779426 1.0 105
1732432779529 1.0 107
1732432779792 1.0 109
1732432779890 1.0 111
1732432781242 1.0 111
1732432781266 1.0 111
1732432781745 2.0 113
1732432781837 2.0 115
1732432782114 2.0 117
1732432782207 2.0 119
1732432782512 2.0 121
1732432782606 2.0 123
1732432782888 2.0 125
1732432782990 2.0 127
1732432783243 2.0 129
1732432783342 2.0 131
1732432783621 2.0 133
1732432783732 2.0 135
1732432784067 2.0 137
1732432784172 2.0 139
1732432784470 2.0 141
1732432784581 2.0 143
1732432784847 2.0 145
1732432784959 2.0 147
1732432785240 2.0 149
1732432785347 2.0 151
1732432785697 2.0 153
1732432785803 2.0 155
1732432786068 2.0 157
1732432786199 2.0 159
1732432786424 2.0 161
1732432786530 2.0 163
1732432786772 2.0 165
1732432786889 2.0 167
1732432788285 2.0 167
1732432788308 2.0 167
1732432788751 3.0 169
1732432788853 3.0 171
1732432789188 3.0 173
1732432789301 3.0 175
1732432789549 3.0 177
1732432789643 3.0 179
1732432789924 3.0 181
1732432790019 3.0 183
1732432790304 3.0 185
1732432790403 3.0 187
1732432790658 3.0 189
1732432790752 3.0 191
1732432791013 3.0 193
1732432791106 3.0 195
1732432791402 3.0 197
1732432791497 3.0 199
1732432791807 3.0 201
1732432791900 3.0 203
1732432792201 3.0 205
1732432792301 3.0 207
1732432792603 3.0 209
1732432792699 3.0 211
1732432793019 3.0 213
1732432793109 3.0 215
1732432793382 3.0 217
1732432793485 3.0 219
1732432793739 3.0 221
1732432793824 3.0 223
1732432795116 3.0 223
1732432795138 3.0 223
1732432795610 4.0 225
1732432795702 4.0 227
1732432795998 4.0 229
1732432796092 4.0 231
1732432796360 4.0 233
1732432796456 4.0 235
1732432796696 4.0 237
1732432796786 4.0 239
1732432797082 4.0 241
1732432797171 4.0 243
1732432797426 4.0 245
1732432797522 4.0 247
1732432797857 4.0 249
1732432797953 4.0 251
1732432798208 4.0 253
1732432798300 4.0 255
1732432798557 4.0 257
1732432798657 4.0 259
1732432798909 4.0 261
1732432799006 4.0 263
1732432799332 4.0 265
1732432799431 4.0 267
1732432799675 4.0 269
1732432799773 4.0 271
1732432800031 4.0 273
1732432800128 4.0 275
1732432800381 4.0 277
1732432800471 4.0 279
1732432801738 4.0 279
1732432801759 4.0 279
1732432802264 5.0 281
1732432802376 5.0 283
1732432802602 5.0 285
1732432802704 5.0 287
1732432802973 5.0 289
1732432803059 5.0 291
1732432803304 5.0 293
1732432803400 5.0 295
1732432803680 5.0 297
1732432803773 5.0 299
1732432804051 5.0 301
1732432804139 5.0 303
1732432804441 5.0 305
1732432804534 5.0 307
1732432804851 5.0 309
1732432804951 5.0 311
1732432805206 5.0 313
1732432805308 5.0 315
1732432805614 5.0 317
1732432805715 5.0 319
1732432805989 5.0 321
1732432806091 5.0 323
1732432806343 5.0 325
1732432806440 5.0 327
1732432806729 5.0 329
1732432806833 5.0 331
1732432807096 5.0 333
1732432807185 5.0 335
1732432808510 5.0 335
1732432808537 5.0 335
1732432809126 6.0 337
1732432809242 6.0 339
1732432809504 6.0 341
1732432809608 6.0 343
1732432809882 6.0 345
1732432809981 6.0 347
1732432810230 6.0 349
1732432810330 6.0 351
1732432810600 6.0 353
1732432810699 6.0 355
1732432810959 6.0 357
1732432811052 6.0 359
1732432811356 6.0 361
1732432811452 6.0 363
1732432811724 6.0 365
1732432811823 6.0 367
1732432812202 6.0 369
1732432812318 6.0 371
1732432812587 6.0 373
1732432812694 6.0 375
1732432812979 6.0 377
1732432813086 6.0 379
1732432813347 6.0 381
1732432813453 6.0 383
1732432813711 6.0 385
1732432813812 6.0 387
1732432814048 6.0 389
1732432814132 6.0 391
1732432815482 6.0 391
1732432815507 6.0 391
1732432816000 7.0 393
1732432816092 7.0 395
1732432816384 7.0 397
1732432816480 7.0 399
1732432816744 7.0 401
1732432816841 7.0 403
1732432817087 7.0 405
1732432817216 7.0 407
1732432817429 7.0 409
1732432817595 7.0 411
1732432817840 7.0 413
1732432817949 7.0 415
1732432818222 7.0 417
1732432818319 7.0 419
1732432818574 7.0 421
1732432818666 7.0 423
1732432818905 7.0 425
1732432819024 7.0 427
1732432819270 7.0 429
1732432819409 7.0 431
1732432819629 7.0 433
1732432819787 7.0 435
1732432819968 7.0 437
1732432820144 7.0 439
1732432820318 7.0 441
1732432820517 7.0 443
1732432820655 7.0 445
1732432820878 7.0 447
1732432822155 7.0 447
1732432822178 7.0 447
1732432822632 8.0 449
1732432822732 8.0 451
1732432822971 8.0 453
1732432823069 8.0 455
1732432823358 8.0 457
1732432823460 8.0 459
1732432823701 8.0 461
1732432823833 8.0 463
1732432824091 8.0 465
1732432824214 8.0 467
1732432824472 8.0 469
1732432824583 8.0 471
1732432824856 8.0 473
1732432824950 8.0 475
1732432825212 8.0 477
1732432825307 8.0 479
1732432825613 8.0 481
1732432825717 8.0 483
1732432826054 8.0 485
1732432826158 8.0 487
1732432826438 8.0 489
1732432826540 8.0 491
1732432826838 8.0 493
1732432826945 8.0 495
1732432827206 8.0 497
1732432827312 8.0 499
1732432827538 8.0 501
1732432827647 8.0 503
1732432828928 8.0 503
1732432828950 8.0 503
1732432829418 9.0 505
1732432829514 9.0 507
1732432829779 9.0 509
1732432829882 9.0 511
1732432830161 9.0 513
1732432830253 9.0 515
1732432830527 9.0 517
1732432830628 9.0 519
1732432830901 9.0 521
1732432831002 9.0 523
1732432831285 9.0 525
1732432831384 9.0 527
1732432831655 9.0 529
1732432831753 9.0 531
1732432832002 9.0 533
1732432832143 9.0 535
1732432832372 9.0 537
1732432832509 9.0 539
1732432832749 9.0 541
1732432832849 9.0 543
1732432833124 9.0 545
1732432833217 9.0 547
1732432833564 9.0 549
1732432833665 9.0 551
1732432834018 9.0 553
1732432834118 9.0 555
1732432834333 9.0 557
1732432834440 9.0 559
1732432835763 9.0 559
1732432835786 9.0 559
1732432836262 10.0 561
1732432836362 10.0 563
1732432836599 10.0 565
1732432836710 10.0 567
1732432837016 10.0 569
1732432837119 10.0 571
1732432837428 10.0 573
1732432837527 10.0 575
1732432837734 10.0 577
1732432837859 10.0 579
1732432838169 10.0 581
1732432838272 10.0 583
1732432838523 10.0 585
1732432838621 10.0 587
1732432838889 10.0 589
1732432838987 10.0 591
1732432839250 10.0 593
1732432839352 10.0 595
1732432839619 10.0 597
1732432839715 10.0 599
1732432840000 10.0 601
1732432840103 10.0 603
1732432840389 10.0 605
1732432840493 10.0 607
1732432840709 10.0 609
1732432840879 10.0 611
1732432841124 10.0 613
1732432841230 10.0 615
1732432842573 10.0 615
1732432842598 10.0 615
1732432843076 11.0 617
1732432843177 11.0 619
1732432843513 11.0 621
1732432843610 11.0 623
1732432843857 11.0 625
1732432843971 11.0 627
1732432844266 11.0 629
1732432844366 11.0 631
1732432844630 11.0 633
1732432844729 11.0 635
1732432844974 11.0 637
1732432845075 11.0 639
1732432845371 11.0 641
1732432845469 11.0 643
1732432845770 11.0 645
1732432845880 11.0 647
1732432846087 11.0 649
1732432846186 11.0 651
1732432846516 11.0 653
1732432846614 11.0 655
1732432846923 11.0 657
1732432847024 11.0 659
1732432847312 11.0 661
1732432847414 11.0 663
1732432847702 11.0 665
1732432847816 11.0 667
1732432848033 11.0 669
1732432848139 11.0 671
1732432849460 11.0 671
1732432849485 11.0 671
1732432850001 12.0 673
1732432850101 12.0 675
1732432850348 12.0 677
1732432850443 12.0 679
1732432850717 12.0 681
1732432850817 12.0 683
1732432851109 12.0 685
1732432851210 12.0 687
1732432851463 12.0 689
1732432851560 12.0 691
1732432851840 12.0 693
1732432851944 12.0 695
1732432852216 12.0 697
1732432852317 12.0 699
1732432852652 12.0 701
1732432852741 12.0 703
1732432853048 12.0 705
1732432853144 12.0 707
1732432853413 12.0 709
1732432853528 12.0 711
1732432853842 12.0 713
1732432853942 12.0 715
1732432854191 12.0 717
1732432854300 12.0 719
1732432854543 12.0 721
1732432854660 12.0 723
1732432854895 12.0 725
1732432855011 12.0 727
1732432856306 12.0 727
1732432856331 12.0 727
1732432856821 13.0 729
1732432856922 13.0 731
1732432857195 13.0 733
1732432857296 13.0 735
1732432857562 13.0 737
1732432857655 13.0 739
1732432857950 13.0 741
1732432858048 13.0 743
1732432858353 13.0 745
1732432858444 13.0 747
1732432858744 13.0 749
1732432858843 13.0 751
1732432859202 13.0 753
1732432859296 13.0 755
1732432859562 13.0 757
1732432859668 13.0 759
1732432859963 13.0 761
1732432860063 13.0 763
1732432860339 13.0 765
1732432860444 13.0 767
1732432860754 13.0 769
1732432860856 13.0 771
1732432861107 13.0 773
1732432861219 13.0 775
1732432861523 13.0 777
1732432861618 13.0 779
1732432861898 13.0 781
1732432862017 13.0 783
1732432863313 13.0 783
1732432863338 13.0 783
1732432863847 14.0 785
1732432863940 14.0 787
1732432864208 14.0 789
1732432864305 14.0 791
1732432864614 14.0 793
1732432864702 14.0 795
1732432864927 14.0 797
1732432865019 14.0 799
1732432865344 14.0 801
1732432865437 14.0 803
1732432865662 14.0 805
1732432865771 14.0 807
1732432865995 14.0 809
1732432866109 14.0 811
1732432866412 14.0 813
1732432866512 14.0 815
1732432866798 14.0 817
1732432866895 14.0 819
1732432867198 14.0 821
1732432867293 14.0 823
