1732432766822 1.3568676710128784 0
1732432767781 1.3061683177947998 1
1732432767853 0.8686683177947998 2
1732432767917 1.2436683177947998 3
1732432767973 1.3061683177947998 4
1732432768028 1.3686683177947998 5
1732432768094 1.2436683177947998 6
1732432768147 1.4311683177947998 7
1732432768207 1.4311683177947998 8
1732432768264 1.3686683177947998 9
1732432768324 1.3061683177947998 10
1732432768378 1.4936683177947998 11
1732432768431 1.3686683177947998 12
1732432768536 1.2436683177947998 13
1732432768623 1.2436683177947998 14
1732432768680 1.4311683177947998 15
1732432768728 1.3686683177947998 16
1732432768891 1.3061683177947998 17
1732432768952 1.6186681985855103 18
1732432769036 1.3686683177947998 19
1732432769088 1.4311683177947998 20
1732432769269 1.3061683177947998 21
1732432769330 1.3061683177947998 22
1732432769415 1.3061683177947998 23
1732432769470 1.3061683177947998 24
1732432769653 1.0561683177947998 25
1732432769721 1.5561683177947998 26
1732432769764 1.1186683177947998 27
1732432769813 1.3061683177947998 28
1732432770082 1.2436683177947998 29
1732432770129 1.3061683177947998 30
1732432770174 1.3061683177947998 31
1732432770224 1.3061683177947998 32
1732432770457 1.0561683177947998 33
1732432770516 1.3686683177947998 34
1732432770566 1.2436683177947998 35
1732432770621 1.5561683177947998 36
1732432770874 1.3686683177947998 37
1732432770922 1.4311683177947998 38
1732432770966 1.4311683177947998 39
1732432771012 1.3061683177947998 40
1732432771264 1.4311683177947998 41
1732432771315 1.2436683177947998 42
1732432771358 1.2436683177947998 43
1732432771409 1.3686683177947998 44
1732432771655 1.2436683177947998 45
1732432771703 1.5561683177947998 46
1732432771746 1.5561683177947998 47
1732432771794 1.3061683177947998 48
1732432771992 1.2436683177947998 49
1732432772039 1.2436683177947998 50
1732432772081 1.2436683177947998 51
1732432772131 1.4936683177947998 52
1732432772335 1.4936683177947998 53
1732432772388 1.3061683177947998 54
1732432772546 1.2770017385482788 55
1732432774731 1.4311683177947998 0
1732432774776 1.3061683177947998 1
1732432774829 1.3061683177947998 2
1732432774881 1.1186683177947998 3
1732432775135 1.0561683177947998 4
1732432775186 1.1811683177947998 5
1732432775241 1.2436683177947998 6
1732432775295 1.3061683177947998 7
1732432775528 1.3061683177947998 8
1732432775574 1.5561683177947998 9
1732432775623 1.2436683177947998 10
1732432775674 1.3061683177947998 11
1732432775908 1.4936683177947998 12
1732432775958 1.3686683177947998 13
1732432776011 1.2436683177947998 14
1732432776066 1.3686683177947998 15
1732432776247 1.4311683177947998 16
1732432776295 1.4311683177947998 17
1732432776351 1.0561683177947998 18
1732432776408 1.1186683177947998 19
1732432776592 1.3686683177947998 20
1732432776638 1.3686683177947998 21
1732432776693 1.4936683177947998 22
1732432776738 1.3061683177947998 23
1732432777049 1.3061683177947998 24
1732432777099 1.3686683177947998 25
1732432777153 1.2436683177947998 26
1732432777214 1.1186683177947998 27
1732432777468 1.1811683177947998 28
1732432777514 1.1811683177947998 29
1732432777571 1.6186683177947998 30
1732432777629 1.4936683177947998 31
1732432777812 1.3686683177947998 32
1732432777860 1.4311683177947998 33
1732432777916 1.1811683177947998 34
1732432777976 1.3686683177947998 35
1732432778164 1.3686683177947998 36
1732432778211 1.4311683177947998 37
1732432778264 1.4311683177947998 38
1732432778314 1.3061683177947998 39
1732432778574 1.5561683177947998 40
1732432778622 1.3061683177947998 41
1732432778668 1.2436683177947998 42
1732432778720 1.3061683177947998 43
1732432778959 1.4311683177947998 44
1732432779008 1.1186683177947998 45
1732432779072 1.4936683177947998 46
1732432779128 1.3061683177947998 47
1732432779361 1.3061683177947998 48
1732432779414 1.2436683177947998 49
1732432779461 1.4311683177947998 50
1732432779512 1.4311683177947998 51
1732432779738 1.2436683177947998 52
1732432779780 1.2436683177947998 53
1732432779825 1.5561683177947998 54
1732432779880 1.2770017385482788 55
1732432781676 1.3686683177947998 0
1732432781733 1.3061683177947998 1
1732432781780 1.6186683177947998 2
1732432781824 1.2436683177947998 3
1732432782038 1.3686683177947998 4
1732432782098 1.3686683177947998 5
1732432782148 1.1811683177947998 6
1732432782196 1.1186683177947998 7
1732432782441 1.1811683177947998 8
1732432782495 1.3686683177947998 9
1732432782546 1.1811683177947998 10
1732432782590 1.1811683177947998 11
1732432782825 1.3061683177947998 12
1732432782876 1.5561683177947998 13
1732432782921 1.3061683177947998 14
1732432782971 1.5561683177947998 15
1732432783181 1.5561683177947998 16
1732432783230 1.1186683177947998 17
1732432783278 1.4936683177947998 18
1732432783330 1.1811683177947998 19
1732432783521 1.3686683177947998 20
1732432783608 1.3686683177947998 21
1732432783671 1.4311683177947998 22
1732432783717 1.4311683177947998 23
1732432783858 1.3686683177947998 24
1732432784051 1.3061683177947998 25
1732432784109 1.3686683177947998 26
1732432784160 1.4311681985855103 27
1732432784212 1.5561683177947998 28
1732432784457 1.3686683177947998 29
1732432784525 1.5561683177947998 30
1732432784567 1.3061683177947998 31
1732432784625 1.4936683177947998 32
1732432784827 1.3061683177947998 33
1732432784899 1.1811683177947998 34
1732432784944 1.5561683177947998 35
1732432784999 1.1811683177947998 36
1732432785223 1.2436683177947998 37
1732432785288 1.3686683177947998 38
1732432785336 1.1186683177947998 39
1732432785385 1.1186683177947998 40
1732432785685 1.3061683177947998 41
1732432785743 1.3061683177947998 42
1732432785787 1.1811683177947998 43
1732432785846 1.4311683177947998 44
1732432786052 1.3061683177947998 45
1732432786137 1.3061683177947998 46
1732432786181 1.3061683177947998 47
1732432786243 1.3686683177947998 48
1732432786410 1.4311683177947998 49
1732432786471 1.2436683177947998 50
1732432786514 1.4936683177947998 51
1732432786570 1.0561683177947998 52
1732432786756 1.1186683177947998 53
1732432786814 1.2436683177947998 54
1732432786868 1.2103350162506104 55
1732432788694 1.3061683177947998 0
1732432788740 1.4311683177947998 1
1732432788786 1.3686683177947998 2
1732432788834 1.3061681985855103 3
1732432789125 1.1186683177947998 4
1732432789176 1.4936683177947998 5
1732432789232 1.4311683177947998 6
1732432789283 1.2436683177947998 7
1732432789486 1.4311683177947998 8
1732432789538 1.3061683177947998 9
1732432789584 1.4311683177947998 10
1732432789628 1.2436683177947998 11
1732432789867 1.2436683177947998 12
1732432789912 1.3061683177947998 13
1732432789953 1.3061683177947998 14
1732432790004 1.4311683177947998 15
1732432790245 1.5561683177947998 16
1732432790292 1.3686681985855103 17
1732432790339 1.2436683177947998 18
1732432790384 1.2436683177947998 19
1732432790598 1.6186683177947998 20
1732432790644 1.1186683177947998 21
1732432790691 1.0561683177947998 22
1732432790740 1.2436683177947998 23
1732432790916 1.2436683177947998 24
1732432790996 1.2436683177947998 25
1732432791052 1.1811683177947998 26
1732432791093 1.4936683177947998 27
1732432791339 1.3061683177947998 28
1732432791391 1.0561683177947998 29
1732432791440 1.3686683177947998 30
1732432791484 1.2436683177947998 31
1732432791744 1.3686683177947998 32
1732432791793 1.2436683177947998 33
1732432791842 1.4311683177947998 34
1732432791888 1.3686683177947998 35
1732432792136 1.4311683177947998 36
1732432792189 1.4936683177947998 37
1732432792238 1.1811683177947998 38
1732432792286 1.1811683177947998 39
1732432792541 1.3061683177947998 40
1732432792585 1.3686683177947998 41
1732432792643 1.3686683177947998 42
1732432792687 1.3686683177947998 43
1732432792957 1.2436683177947998 44
1732432793010 1.3061683177947998 45
1732432793056 1.4311683177947998 46
1732432793098 1.3061683177947998 47
1732432793319 1.1811683177947998 48
1732432793371 1.3061683177947998 49
1732432793417 1.3686683177947998 50
1732432793468 1.3061683177947998 51
1732432793686 1.4936683177947998 52
1732432793728 1.4936683177947998 53
1732432793773 1.3686683177947998 54
1732432793809 1.4103350639343262 55
1732432795549 1.4311683177947998 0
1732432795598 1.2436683177947998 1
1732432795644 1.2436683177947998 2
1732432795687 1.4936683177947998 3
1732432795939 1.3061683177947998 4
1732432795986 1.2436683177947998 5
1732432796036 1.3061683177947998 6
1732432796081 1.4311681985855103 7
1732432796295 1.2436683177947998 8
1732432796346 1.3061683177947998 9
1732432796396 1.4311683177947998 10
1732432796442 1.3061683177947998 11
1732432796638 1.3686683177947998 12
1732432796684 1.2436683177947998 13
1732432796732 1.3061683177947998 14
1732432796774 1.4311683177947998 15
1732432797023 1.3061683177947998 16
1732432797071 1.2436683177947998 17
1732432797118 1.1186683177947998 18
1732432797160 1.2436683177947998 19
1732432797358 1.5561683177947998 20
1732432797410 1.2436683177947998 21
1732432797462 1.3686683177947998 22
1732432797510 1.4311683177947998 23
1732432797799 1.3686683177947998 24
1732432797845 1.2436683177947998 25
1732432797893 1.4311683177947998 26
1732432797939 1.1186683177947998 27
1732432798149 1.4311683177947998 28
1732432798195 1.2436683177947998 29
1732432798244 1.3686683177947998 30
1732432798290 1.3686683177947998 31
1732432798491 1.4311683177947998 32
1732432798539 1.3061683177947998 33
1732432798595 1.1811683177947998 34
1732432798641 1.3686683177947998 35
1732432798850 1.4311683177947998 36
1732432798898 1.2436683177947998 37
1732432798946 1.3061683177947998 38
1732432798990 1.4936683177947998 39
1732432799266 1.2436683177947998 40
1732432799316 1.3686683177947998 41
1732432799372 1.3061683177947998 42
1732432799418 1.4311683177947998 43
1732432799612 1.2436683177947998 44
1732432799663 1.3686683177947998 45
1732432799712 1.4936683177947998 46
1732432799758 1.2436683177947998 47
1732432799931 1.3686683177947998 48
1732432800020 1.1811683177947998 49
1732432800061 1.0561683177947998 50
1732432800112 1.3686683177947998 51
1732432800291 1.3686683177947998 52
1732432800369 1.2436683177947998 53
1732432800417 1.4936683177947998 54
1732432800456 1.3436683416366577 55
1732432802207 1.3061683177947998 0
1732432802252 1.3061683177947998 1
1732432802308 1.2436683177947998 2
1732432802360 1.3061683177947998 3
1732432802545 1.3686683177947998 4
1732432802591 1.3061683177947998 5
1732432802642 1.3061683177947998 6
1732432802688 1.3061683177947998 7
1732432802888 1.5561683177947998 8
1732432802961 1.3061683177947998 9
1732432803007 1.4311683177947998 10
1732432803049 1.4311683177947998 11
1732432803237 1.2436683177947998 12
1732432803289 1.4936683177947998 13
1732432803341 1.4311683177947998 14
1732432803387 1.2436683177947998 15
1732432803617 1.3061681985855103 16
1732432803668 1.3686683177947998 17
1732432803715 1.4311683177947998 18
1732432803758 1.3686683177947998 19
1732432803991 1.1811683177947998 20
1732432804040 1.2436683177947998 21
1732432804085 1.4311683177947998 22
1732432804126 1.3061683177947998 23
1732432804367 1.5561683177947998 24
1732432804427 1.3061683177947998 25
1732432804478 1.4936683177947998 26
1732432804524 1.3061683177947998 27
1732432804707 1.2436683177947998 28
1732432804840 1.2436683177947998 29
1732432804888 1.2436683177947998 30
1732432804935 1.4311683177947998 31
1732432805088 1.4311683177947998 32
1732432805192 1.3061683177947998 33
1732432805243 1.2436683177947998 34
1732432805292 1.3061683177947998 35
1732432805517 1.3061683177947998 36
1732432805600 1.3686683177947998 37
1732432805650 1.4311683177947998 38
1732432805703 0.9936683177947998 39
1732432805913 1.3061683177947998 40
1732432805972 1.3686683177947998 41
1732432806025 1.3686683177947998 42
1732432806075 1.3686683177947998 43
1732432806267 1.4311683177947998 44
1732432806328 1.3686683177947998 45
1732432806379 1.2436683177947998 46
1732432806428 1.0561683177947998 47
1732432806639 1.1811683177947998 48
1732432806718 1.4311683177947998 49
1732432806771 1.1811683177947998 50
1732432806815 1.4936683177947998 51
1732432806994 1.3061683177947998 52
1732432807085 1.3686683177947998 53
1732432807133 1.1186683177947998 54
1732432807172 1.2770016193389893 55
1732432809061 1.3061683177947998 0
1732432809112 1.1811683177947998 1
1732432809173 1.1186683177947998 2
1732432809229 1.3686681985855103 3
1732432809448 1.4311683177947998 4
1732432809492 1.3686683177947998 5
1732432809540 1.3686683177947998 6
1732432809594 1.3061683177947998 7
1732432809821 1.2436683177947998 8
1732432809870 1.2436683177947998 9
1732432809917 1.4311683177947998 10
1732432809964 1.1186683177947998 11
1732432810171 1.4936683177947998 12
1732432810218 1.4936683177947998 13
1732432810271 1.2436683177947998 14
1732432810316 1.3061683177947998 15
1732432810537 1.3686683177947998 16
1732432810587 1.4936683177947998 17
1732432810634 1.5561683177947998 18
1732432810680 1.3061683177947998 19
1732432810881 1.3686683177947998 20
1732432810945 1.1811683177947998 21
1732432810995 1.3686683177947998 22
1732432811040 1.4936683177947998 23
1732432811286 1.1811683177947998 24
1732432811344 1.3061683177947998 25
1732432811392 1.2436683177947998 26
1732432811438 1.4311683177947998 27
1732432811666 1.1811683177947998 28
1732432811712 1.3686683177947998 29
1732432811762 1.2436683177947998 30
1732432811811 1.3686683177947998 31
1732432812027 1.4311683177947998 32
1732432812168 0.993668258190155 33
1732432812252 1.2436683177947998 34
1732432812301 1.1186683177947998 35
1732432812470 1.4311683177947998 36
1732432812575 1.1186683177947998 37
1732432812629 1.4936683177947998 38
1732432812674 1.3061683177947998 39
1732432812834 1.5561683177947998 40
1732432812962 1.2436683177947998 41
1732432813024 1.3686683177947998 42
1732432813069 1.3686683177947998 43
1732432813231 1.2436683177947998 44
1732432813335 1.1186683177947998 45
1732432813392 1.3686683177947998 46
1732432813435 1.2436683177947998 47
1732432813597 1.4936683177947998 48
1732432813696 1.3061683177947998 49
1732432813748 1.3686683177947998 50
1732432813793 1.4936683177947998 51
1732432813957 1.3061683177947998 52
1732432814035 1.3686683177947998 53
1732432814083 1.3686683177947998 54
1732432814119 1.477001667022705 55
1732432815894 1.4311683177947998 0
1732432815989 1.2436683177947998 1
1732432816037 1.4311683177947998 2
1732432816080 1.3686683177947998 3
1732432816294 1.5561683177947998 4
1732432816371 1.0561683177947998 5
1732432816421 1.1811683177947998 6
1732432816469 1.4936683177947998 7
1732432816681 1.1811683177947998 8
1732432816731 1.3061683177947998 9
1732432816784 1.3061683177947998 10
1732432816830 1.3061683177947998 11
1732432817027 1.3686683177947998 12
1732432817073 1.4936683177947998 13
1732432817157 1.3061683177947998 14
1732432817204 1.3686683177947998 15
1732432817372 1.1811683177947998 16
1732432817416 1.5561683177947998 17
1732432817534 1.3686683177947998 18
1732432817583 1.4936683177947998 19
1732432817760 1.1811683177947998 20
1732432817824 1.1811683177947998 21
1732432817891 1.2436683177947998 22
1732432817937 1.2436683177947998 23
1732432818131 1.3061683177947998 24
1732432818207 1.2436683177947998 25
1732432818261 1.3061683177947998 26
1732432818308 1.4311683177947998 27
1732432818469 1.3686683177947998 28
1732432818555 1.1811683177947998 29
1732432818609 1.3686683177947998 30
1732432818653 1.1811683177947998 31
1732432818834 1.3061683177947998 32
1732432818891 1.3686683177947998 33
1732432818965 1.4311683177947998 34
1732432819012 1.3061683177947998 35
1732432819209 1.3686683177947998 36
1732432819258 1.3061683177947998 37
1732432819354 1.1811683177947998 38
1732432819400 1.2436683177947998 39
1732432819552 1.3686683177947998 40
1732432819618 1.2436683177947998 41
1732432819724 1.1811683177947998 42
1732432819774 1.2436683177947998 43
1732432819879 1.5561683177947998 44
1732432819954 1.2436683177947998 45
1732432820085 1.3061683177947998 46
1732432820132 1.3061683177947998 47
1732432820253 1.4936683177947998 48
1732432820306 1.3686683177947998 49
1732432820429 1.4936683177947998 50
1732432820503 1.2436683177947998 51
1732432820602 1.4311683177947998 52
1732432820645 1.3061683177947998 53
1732432820792 1.5561683177947998 54
1732432820862 1.2103350162506104 55
1732432822571 1.2436683177947998 0
1732432822618 1.2436683177947998 1
1732432822669 1.3061683177947998 2
1732432822723 1.2436683177947998 3
1732432822869 1.5561683177947998 4
1732432822959 1.2436683177947998 5
1732432823010 1.3686683177947998 6
1732432823052 1.4311683177947998 7
1732432823278 1.3061683177947998 8
1732432823343 1.4311683177947998 9
1732432823397 1.2436683177947998 10
1732432823449 1.3061683177947998 11
1732432823620 1.3686683177947998 12
1732432823685 1.4311683177947998 13
1732432823776 1.2436683177947998 14
1732432823821 1.4311683177947998 15
1732432824021 1.3061683177947998 16
1732432824076 1.3061683177947998 17
1732432824157 1.3061683177947998 18
1732432824201 1.4936683177947998 19
1732432824383 1.2436683177947998 20
1732432824454 1.4311683177947998 21
1732432824520 1.3061683177947998 22
1732432824567 1.3061683177947998 23
1732432824797 1.1186683177947998 24
1732432824845 1.4311683177947998 25
1732432824891 1.3061683177947998 26
1732432824935 1.1186683177947998 27
1732432825147 1.3686683177947998 28
1732432825199 1.3061683177947998 29
1732432825250 1.3061683177947998 30
1732432825294 1.3061683177947998 31
1732432825553 1.1811683177947998 32
1732432825599 1.5561683177947998 33
1732432825652 1.5561683177947998 34
1732432825703 1.3686681985855103 35
1732432825993 1.3061683177947998 36
1732432826038 1.3686683177947998 37
1732432826089 1.3061683177947998 38
1732432826142 1.1186683177947998 39
1732432826379 1.2436683177947998 40
1732432826425 1.1811683177947998 41
1732432826473 1.4311681985855103 42
1732432826525 1.4311683177947998 43
1732432826779 1.4311683177947998 44
1732432826826 1.2436683177947998 45
1732432826882 1.3686683177947998 46
1732432826934 1.3061683177947998 47
1732432827142 1.3061683177947998 48
1732432827193 1.3061683177947998 49
1732432827244 1.1186683177947998 50
1732432827298 1.3061683177947998 51
1732432827478 1.3061683177947998 52
1732432827526 1.3686683177947998 53
1732432827574 1.3061683177947998 54
1732432827633 1.5436683893203735 55
1732432829352 1.1811683177947998 0
1732432829406 1.4311683177947998 1
1732432829453 1.4311683177947998 2
1732432829502 1.4311683177947998 3
1732432829718 1.3686683177947998 4
1732432829768 1.1811683177947998 5
1732432829830 1.1186683177947998 6
1732432829871 1.2436683177947998 7
1732432830099 1.3061683177947998 8
1732432830147 1.3686683177947998 9
1732432830195 1.3061683177947998 10
1732432830242 1.2436683177947998 11
1732432830461 1.6186681985855103 12
1732432830514 1.3686683177947998 13
1732432830564 1.1186683177947998 14
1732432830612 1.3061683177947998 15
1732432830787 1.5561683177947998 16
1732432830891 1.3686683177947998 17
1732432830939 1.3686683177947998 18
1732432830984 1.4311683177947998 19
1732432831156 1.3686683177947998 20
1732432831275 1.2436683177947998 21
1732432831325 1.3686683177947998 22
1732432831367 1.2436683177947998 23
1732432831595 1.3061683177947998 24
1732432831644 1.4311683177947998 25
1732432831692 1.3061683177947998 26
1732432831735 1.3686683177947998 27
1732432831940 1.4311683177947998 28
1732432831990 1.3061683177947998 29
1732432832082 1.3686683177947998 30
1732432832131 1.3686683177947998 31
1732432832238 1.3686683177947998 32
1732432832356 1.3061683177947998 33
1732432832449 1.2436683177947998 34
1732432832495 1.1811683177947998 35
1732432832632 1.4311683177947998 36
1732432832731 1.2436683177947998 37
1732432832793 1.3686683177947998 38
1732432832838 1.2436683177947998 39
1732432833046 1.2436683177947998 40
1732432833113 1.3061683177947998 41
1732432833160 1.4936681985855103 42
1732432833203 1.3061683177947998 43
1732432833351 1.5561683177947998 44
1732432833553 1.1811683177947998 45
1732432833599 1.0561683177947998 46
1732432833646 1.1186683177947998 47
1732432833708 1.3686683177947998 48
1732432834005 1.3061683177947998 49
1732432834060 1.2436683177947998 50
1732432834102 1.3686683177947998 51
1732432834159 1.3061683177947998 52
1732432834322 1.4936683177947998 53
1732432834368 1.3686683177947998 54
1732432834425 1.3436682224273682 55
1732432836191 1.2436683177947998 0
1732432836248 1.4311683177947998 1
1732432836303 1.2436683177947998 2
1732432836351 1.2436683177947998 3
1732432836534 1.3686683177947998 4
1732432836586 1.4311683177947998 5
1732432836654 1.3061683177947998 6
1732432836699 1.3686683177947998 7
1732432836945 1.4936683177947998 8
1732432837004 1.1186683177947998 9
1732432837056 1.2436683177947998 10
1732432837104 1.3061683177947998 11
1732432837371 1.4311683177947998 12
1732432837416 1.3686683177947998 13
1732432837469 1.3061683177947998 14
1732432837516 1.2436683177947998 15
1732432837676 1.1811683177947998 16
1732432837721 1.4311683177947998 17
1732432837795 1.3686683177947998 18
1732432837847 1.4311683177947998 19
1732432838104 1.3686683177947998 20
1732432838155 1.2436683177947998 21
1732432838211 1.4311683177947998 22
1732432838255 1.4936683177947998 23
1732432838461 1.3061683177947998 24
1732432838509 1.3686683177947998 25
1732432838563 1.3686683177947998 26
1732432838609 1.4936683177947998 27
1732432838828 1.3686683177947998 28
1732432838876 1.2436683177947998 29
1732432838929 1.2436683177947998 30
1732432838974 1.2436683177947998 31
1732432839188 1.4311683177947998 32
1732432839238 1.4311683177947998 33
1732432839289 1.3686683177947998 34
1732432839333 1.3686683177947998 35
1732432839557 1.2436683177947998 36
1732432839602 1.1811683177947998 37
1732432839656 1.3061683177947998 38
1732432839704 1.4936683177947998 39
1732432839937 1.4936683177947998 40
1732432839988 1.3686683177947998 41
1732432840040 1.1811683177947998 42
1732432840084 1.1811683177947998 43
1732432840255 1.3686683177947998 44
1732432840377 1.1811683177947998 45
1732432840426 1.4311683177947998 46
1732432840475 1.3061683177947998 47
1732432840620 1.3686683177947998 48
1732432840693 1.1811683177947998 49
1732432840822 1.4311683177947998 50
1732432840866 1.3061683177947998 51
1732432840963 1.1811683177947998 52
1732432841111 1.0561683177947998 53
1732432841159 1.2436683177947998 54
1732432841215 1.477001667022705 55
1732432842985 1.4936683177947998 0
1732432843063 1.2436683177947998 1
1732432843113 0.9936683177947998 2
1732432843160 1.4936683177947998 3
1732432843344 1.3061683177947998 4
1732432843493 1.3061683177947998 5
1732432843552 1.4311683177947998 6
1732432843596 1.3686683177947998 7
1732432843738 1.1186683177947998 8
1732432843841 1.2436683177947998 9
1732432843902 1.5561683177947998 10
1732432843957 1.3061683177947998 11
1732432844124 1.2436683177947998 12
1732432844247 1.3686683177947998 13
1732432844303 1.2436683177947998 14
1732432844351 1.3686683177947998 15
1732432844509 1.1811683177947998 16
1732432844616 1.4311683177947998 17
1732432844667 1.3686683177947998 18
1732432844714 1.2436683177947998 19
1732432844905 1.4311683177947998 20
1732432844961 1.3686683177947998 21
1732432845013 1.4311683177947998 22
1732432845060 1.4936683177947998 23
1732432845256 1.3061683177947998 24
1732432845358 1.3061683177947998 25
1732432845407 1.3686683177947998 26
1732432845456 1.4311683177947998 27
1732432845614 1.1811683177947998 28
1732432845754 1.3061683177947998 29
1732432845817 1.2436683177947998 30
1732432845863 1.3061683177947998 31
1732432846010 1.3686681985855103 32
1732432846068 1.4311683177947998 33
1732432846123 1.3686683177947998 34
1732432846174 1.2436683177947998 35
1732432846380 1.1811683177947998 36
1732432846504 1.2436683177947998 37
1732432846555 0.993668258190155 38
1732432846599 1.4311681985855103 39
1732432846715 1.3686683177947998 40
1732432846912 1.4311683177947998 41
1732432846961 1.1186683177947998 42
1732432847011 1.2436683177947998 43
1732432847067 1.4936683177947998 44
1732432847301 1.5561683177947998 45
1732432847352 1.4936683177947998 46
1732432847395 1.0561683177947998 47
1732432847498 1.4311683177947998 48
1732432847690 1.2436683177947998 49
1732432847746 1.3061683177947998 50
1732432847797 1.3686683177947998 51
1732432847851 1.4936683177947998 52
1732432848013 1.4311683177947998 53
1732432848067 1.2436681985855103 54
1732432848122 1.2770017385482788 55
1732432849941 1.4936683177947998 0
1732432849987 1.2436683177947998 1
1732432850041 1.1186683177947998 2
1732432850089 1.5561683177947998 3
1732432850283 1.3686683177947998 4
1732432850335 1.1186683177947998 5
1732432850387 1.3686683177947998 6
1732432850432 1.1811683177947998 7
1732432850648 1.2436683177947998 8
1732432850702 1.4936683177947998 9
1732432850758 1.6186683177947998 10
1732432850801 1.3061683177947998 11
1732432851052 1.3061683177947998 12
1732432851096 1.1811683177947998 13
1732432851145 1.3061683177947998 14
1732432851193 1.1811683177947998 15
1732432851397 1.3061683177947998 16
1732432851451 1.1811683177947998 17
1732432851500 1.3686683177947998 18
1732432851547 1.3061683177947998 19
1732432851781 1.5561683177947998 20
1732432851830 1.3061683177947998 21
1732432851878 1.3061683177947998 22
1732432851926 1.3061683177947998 23
1732432852157 1.3686683177947998 24
1732432852204 1.4311683177947998 25
1732432852253 1.3686683177947998 26
1732432852302 1.3686683177947998 27
1732432852588 1.4311683177947998 28
1732432852637 1.4311683177947998 29
1732432852689 1.3686683177947998 30
1732432852730 1.3061683177947998 31
1732432852980 1.1186683177947998 32
1732432853034 1.1811683177947998 33
1732432853083 1.4311683177947998 34
1732432853129 1.4311683177947998 35
1732432853352 1.2436683177947998 36
1732432853400 1.1186683177947998 37
1732432853452 1.2436683177947998 38
1732432853509 1.4311683177947998 39
1732432853778 1.4936683177947998 40
1732432853828 1.3061683177947998 41
1732432853882 1.1811683177947998 42
1732432853930 1.3061683177947998 43
1732432854134 1.2436683177947998 44
1732432854179 1.3061683177947998 45
1732432854227 1.4311683177947998 46
1732432854285 1.2436683177947998 47
1732432854478 1.4311683177947998 48
1732432854532 1.1186683177947998 49
1732432854584 1.3061683177947998 50
1732432854639 1.3061683177947998 51
1732432854810 1.3686683177947998 52
1732432854882 1.4311683177947998 53
1732432854934 1.4311683177947998 54
1732432854998 1.4103350639343262 55
1732432856757 1.3061683177947998 0
1732432856809 1.1811683177947998 1
1732432856859 1.1186683177947998 2
1732432856903 1.4311683177947998 3
1732432857130 1.4936683177947998 4
1732432857182 1.2436683177947998 5
1732432857232 1.1811683177947998 6
1732432857277 1.4311683177947998 7
1732432857501 1.4311683177947998 8
1732432857550 1.3686683177947998 9
1732432857596 1.5561683177947998 10
1732432857640 1.4936683177947998 11
1732432857891 1.4311683177947998 12
1732432857938 1.3061683177947998 13
1732432857984 1.3061683177947998 14
1732432858032 1.2436683177947998 15
1732432858291 1.4311683177947998 16
1732432858343 1.3686683177947998 17
1732432858390 1.4311683177947998 18
1732432858433 1.1811683177947998 19
1732432858685 1.0561683177947998 20
1732432858733 1.2436683177947998 21
1732432858781 1.4936683177947998 22
1732432858824 1.2436683177947998 23
1732432859143 1.3686683177947998 24
1732432859191 1.1811683177947998 25
1732432859239 1.3686683177947998 26
1732432859283 1.4311683177947998 27
1732432859501 1.4311683177947998 28
1732432859550 1.1811683177947998 29
1732432859603 1.3061683177947998 30
1732432859653 1.3061683177947998 31
1732432859903 1.4936683177947998 32
1732432859951 1.3061683177947998 33
1732432860004 1.2436683177947998 34
1732432860051 1.3061683177947998 35
1732432860276 1.1811683177947998 36
1732432860325 1.1811683177947998 37
1732432860387 1.1811683177947998 38
1732432860432 1.4311683177947998 39
1732432860675 1.4311683177947998 40
1732432860738 1.4311683177947998 41
1732432860793 1.4311683177947998 42
1732432860839 1.3061683177947998 43
1732432861035 1.3061683177947998 44
1732432861088 1.4936683177947998 45
1732432861157 1.4936683177947998 46
1732432861205 1.2436683177947998 47
1732432861448 1.2436683177947998 48
1732432861508 1.2436683177947998 49
1732432861561 1.4311683177947998 50
1732432861607 1.2436683177947998 51
1732432861840 1.3061683177947998 52
1732432861886 1.3061683177947998 53
1732432861934 1.1811683177947998 54
1732432862005 1.3436683416366577 55
1732432863794 1.3061683177947998 0
1732432863837 1.4311683177947998 1
1732432863882 1.4311683177947998 2
1732432863926 1.3061683177947998 3
1732432864149 1.4311683177947998 4
1732432864195 1.3686683177947998 5
1732432864249 1.3686681985855103 6
1732432864295 1.4311683177947998 7
1732432864551 1.3061683177947998 8
1732432864604 1.3061683177947998 9
1732432864651 1.3061683177947998 10
1732432864692 1.3061683177947998 11
1732432864860 1.3061683177947998 12
1732432864916 1.4311683177947998 13
1732432864964 1.2436683177947998 14
1732432865006 1.3686683177947998 15
1732432865170 1.1811683177947998 16
1732432865329 1.1186683177947998 17
1732432865381 1.3061683177947998 18
1732432865426 1.4936683177947998 19
1732432865524 1.1811683177947998 20
1732432865646 1.4311683177947998 21
1732432865709 1.3061683177947998 22
1732432865757 1.3686683177947998 23
1732432865878 1.1811683177947998 24
1732432865979 1.3061683177947998 25
1732432866049 1.4936683177947998 26
1732432866094 1.3061683177947998 27
1732432866316 1.4311683177947998 28
1732432866398 1.3686683177947998 29
1732432866453 1.2436683177947998 30
1732432866500 1.0561683177947998 31
1732432866694 1.4311683177947998 32
1732432866781 1.3686683177947998 33
1732432866833 1.4936683177947998 34
1732432866879 1.1811683177947998 35
1732432867048 1.3061683177947998 36
1732432867187 1.3061683177947998 37
1732432867237 1.4311683177947998 38
1732432867279 1.1186683177947998 39
1732432867411 1.3061683177947998 40
