1732432767795 0.109375 1
1732432767927 0.75 3
1732432768047 0.6875 5
1732432768160 0.65625 7
1732432768281 0.6875 9
1732432768390 0.625 11
1732432768547 0.75 13
1732432768692 0.65625 15
1732432768905 0.71875 17
1732432769051 0.6875 19
1732432769286 0.71875 21
1732432769432 0.71875 23
1732432769671 0.84375 25
1732432769776 0.8125 27
1732432770093 0.75 29
1732432770188 0.71875 31
1732432770475 0.84375 33
1732432770585 0.75 35
1732432770886 0.6875 37
1732432770977 0.65625 39
1732432771278 0.65625 41
1732432771374 0.75 43
1732432771666 0.75 45
1732432771760 0.59375 47
1732432772003 0.75 49
1732432772097 0.75 51
1732432772352 0.625 53
1732432772872 0.7333333492279053 55
1732432774787 0.71875 57
1732432774893 0.8125 59
1732432775198 0.78125 61
1732432775310 0.71875 63
1732432775584 0.59375 65
1732432775685 0.71875 67
1732432775972 0.6875 69
1732432776078 0.6875 71
1732432776312 0.65625 73
1732432776420 0.8125 75
1732432776653 0.6875 77
1732432776753 0.71875 79
1732432777111 0.6875 81
1732432777231 0.8125 83
1732432777528 0.78125 85
1732432777641 0.625 87
1732432777876 0.65625 89
1732432777993 0.6875 91
1732432778224 0.65625 93
1732432778327 0.71875 95
1732432778634 0.71875 97
1732432778732 0.71875 99
1732432779026 0.8125 101
1732432779140 0.71875 103
1732432779426 0.75 105
1732432779529 0.65625 107
1732432779792 0.75 109
1732432779890 0.7333333492279053 111
1732432781745 0.71875 113
1732432781837 0.75 115
1732432782114 0.6875 117
1732432782207 0.8125 119
1732432782512 0.6875 121
1732432782606 0.78125 123
1732432782888 0.59375 125
1732432782990 0.59375 127
1732432783243 0.8125 129
1732432783342 0.78125 131
1732432783621 0.6875 133
1732432783732 0.65625 135
1732432784067 0.71875 137
1732432784172 0.65625 139
1732432784470 0.6875 141
1732432784581 0.71875 143
1732432784847 0.71875 145
1732432784959 0.59375 147
1732432785240 0.75 149
1732432785347 0.8125 151
1732432785697 0.71875 153
1732432785803 0.78125 155
1732432786068 0.71875 157
1732432786199 0.71875 159
1732432786424 0.65625 161
1732432786530 0.625 163
1732432786772 0.8125 165
1732432786889 0.7666666507720947 167
1732432788751 0.65625 169
1732432788853 0.71875 171
1732432789188 0.625 173
1732432789301 0.75 175
1732432789549 0.71875 177
1732432789643 0.75 179
1732432789924 0.71875 181
1732432790019 0.65625 183
1732432790304 0.6875 185
1732432790403 0.75 187
1732432790658 0.8125 189
1732432790752 0.75 191
1732432791013 0.75 193
1732432791106 0.625 195
1732432791402 0.84375 197
1732432791497 0.75 199
1732432791807 0.75 201
1732432791900 0.6875 203
1732432792201 0.625 205
1732432792301 0.78125 207
1732432792603 0.6875 209
1732432792699 0.6875 211
1732432793019 0.71875 213
1732432793109 0.71875 215
1732432793382 0.71875 217
1732432793485 0.71875 219
1732432793739 0.625 221
1732432793824 0.6666666865348816 223
1732432795610 0.75 225
1732432795702 0.625 227
1732432795998 0.75 229
1732432796092 0.65625 231
1732432796360 0.71875 233
1732432796456 0.71875 235
1732432796696 0.75 237
1732432796786 0.65625 239
1732432797082 0.75 241
1732432797171 0.75 243
1732432797426 0.75 245
1732432797522 0.65625 247
1732432797857 0.75 249
1732432797953 0.8125 251
1732432798208 0.75 253
1732432798300 0.6875 255
1732432798557 0.71875 257
1732432798657 0.6875 259
1732432798909 0.75 261
1732432799006 0.625 263
1732432799332 0.6875 265
1732432799431 0.65625 267
1732432799675 0.6875 269
1732432799773 0.75 271
1732432800031 0.78125 273
1732432800128 0.6875 275
1732432800381 0.75 277
1732432800471 0.699999988079071 279
1732432802264 0.71875 281
1732432802376 0.71875 283
1732432802602 0.71875 285
1732432802704 0.71875 287
1732432802973 0.71875 289
1732432803059 0.65625 291
1732432803304 0.625 293
1732432803400 0.75 295
1732432803680 0.6875 297
1732432803773 0.6875 299
1732432804051 0.75 301
1732432804139 0.71875 303
1732432804441 0.71875 305
1732432804534 0.71875 307
1732432804851 0.75 309
1732432804951 0.65625 311
1732432805206 0.71875 313
1732432805308 0.71875 315
1732432805614 0.6875 317
1732432805715 0.875 319
1732432805989 0.6875 321
1732432806091 0.6875 323
1732432806343 0.6875 325
1732432806440 0.84375 327
1732432806729 0.65625 329
1732432806833 0.625 331
1732432807096 0.6875 333
1732432807185 0.7333333492279053 335
1732432809126 0.78125 337
1732432809242 0.6875 339
1732432809504 0.6875 341
1732432809608 0.71875 343
1732432809882 0.75 345
1732432809981 0.8125 347
1732432810230 0.625 349
1732432810330 0.71875 351
1732432810600 0.625 353
1732432810699 0.71875 355
1732432810959 0.78125 357
1732432811052 0.625 359
1732432811356 0.71875 361
1732432811452 0.65625 363
1732432811724 0.6875 365
1732432811823 0.6875 367
1732432812202 0.875 369
1732432812318 0.8125 371
1732432812587 0.8125 373
1732432812694 0.71875 375
1732432812979 0.75 377
1732432813086 0.6875 379
1732432813347 0.8125 381
1732432813453 0.75 383
1732432813711 0.71875 385
1732432813812 0.625 387
1732432814048 0.6875 389
1732432814132 0.6333333253860474 391
1732432816000 0.75 393
1732432816092 0.6875 395
1732432816384 0.84375 397
1732432816480 0.625 399
1732432816744 0.71875 401
1732432816841 0.71875 403
1732432817087 0.625 405
1732432817216 0.6875 407
1732432817429 0.59375 409
1732432817595 0.625 411
1732432817840 0.78125 413
1732432817949 0.75 415
1732432818222 0.75 417
1732432818319 0.65625 419
1732432818574 0.78125 421
1732432818666 0.78125 423
1732432818905 0.6875 425
1732432819024 0.71875 427
1732432819270 0.71875 429
1732432819409 0.75 431
1732432819629 0.75 433
1732432819787 0.75 435
1732432819968 0.75 437
1732432820144 0.71875 439
1732432820318 0.6875 441
1732432820517 0.75 443
1732432820655 0.71875 445
1732432820878 0.7666666507720947 447
1732432822632 0.75 449
1732432822732 0.75 451
1732432822971 0.75 453
1732432823069 0.65625 455
1732432823358 0.65625 457
1732432823460 0.71875 459
1732432823701 0.65625 461
1732432823833 0.65625 463
1732432824091 0.71875 465
1732432824214 0.625 467
1732432824472 0.65625 469
1732432824583 0.71875 471
1732432824856 0.65625 473
1732432824950 0.8125 475
1732432825212 0.71875 477
1732432825307 0.71875 479
1732432825613 0.59375 481
1732432825717 0.6875 483
1732432826054 0.6875 485
1732432826158 0.8125 487
1732432826438 0.78125 489
1732432826540 0.65625 491
1732432826838 0.75 493
1732432826945 0.71875 495
1732432827206 0.71875 497
1732432827312 0.71875 499
1732432827538 0.6875 501
1732432827647 0.6000000238418579 503
1732432829418 0.65625 505
1732432829514 0.65625 507
1732432829779 0.78125 509
1732432829882 0.75 511
1732432830161 0.6875 513
1732432830253 0.75 515
1732432830527 0.6875 517
1732432830628 0.71875 519
1732432830901 0.6875 521
1732432831002 0.65625 523
1732432831285 0.75 525
1732432831384 0.75 527
1732432831655 0.65625 529
1732432831753 0.6875 531
1732432832002 0.71875 533
1732432832143 0.6875 535
1732432832372 0.71875 537
1732432832509 0.78125 539
1732432832749 0.75 541
1732432832849 0.75 543
1732432833124 0.71875 545
1732432833217 0.71875 547
1732432833564 0.78125 549
1732432833665 0.8125 551
1732432834018 0.71875 553
1732432834118 0.6875 555
1732432834333 0.625 557
1732432834440 0.699999988079071 559
1732432836262 0.65625 561
1732432836362 0.75 563
1732432836599 0.65625 565
1732432836710 0.6875 567
1732432837016 0.8125 569
1732432837119 0.71875 571
1732432837428 0.6875 573
1732432837527 0.75 575
1732432837734 0.65625 577
1732432837859 0.65625 579
1732432838169 0.75 581
1732432838272 0.625 583
1732432838523 0.6875 585
1732432838621 0.625 587
1732432838889 0.75 589
1732432838987 0.75 591
1732432839250 0.65625 593
1732432839352 0.6875 595
1732432839619 0.78125 597
1732432839715 0.625 599
1732432840000 0.6875 601
1732432840103 0.78125 603
1732432840389 0.78125 605
1732432840493 0.71875 607
1732432840709 0.78125 609
1732432840879 0.71875 611
1732432841124 0.84375 613
1732432841230 0.6333333253860474 615
1732432843076 0.75 617
1732432843177 0.625 619
1732432843513 0.71875 621
1732432843610 0.6875 623
1732432843857 0.75 625
1732432843971 0.71875 627
1732432844266 0.6875 629
1732432844366 0.6875 631
1732432844630 0.65625 633
1732432844729 0.75 635
1732432844974 0.6875 637
1732432845075 0.625 639
1732432845371 0.71875 641
1732432845469 0.65625 643
1732432845770 0.71875 645
1732432845880 0.71875 647
1732432846087 0.65625 649
1732432846186 0.75 651
1732432846516 0.75 653
1732432846614 0.65625 655
1732432846923 0.65625 657
1732432847024 0.75 659
1732432847312 0.59375 661
1732432847414 0.84375 663
1732432847702 0.75 665
1732432847816 0.6875 667
1732432848033 0.65625 669
1732432848139 0.7333333492279053 671
1732432850001 0.75 673
1732432850101 0.59375 675
1732432850348 0.8125 677
1732432850443 0.78125 679
1732432850717 0.625 681
1732432850817 0.71875 683
1732432851109 0.78125 685
1732432851210 0.78125 687
1732432851463 0.78125 689
1732432851560 0.71875 691
1732432851840 0.71875 693
1732432851944 0.71875 695
1732432852216 0.65625 697
1732432852317 0.6875 699
1732432852652 0.65625 701
1732432852741 0.71875 703
1732432853048 0.78125 705
1732432853144 0.65625 707
1732432853413 0.8125 709
1732432853528 0.65625 711
1732432853842 0.71875 713
1732432853942 0.71875 715
1732432854191 0.71875 717
1732432854300 0.75 719
1732432854543 0.8125 721
1732432854660 0.71875 723
1732432854895 0.65625 725
1732432855011 0.6666666865348816 727
1732432856821 0.78125 729
1732432856922 0.65625 731
1732432857195 0.75 733
1732432857296 0.65625 735
1732432857562 0.6875 737
1732432857655 0.625 739
1732432857950 0.71875 741
1732432858048 0.75 743
1732432858353 0.6875 745
1732432858444 0.78125 747
1732432858744 0.75 749
1732432858843 0.75 751
1732432859202 0.78125 753
1732432859296 0.65625 755
1732432859562 0.78125 757
1732432859668 0.71875 759
1732432859963 0.71875 761
1732432860063 0.71875 763
1732432860339 0.78125 765
1732432860444 0.65625 767
1732432860754 0.65625 769
1732432860856 0.71875 771
1732432861107 0.625 773
1732432861219 0.75 775
1732432861523 0.75 777
1732432861618 0.75 779
1732432861898 0.71875 781
1732432862017 0.699999988079071 783
1732432863847 0.65625 785
1732432863940 0.71875 787
1732432864208 0.6875 789
1732432864305 0.65625 791
1732432864614 0.71875 793
1732432864702 0.71875 795
1732432864927 0.65625 797
1732432865019 0.6875 799
1732432865344 0.8125 801
1732432865437 0.625 803
1732432865662 0.65625 805
1732432865771 0.6875 807
1732432865995 0.71875 809
1732432866109 0.71875 811
1732432866412 0.6875 813
1732432866512 0.84375 815
1732432866798 0.6875 817
1732432866895 0.78125 819
1732432867198 0.71875 821
1732432867293 0.8125 823
