1732432774256 0.0 55
1732432781266 1.401298464324817e-45 111
1732432788308 2.802596928649634e-45 167
1732432795138 0.0 223
1732432801759 5.605193857299268e-45 279
1732432808537 7.006492321624085e-45 335
1732432815507 8.407790785948902e-45 391
1732432822178 9.80908925027372e-45 447
1732432828950 1.1210387714598537e-44 503
1732432835786 1.2611686178923354e-44 559
1732432842598 0.0 615
1732432849485 1.5414283107572988e-44 671
1732432856331 7.006492321624085e-45 727
1732432863338 1.8216880036222622e-44 783
