1732432774256 7.847271400218976e-44 55
1732432781266 1.5694542800437951e-43 111
1732432788308 2.3541814200656927e-43 167
1732432795138 0.0 223
1732432801759 3.923635700109488e-43 279
1732432808537 4.708362840131385e-43 335
1732432815507 5.493089980153283e-43 391
1732432822178 6.2778171201751805e-43 447
1732432828950 7.062544260197078e-43 503
1732432835786 7.847271400218976e-43 559
1732432842598 8.631998540240873e-43 615
1732432849485 9.41672568026277e-43 671
1732432856331 1.0201452820284668e-42 727
1732432863338 1.0986179960306566e-42 783
