1732441991355 1.3771131038665771 0
1732441991621 1.2436683177947998 1
1732441991693 1.3061683177947998 2
1732441991773 1.4311683177947998 3
1732441991985 1.2436683177947998 4
1732441992049 1.3686683177947998 5
1732441992103 1.3686683177947998 6
1732441992159 1.4936683177947998 7
1732441992394 1.3061683177947998 8
1732441992456 1.1811683177947998 9
1732441992508 1.2436683177947998 10
1732441992570 1.3686683177947998 11
1732441992849 1.2436683177947998 12
1732441992914 1.4936683177947998 13
1732441992966 1.4311683177947998 14
1732441993021 1.3686683177947998 15
1732441993180 1.6186683177947998 16
1732441993237 1.2436683177947998 17
1732441993286 1.3061683177947998 18
1732441993335 1.3686683177947998 19
1732441993571 1.3686683177947998 20
1732441993695 1.1811683177947998 21
1732441993755 1.3061683177947998 22
1732441993816 1.4311683177947998 23
1732441993938 1.2436683177947998 24
1732441994054 1.3061683177947998 25
1732441994113 1.3686683177947998 26
1732441994169 1.1811683177947998 27
1732441994348 1.2436683177947998 28
1732441994441 1.2436683177947998 29
1732441994495 1.4311683177947998 30
1732441994549 1.4936683177947998 31
1732441994778 1.2436683177947998 32
1732441994849 1.3686683177947998 33
1732441994906 1.2436683177947998 34
1732441994964 1.3686683177947998 35
1732441995171 1.1811683177947998 36
1732441995254 1.4936683177947998 37
1732441995314 1.4311683177947998 38
1732441995365 1.1186683177947998 39
1732441995545 1.3686683177947998 40
1732441995619 1.4936683177947998 41
1732441995685 1.3061683177947998 42
1732441995742 1.3686683177947998 43
1732441995927 1.2436683177947998 44
1732441996000 1.3686683177947998 45
1732441996063 1.4311683177947998 46
1732441996126 1.3061683177947998 47
1732441996308 1.4311683177947998 48
1732441996429 1.1186683177947998 49
1732441996495 1.3686683177947998 50
1732441996568 1.1811683177947998 51
1732441996727 1.3061683177947998 52
1732441996813 1.1811683177947998 53
1732441996878 1.1811683177947998 54
1732441996972 1.4103350639343262 55
