1732383866195 1.379919409751892 0
1732383866461 -0.0 0
1732383866495 266.474853515625 0
1732383866523 77.78781127929688 0
1732383866560 2.455681169521995e-05 0
1732383866590 -0.0 0
1732383866627 113.73735809326172 0
1732383866655 -0.0 0
1732383866691 50.42977523803711 0
1732383866721 89.40579223632812 0
1732383866805 15.103401184082031 0
1732383866835 0.02822088450193405 0
1732383866872 8.228113174438477 0
1732383866898 3.10373592376709 0
1732383866992 1.3158295154571533 0
1732383867022 1.133110523223877 0
1732383867056 1.0987521409988403 0
1732383867085 1.492959976196289 0
1732383867236 1.3894354104995728 0
1732383867264 1.3987401723861694 0
1732383867299 1.872910737991333 0
1732383867423 1.8915035724639893 0
1732383867561 1.9347636699676514 0
1732383867589 1.3528223037719727 0
1732383867627 1.3319674730300903 0
1732383867657 1.2982797622680664 0
1732383867725 1.0341973304748535 0
1732383867751 1.0411150455474854 0
1732383867783 1.0368280410766602 0
1732383867811 1.822290062904358 0
1732383867955 1.0139333009719849 0
1732383867984 0.9960137009620667 0
1732383868019 1.184431552886963 0
1732383868044 0.9542746543884277 0
1732383868111 1.801924705505371 0
1732383868138 1.7879289388656616 0
1732383868242 2.1199140548706055 0
1732383868268 1.2097151279449463 0
1732383868367 2.1433119773864746 0
1732383868396 2.124610662460327 0
1732383868496 1.2183129787445068 0
1732383868525 0.9524036049842834 0
1732383868686 2.018968105316162 0
1732383868715 1.2157955169677734 0
1732383868748 1.684874176979065 0
1732383868774 1.2026253938674927 0
1732383868922 1.0452945232391357 0
1732383868948 1.6638293266296387 0
1732383868982 1.644338607788086 0
1732383869009 1.835570216178894 0
1732383869238 1.5804028511047363 0
1732383869264 1.537961483001709 0
1732383869298 1.1832855939865112 0
1732383869328 1.7525964975357056 0
1732383869547 1.4065852165222168 0
1732383869575 1.3022855520248413 0
1732383869611 1.683394193649292 0
1732383869641 1.3019427061080933 0
1732383869678 1.3163195848464966 0
1732383869706 1.382656216621399 0
1732383869741 1.3197243213653564 0
1732383869766 1.5907845497131348 0
1732383869800 1.3054200410842896 0
1732383869884 1.4367371797561646 0
1732383869921 1.31254243850708 0
1732383869950 1.2732404470443726 0
1732383869984 1.2559257745742798 0
1732383870214 1.3311870098114014 0
1732383870251 1.2068837881088257 0
1732383870282 1.1760857105255127 0
1732383870317 1.5362011194229126 0
1732383870469 1.5418858528137207 0
1732383870503 1.3645775318145752 0
1732383870528 1.6931341886520386 0
1732383870561 1.6985586881637573 0
1732383870772 1.6809704303741455 0
1732383870809 1.5320234298706055 0
1732383870837 1.5206046104431152 0
1732383870869 1.1040300130844116 0
1732383870896 1.1076635122299194 0
1732383870931 1.4633285999298096 0
1732383870960 1.4367157220840454 0
1732383870995 1.5390539169311523 0
1732383871142 1.5498619079589844 0
1732383871180 1.127685785293579 0
1732383871206 1.1290488243103027 0
1732383871236 1.1180404424667358 0
1732383871345 1.552898645401001 0
1732383871379 1.3266574144363403 0
1732383871407 1.3160837888717651 0
1732383871438 1.291365146636963 0
1732383871718 1.2545156478881836 0
1732383871755 1.207564115524292 0
1732383871784 1.5757660865783691 0
1732383871817 1.5732990503311157 0
1732383871845 1.179024577140808 0
1732383871878 1.192740559577942 0
1732383871908 1.1918957233428955 0
1732383871941 1.0420852899551392 0
1732383872119 1.5408297777175903 0
1732383872155 2.1729846000671387 0
1732383872181 1.1775904893875122 0
1732383872214 1.1677403450012207 0
1732383872326 1.5170259475708008 0
1732383872384 1.1310176849365234 0
1732383872409 1.4912769794464111 0
1732383872494 2.254607677459717 0
1732383872622 1.1483536958694458 0
1732383872688 1.432352066040039 0
1732383872714 2.2316389083862305 0
1732383872748 1.203367829322815 0
1732383872774 1.2082929611206055 0
1732383872899 1.3606576919555664 0
1732383872940 1.3385862112045288 0
1732383872974 1.3031467199325562 0
1732383873005 1.256508708000183 0
1732383873040 1.2426319122314453 0
1732383873180 1.1580328941345215 0
1732383873215 1.2880443334579468 0
1732383873244 1.3144878149032593 0
1732383873281 1.0415364503860474 0
1732383873310 1.005676031112671 0
1732383873346 1.3754832744598389 0
1732383873486 0.9320094585418701 0
1732383873524 0.8945733904838562 0
1732383873552 1.458337426185608 0
1732383873586 0.8215356469154358 0
1732383873812 2.373978853225708 0
1732383873848 1.506102442741394 0
1732383873876 1.5489189624786377 0
1732383873910 1.5519156455993652 0
1732383873976 0.7414447665214539 0
1732383874016 1.5511507987976074 0
1732383874044 1.547227382659912 0
1732383874075 0.7475299835205078 0
1732383874299 1.5295841693878174 0
1732383874335 0.7566688656806946 0
1732383874364 1.5020751953125 0
1732383874399 0.763129711151123 0
1732383874426 1.5175261497497559 0
1732383874463 1.4675183296203613 0
1732383874494 1.4963287115097046 0
1732383874526 1.4256477355957031 0
1732383874552 1.3919446468353271 0
1732383874624 0.8581333160400391 0
1732383874653 1.3116801977157593 0
1732383874803 2.587312698364258 0
1732383874836 1.2273650169372559 0
1732383874965 2.563965082168579 0
1732383874997 1.0050561428070068 0
1732383875032 1.110395073890686 0
1732383875058 1.0552937984466553 0
1732383875253 1.0688201189041138 0
1732383875283 1.0341166257858276 0
1732383875318 2.4367990493774414 0
1732383875345 0.9917754530906677 0
1732383875378 1.6338624954223633 0
1732383875407 0.9460516571998596 0
1732383875439 1.1590189933776855 0
1732383875467 0.9033156633377075 0
1732383875553 1.7011812925338745 0
1732383875665 2.312150001525879 0
1732383875698 1.2363823652267456 0
1732383875723 2.2513158321380615 0
1732383875753 0.8631854057312012 0
1732383876015 1.2642385959625244 0
1732383876054 1.2625484466552734 0
1732383876080 1.7523558139801025 0
1732383876113 0.8968644142150879 0
1732383876331 2.0510411262512207 0
1732383876364 2.009126663208008 0
1732383876393 0.9318970441818237 0
1732383876427 1.2529879808425903 0
1732383876549 1.2504370212554932 0
1732383876587 1.2333097457885742 0
1732383876612 1.2035256624221802 0
1732383876644 1.8237600326538086 0
1732383876799 1.0644322633743286 0
1732383876835 1.825411081314087 0
1732383876866 1.8082127571105957 0
1732383876903 1.1312181949615479 0
1732383876931 1.7454931735992432 0
1732383876968 1.781386375427246 0
1732383876996 1.7654578685760498 0
1732383877026 1.6354520320892334 0
1732383877052 1.5908899307250977 0
1732383877120 1.2463364601135254 0
1732383877148 1.2580069303512573 0
1732383877251 1.2542831897735596 0
1732383877280 1.4264074563980103 0
1732383877316 1.387107014656067 0
1732383877347 1.3630719184875488 0
1732383877401 1.2972310781478882 0
1732383877505 1.2421398162841797 0
1732383877546 1.2387597560882568 0
1732383877575 1.2217977046966553 0
1732383877689 1.1928662061691284 0
1732383877747 1.1603033542633057 0
1732383877778 1.1414579153060913 0
1732383877806 1.6410194635391235 0
1732383878017 1.6616809368133545 0
1732383878043 1.099987268447876 0
1732383878076 1.0850735902786255 0
1732383878103 1.0590858459472656 0
1732383878324 2.111823558807373 0
1732383878349 1.7050807476043701 0
1732383878382 1.698775291442871 0
1732383878411 2.1431455612182617 0
1732383878477 0.9644288420677185 0
1732383878505 0.9498221278190613 0
1732383878536 0.9261640310287476 0
1732383878563 1.636214256286621 0
1732383878707 2.1164705753326416 0
1732383878748 1.606328010559082 0
1732383878781 1.5758931636810303 0
1732383878809 1.530428171157837 0
1732383878846 1.496107816696167 0
1732383878932 0.8921354413032532 0
1732383879038 0.8995497822761536 0
1732383879087 1.364849328994751 0
1732383879121 1.6030664443969727 0
1732383879183 0.9135161638259888 0
1732383879367 1.6276347637176514 0
1732383879402 0.9207640886306763 0
1732383879433 1.2623317241668701 0
1732383879515 2.143157720565796 0
1732383879688 1.23045015335083 0
1732383879716 1.644735336303711 0
1732383879752 0.9686278700828552 0
1732383879780 0.9768858551979065 0
1732383879841 0.9729262590408325 0
1732383879866 1.182681679725647 0
1732383879898 1.6553668975830078 0
1732383879955 1.1737396717071533 0
1732383880146 0.9642412066459656 0
1732383880174 1.15168035030365 0
1732383880210 1.6543266773223877 0
1732383880280 2.2589516639709473 0
1732383880315 0.9948574304580688 0
1732383880343 1.6273579597473145 0
1732383880380 1.6046950817108154 0
1732383880605 2.2379822731018066 0
1732383880642 1.1454079151153564 0
1732383880671 1.5073902606964111 0
1732383880704 1.0838452577590942 0
1732383880732 1.438527226448059 0
1732383880768 1.3954495191574097 0
1732383880799 1.2035119533538818 0
1732383880831 1.298551321029663 0
1732383880859 2.151238441467285 0
1732383880891 1.2030160427093506 0
1732383880919 1.1512658596038818 0
1732383881010 1.0926073789596558 0
1732383881172 2.106642723083496 0
1732383881208 1.3644896745681763 0
1732383881236 1.3824942111968994 0
1732383881282 1.510469913482666 0
1732383881404 0.9032957553863525 0
1732383881435 0.8802705407142639 0
1732383881462 1.4187005758285522 0
1732383881494 0.8313373327255249 0
1732383881700 2.0638535022735596 0
1732383881734 2.0484390258789062 0
1732383881761 1.7521660327911377 0
1732383881796 1.7628815174102783 0
1732383882062 1.7519488334655762 0
1732383882098 0.8018611669540405 0
1732383882126 1.7016534805297852 0
1732383882160 0.8149290680885315 0
1732383882317 1.6367722749710083 0
1732383882351 1.5878939628601074 0
1732383882380 1.8776018619537354 0
1732383882414 1.6006245613098145 0
1732383882551 0.8832620978355408 0
1732383882586 1.4890183210372925 0
1732383882614 1.458704948425293 0
1732383882648 1.815866231918335 0
1732383882732 1.5949050188064575 0
1732383882767 1.5827966928482056 0
1732383882793 1.3313493728637695 0
1732383882822 1.0865943431854248 0
1732383882954 1.1123865842819214 0
1732383883038 1.5159101486206055 0
1732383883066 1.7689123153686523 0
1732383883098 1.4778239727020264 0
1732383883244 1.2618629932403564 0
1732383883348 1.251892328262329 0
1732383883375 1.2285659313201904 0
1732383883410 1.2803362607955933 0
1732383883440 1.4024831056594849 0
1732383883559 1.321073293685913 0
1732383883588 1.146782636642456 0
1732383883625 1.8304479122161865 0
1732383883747 1.827074408531189 0
1732383883782 1.3680922985076904 0
1732383883809 1.3959946632385254 0
1732383883845 1.3895703554153442 0
1732383884006 1.1354981660842896 0
1732383884041 1.7548526525497437 0
1732383884070 1.3466739654541016 0
1732383884104 1.324289083480835 0
1732383884208 1.2887482643127441 0
1732383884344 1.6983060836791992 0
1732383884372 1.5195691585540771 0
1732383884405 1.6544266939163208 0
1732383884433 1.5440473556518555 0
1732383884491 1.1553539037704468 0
1732383884517 1.365216851234436 0
1732383884549 1.1221791505813599 0
1732383884696 1.4099518060684204 0
1732383884729 1.5737106800079346 0
1732383884758 1.4245753288269043 0
1732383884792 1.5716512203216553 0
1732383884833 1.4128209352493286 0
1732383884867 1.5779874324798584 0
1732383884973 1.5535677671432495 0
1732383885007 1.5598949193954468 0
1732383885152 1.5165718793869019 0
1732383885189 1.3771768808364868 0
1732383885216 1.2326085567474365 0
1732383885247 1.25002121925354 0
1732383885479 1.4372988939285278 0
1732383885515 1.3728471994400024 0
1732383885545 1.5315334796905518 0
1732383885579 1.2880207300186157 0
1732383885730 1.287553071975708 0
1732383885769 1.37229323387146 0
1732383885798 1.363457441329956 0
1732383885847 1.261393666267395 0
1732383886075 1.2449091672897339 0
1732383886114 1.3166141510009766 0
1732383886141 1.601571798324585 0
1732383886176 1.2799298763275146 0
1732383886204 1.6094542741775513 0
1732383886238 1.1820282936096191 0
1732383886265 1.5909044742584229 0
1732383886302 1.5674327611923218 0
1732383886376 1.7395728826522827 0
1732383886413 1.2241671085357666 0
1732383886443 1.216118574142456 0
1732383886482 1.194705843925476 0
1732383886589 1.4540016651153564 0
1732383886621 1.4311329126358032 0
1732383886648 1.3942430019378662 0
1732383886806 1.1189056634902954 0
1732383886840 1.308997631072998 0
1732383886875 1.094302773475647 0
1732383886905 1.2274154424667358 0
1732383887061 2.0527191162109375 0
1732383887090 1.5539517402648926 0
1732383887167 2.0737686157226562 0
1732383887197 1.104252576828003 0
1732383887354 1.0988352298736572 0
1732383887384 1.101531982421875 0
1732383887419 2.0443923473358154 0
1732383887448 1.720999836921692 0
1732383887680 1.0867044925689697 0
1732383887708 1.7400109767913818 0
1732383887743 1.068052053451538 0
1732383887769 1.7264045476913452 0
1732383887987 1.0388271808624268 0
1732383888014 1.9663567543029785 0
1732383888046 1.676316499710083 0
1732383888074 1.2293167114257812 0
1732383888151 1.6247740983963013 0
1732383888181 1.0086443424224854 0
1732383888218 1.557796835899353 0
1732383888247 1.3212716579437256 0
1732383888283 1.3312993049621582 0
1732383888311 1.4540021419525146 0
1732383888345 1.3235440254211426 0
1732383888373 1.3073092699050903 0
1732383888407 1.2776423692703247 0
1732383888435 1.2364983558654785 0
1732383888467 1.1858577728271484 0
1732383888594 1.3467941284179688 0
1732383888630 1.3351614475250244 0
1732383888654 1.3097803592681885 0
1732383888768 2.139984369277954 0
1732383888823 1.0199506282806396 0
1732383888864 1.5079960823059082 0
1732383888985 2.162177562713623 0
1732383889029 1.5680420398712158 0
1732383889059 0.9794713258743286 0
1732383889206 1.216317892074585 0
1732383889291 2.1167993545532227 0
1732383889327 1.205033302307129 0
1732383889355 0.9831852912902832 0
1732383889387 1.665445327758789 0
1732383889552 0.9880579710006714 0
1732383889592 0.9812416434288025 0
1732383889621 2.0270752906799316 0
1732383889655 2.0004053115844727 0
1732383889803 1.234946846961975 0
1732383889840 0.9561240673065186 0
1732383889887 1.7500200271606445 0
1732383889920 1.7484376430511475 0
1732383890072 1.7269268035888672 0
1732383890110 1.6879172325134277 0
1732383890180 1.3179450035095215 0
1732383890218 1.3213343620300293 0
1732383890248 1.0409605503082275 0
1732383890280 1.0558639764785767 0
1732383890400 1.309723138809204 0
1732383890439 1.297835350036621 0
1732383890466 1.4996743202209473 0
1732383890503 1.1007342338562012 0
1732383890533 1.4661240577697754 0
1732383890566 1.4376153945922852 0
1732383890614 1.3953243494033813 0
1732383890649 1.1556094884872437 0
1732383890854 1.2719324827194214 0
1732383890893 1.271947979927063 0
1732383890934 2.072173595428467 0
1732383890968 1.2337384223937988 0
1732383890996 1.2437560558319092 0
1732383891035 1.253009557723999 0
1732383891063 1.178204894065857 0
1732383891095 2.1220967769622803 0
1732383891121 1.251899003982544 0
1732383891247 1.3226189613342285 0
1732383891277 2.098097324371338 0
1732383891317 1.2380568981170654 0
1732383891345 2.044689655303955 0
1732383891573 1.2151063680648804 0
1732383891603 1.385105013847351 0
1732383891653 1.1800814867019653 0
1732383891682 1.2419548034667969 0
1732383891746 1.255010962486267 0
1732383891775 1.1323801279067993 0
1732383891926 1.8821083307266235 0
1732383891955 1.1012517213821411 0
1732383891991 1.078000783920288 0
1732383892022 1.8259700536727905 0
1732383892230 1.568947434425354 0
1732383892258 1.0079712867736816 0
1732383892293 1.386112928390503 0
1732383892320 0.9703422784805298 0
1732383892447 0.946997344493866 0
1732383892478 0.9156271815299988 0
1732383892514 1.703366756439209 0
1732383892543 1.71348237991333 0
1732383892642 0.8337365984916687 0
1732383892674 0.8094644546508789 0
1732383892711 1.7048547267913818 0
1732383892740 1.689375638961792 0
1732383892773 1.6835155487060547 0
1732383892824 1.6265463829040527 0
1732383892860 1.5808591842651367 0
1732383892888 1.5208539962768555 0
1732383893058 1.7385432720184326 0
1732383893160 1.3879733085632324 0
1732383893196 2.0462465286254883 0
1732383893225 2.044772148132324 0
1732383893392 2.0178046226501465 0
1732383893499 1.744663953781128 0
1732383893534 1.0270365476608276 0
1732383893564 1.725490927696228 0
1732383893616 1.092385172843933 0
1732383893831 1.114845633506775 0
1732383893867 1.1345436573028564 0
1732383893894 1.6698228120803833 0
1732383893925 1.0989106893539429 0
1732383894114 1.0873321294784546 0
1732383894152 1.0641030073165894 0
1732383894181 1.6229581832885742 0
1732383894216 1.6036739349365234 0
1732383894246 1.5679538249969482 0
1732383894280 1.5179606676101685 0
1732383894309 1.3740819692611694 0
1732383894343 1.3926401138305664 0
1732383894528 1.3649640083312988 0
1732383894563 1.0435408353805542 0
1732383894590 1.0534098148345947 0
1732383894624 1.247263789176941 0
1732383894759 1.0554428100585938 0
1732383894793 1.0480871200561523 0
1732383894819 1.029360294342041 0
1732383894853 1.16171395778656 0
1732383895051 1.1435562372207642 0
1732383895088 2.3150880336761475 0
1732383895119 2.3219408988952637 0
1732383895154 0.982374906539917 0
1732383895181 1.7309972047805786 0
1732383895248 1.7430169582366943 0
1732383895274 2.257469892501831 0
1732383895304 1.7249281406402588 0
1732383895456 2.182681083679199 0
1732383895491 1.0164101123809814 0
1732383895518 1.0199980735778809 0
1732383895551 1.650652527809143 0
1732383895774 2.006749391555786 0
1732383895807 1.222931146621704 0
1732383895831 1.0273737907409668 0
1732383895864 1.2606720924377441 0
1732383895995 1.2654569149017334 0
1732383896031 1.0498098134994507 0
1732383896059 1.252362847328186 0
1732383896092 1.6106044054031372 0
1732383896120 1.6037540435791016 0
1732383896155 1.2197957038879395 0
1732383896219 1.2009440660476685 0
1732383896250 1.1460062265396118 0
1732383896373 1.1596170663833618 0
1732383896408 1.870161533355713 0
1732383896555 1.862987756729126 0
1732383896591 1.138213038444519 0
1732383896697 1.8088421821594238 0
1732383896734 1.205532431602478 0
1732383896763 1.1255854368209839 0
1732383896794 1.6333949565887451 0
1732383896917 1.2343854904174805 0
1732383896953 1.232622742652893 0
1732383896983 1.128576636314392 0
1732383897015 1.6647148132324219 0
1732383897247 1.6779885292053223 0
1732383897283 1.1365222930908203 0
1732383897310 1.222217321395874 0
1732383897348 1.1326712369918823 0
1732383897378 1.677538514137268 0
1732383897409 1.1156678199768066 0
1732383897436 1.665840983390808 0
1732383897469 1.2597732543945312 0
1732383897524 1.084816575050354 0
1732383897554 1.6214698553085327 0
1732383897581 1.0629241466522217 0
1732383897613 1.0441035032272339 0
1732383897868 1.8113282918930054 0
1732383897903 1.350548267364502 0
1732383897934 1.3584940433502197 0
1732383897966 1.349048137664795 0
1732383898047 1.3241691589355469 0
1732383898080 1.0065040588378906 0
1732383898107 1.259709358215332 0
1732383898135 1.2211155891418457 0
1732383898370 1.9451384544372559 0
1732383898404 1.9447212219238281 0
1732383898432 1.1042119264602661 0
1732383898466 1.0651860237121582 0
1732383898493 1.018381953239441 0
1732383898638 1.89215087890625 0
1732383898668 1.8674404621124268 0
1732383898699 1.2902345657348633 0
1732383898726 1.3173015117645264 0
1732383898900 1.3256158828735352 0
