1732383866475 0.0 1
1732383866538 0.0 3
1732383866605 0.0 5
1732383866669 0.0 7
1732383866735 0.0 9
1732383866851 0.0 11
1732383866909 0.0 13
1732383867035 0.0 15
1732383867097 0.0 17
1732383867279 0.0 19
1732383867438 0.0 21
1732383867605 0.0 23
1732383867672 0.0 25
1732383867763 0.0 27
1732383867823 0.0 29
1732383867999 0.0 31
1732383868057 0.0 33
1732383868152 0.0 35
1732383868280 0.0 37
1732383868407 0.0 39
1732383868541 0.0 41
1732383868728 0.0 43
1732383868787 0.0 45
1732383868960 0.0 47
1732383869022 0.0 49
1732383869278 0.0 51
1732383869343 0.0 53
1732383869587 0.0 55
1732383869656 0.0 57
1732383869721 0.0 59
1732383869778 0.0 61
1732383869899 0.0 63
1732383869962 0.0 65
1732383870230 0.0 67
1732383870295 0.0 69
1732383870484 0.0 71
1732383870540 0.0 73
1732383870787 0.0 75
1732383870849 0.0 77
1732383870909 0.0 79
1732383870975 0.0 81
1732383871158 0.0 83
1732383871217 0.0 85
1732383871360 0.0 87
1732383871418 0.0 89
1732383871733 0.0 91
1732383871795 0.0 93
1732383871858 0.0 95
1732383871921 0.0 97
1732383872134 0.0 99
1732383872195 0.0 101
1732383872342 0.0 103
1732383872420 0.0 105
1732383872633 0.0 107
1732383872726 0.0 109
1732383872788 0.0 111
1732383872953 0.0 113
1732383873019 0.0 115
1732383873195 0.0 117
1732383873259 0.0 119
1732383873326 0.0 121
1732383873503 0.0 123
1732383873564 0.0 125
1732383873827 0.0 127
1732383873890 0.0 129
1732383873991 0.0 131
1732383874055 0.0 133
1732383874312 0.0 135
1732383874376 0.0 137
1732383874442 0.0 139
1732383874506 0.0 141
1732383874565 0.0 143
1732383874664 0.0 145
1732383874848 0.0 147
1732383875012 0.0 149
1732383875069 0.0 151
1732383875296 0.0 153
1732383875358 0.0 155
1732383875420 0.0 157
1732383875479 0.0 159
1732383875678 0.0 161
1732383875733 0.0 163
1732383876031 0.0 165
1732383876092 0.0 167
1732383876342 0.0 169
1732383876404 0.0 171
1732383876565 0.0 173
1732383876623 0.0 175
1732383876814 0.0 177
1732383876881 0.0 179
1732383876946 0.0 181
1732383877007 0.0 183
1732383877063 0.0 185
1732383877160 0.0 187
1732383877295 0.0 189
1732383877360 0.0 191
1732383877521 0.0 193
1732383877590 0.0 195
1732383877758 0.0 197
1732383877821 0.0 199
1732383878055 0.0 201
1732383878115 0.0 203
1732383878361 0.0 205
1732383878424 0.0 207
1732383878516 0.0 209
1732383878574 0.0 211
1732383878761 0.0 213
1732383878825 0.0 215
1732383878948 0.0 217
1732383879100 0.0 219
1732383879196 0.0 221
1732383879413 0.0 223
1732383879530 0.0 225
1732383879730 0.0 227
1732383879795 0.0 229
1732383879877 0.0 231
1732383879969 0.0 233
1732383880190 0.0 235
1732383880294 0.0 237
1732383880358 0.0 239
1732383880620 0.0 241
1732383880684 0.0 243
1732383880746 0.0 245
1732383880810 0.0 247
1732383880871 0.0 249
1732383880930 0.0 251
1732383881188 0.0 253
1732383881247 0.0 255
1732383881415 0.0 257
1732383881474 0.0 259
1732383881711 0.0 261
1732383881773 0.0 263
1732383882077 0.0 265
1732383882138 0.0 267
1732383882328 0.0 269
1732383882391 0.0 271
1732383882566 0.0 273
1732383882627 0.0 275
1732383882747 0.0 277
1732383882802 0.0 279
1732383882965 0.0 281
1732383883077 0.0 283
1732383883255 0.0 285
1732383883387 0.0 287
1732383883452 0.0 289
1732383883603 0.0 291
1732383883760 0.0 293
1732383883822 0.0 295
1732383884020 0.0 297
1732383884082 0.0 299
1732383884224 0.0 301
1732383884384 0.0 303
1732383884445 0.0 305
1732383884528 0.0 307
1732383884708 0.0 309
1732383884770 0.0 311
1732383884846 0.0 313
1732383884986 0.0 315
1732383885167 0.0 317
1732383885227 0.0 319
1732383885495 0.0 321
1732383885558 0.0 323
1732383885743 0.0 325
1732383885817 0.0 327
1732383886091 0.0 329
1732383886153 0.0 331
1732383886217 0.0 333
1732383886281 0.0 335
1732383886392 0.0 337
1732383886461 0.0 339
1732383886601 0.0 341
1732383886665 0.0 343
1732383886854 0.0 345
1732383886917 0.0 347
1732383887105 0.0 349
1732383887209 0.0 351
1732383887400 0.0 353
1732383887460 0.0 355
1732383887722 0.0 357
1732383887779 0.0 359
1732383888025 0.0 361
1732383888087 0.0 363
1732383888193 0.0 365
1732383888260 0.0 367
1732383888324 0.0 369
1732383888384 0.0 371
1732383888446 0.0 373
1732383888608 0.0 375
1732383888665 0.0 377
1732383888836 0.0 379
1732383889007 0.0 381
1732383889072 0.0 383
1732383889306 0.0 385
1732383889366 0.0 387
1732383889568 0.0 389
1732383889634 0.0 391
1732383889819 0.0 393
1732383889900 0.0 395
1732383890089 0.0 397
1732383890196 0.0 399
1732383890260 0.0 401
1732383890416 0.0 403
1732383890482 0.0 405
1732383890544 0.0 407
1732383890627 0.0 409
1732383890869 0.0 411
1732383890947 0.0 413
1732383891011 0.0 415
1732383891075 0.0 417
1732383891136 0.0 419
1732383891293 0.0 421
1732383891358 0.0 423
1732383891617 0.0 425
1732383891695 0.0 427
1732383891787 0.0 429
1732383891971 0.0 431
1732383892037 0.0 433
1732383892272 0.0 435
1732383892331 0.0 437
1732383892493 0.0 439
1732383892557 0.0 441
1732383892690 0.0 443
1732383892752 0.0 445
1732383892837 0.0 447
1732383892899 0.0 449
1732383893175 0.0 451
1732383893241 0.0 453
1732383893514 0.0 455
1732383893576 0.0 457
1732383893847 0.0 459
1732383893905 0.0 461
1732383894130 0.0 463
1732383894193 0.0 465
1732383894258 0.0 467
1732383894324 0.0 469
1732383894543 0.0 471
1732383894602 0.0 473
1732383894774 0.0 475
1732383894831 0.0 477
1732383895066 0.0 479
1732383895132 0.0 481
1732383895194 0.0 483
1732383895284 0.0 485
1732383895471 0.0 487
1732383895529 0.0 489
1732383895787 0.0 491
1732383895843 0.0 493
1732383896011 0.0 495
1732383896071 0.0 497
1732383896135 0.0 499
1732383896230 0.0 501
1732383896388 0.0 503
1732383896570 0.0 505
1732383896712 0.0 507
1732383896775 0.0 509
1732383896932 0.0 511
1732383896994 0.0 513
1732383897263 0.0 515
1732383897325 0.0 517
1732383897388 0.0 519
1732383897447 0.0 521
1732383897535 0.0 523
1732383897592 0.0 525
1732383897884 0.0 527
1732383897945 0.0 529
1732383898060 0.0 531
1732383898118 0.0 533
1732383898385 0.0 535
1732383898446 0.0 537
1732383898507 0.0 539
1732383898679 0.0 541
1732383898739 0.0 543
