1732385221355 0.0 1
1732385221508 0.0 3
1732385222117 0.0 5
1732385222231 0.0 7
1732385222860 0.0 9
1732385222992 0.0 11
1732385223573 0.0 13
1732385223697 0.0 15
1732385224172 0.0 17
1732385224296 0.0 19
1732385224833 0.0 21
1732385224953 0.0 23
1732385225376 0.0 25
1732385225541 0.0 27
1732385226179 0.0 29
1732385226301 0.0 31
1732385226775 0.0 33
1732385226894 0.0 35
1732385227401 0.0 37
1732385227521 0.0 39
1732385228074 0.0 41
1732385228198 0.0 43
1732385228583 0.0 45
1732385228843 0.0 47
1732385229268 0.0 49
1732385229557 0.0 51
1732385229918 0.0 53
1732385230099 0.0 55
1732385230556 0.0 57
1732385230833 0.0 59
1732385231302 0.0 61
1732385231427 0.0 63
1732385232083 0.0 65
1732385232207 0.0 67
1732385232750 0.0 69
1732385232976 0.0 71
1732385233269 0.0 73
1732385233676 0.0 75
1732385233961 0.0 77
1732385234379 0.0 79
1732385234527 0.0 81
1732385234873 0.0 83
1732385235278 0.0 85
1732385235432 0.0 87
1732385236013 0.0 89
1732385236143 0.0 91
1732385236776 0.0 93
1732385236895 0.0 95
1732385237377 0.0 97
1732385237505 0.0 99
1732385238045 0.0 101
1732385238179 0.0 103
1732385238745 0.0 105
1732385238871 0.0 107
1732385239488 0.0 109
1732385239629 0.0 111
1732385240067 0.0 113
1732385240208 0.0 115
1732385240721 0.0 117
1732385240860 0.0 119
1732385241278 0.0 121
1732385241403 0.0 123
1732385241994 0.0 125
1732385242120 0.0 127
1732385242647 0.0 129
1732385242784 0.0 131
1732385243310 0.0 133
1732385243438 0.0 135
1732385244078 0.0 137
1732385244214 0.0 139
1732385244678 0.0 141
1732385244814 0.0 143
1732385245355 0.0 145
1732385245477 0.0 147
1732385245998 0.0 149
1732385246124 0.0 151
1732385246599 0.0 153
1732385251275 0.0 154
1732385251295 0.0 154
