1732385221167 1.3756870031356812 0
1732385221325 1.2926373481750488 0
1732385221413 1.4936683177947998 0
1732385221490 1.2436683177947998 0
1732385221972 1.3686683177947998 0
1732385222097 1.3686683177947998 0
1732385222161 1.6186683177947998 0
1732385222216 1.6186683177947998 0
1732385222663 1.2436683177947998 0
1732385222841 1.2436683177947998 0
1732385222915 1.3686683177947998 0
1732385222975 1.7436683177947998 0
1732385223358 1.6186683177947998 0
1732385223551 1.1186683177947998 0
1732385223618 1.1186683177947998 0
1732385223677 1.7436683177947998 0
1732385223993 1.2436683177947998 0
1732385224151 1.4936683177947998 0
1732385224220 1.6186683177947998 0
1732385224277 1.4936683177947998 0
1732385224753 1.3686683177947998 0
1732385224816 1.6186683177947998 0
1732385224878 1.4936683177947998 0
1732385224935 1.3686683177947998 0
1732385225293 1.3686683177947998 0
1732385225360 1.3686683177947998 0
1732385225459 1.2436683177947998 0
1732385225524 1.3686683177947998 0
1732385226090 1.6186683177947998 0
1732385226161 1.3686683177947998 0
1732385226230 1.2436683177947998 0
1732385226283 1.3686683177947998 0
1732385226701 1.3686683177947998 0
1732385226759 1.4936683177947998 0
1732385226822 1.7436683177947998 0
1732385226877 1.6186683177947998 0
1732385227322 1.4936683177947998 0
1732385227380 1.4936683177947998 0
1732385227447 1.2436683177947998 0
1732385227501 1.7436683177947998 0
1732385227977 1.4936683177947998 0
1732385228051 1.6186683177947998 0
1732385228122 1.3686683177947998 0
1732385228182 1.6186683177947998 0
1732385228501 1.6186683177947998 0
1732385228564 1.4936681985855103 0
1732385228631 1.2436683177947998 0
1732385228823 1.3686683177947998 0
1732385229190 1.6186683177947998 0
1732385229253 1.4936683177947998 0
1732385229312 1.4936683177947998 0
1732385229538 1.3686683177947998 0
1732385229836 1.3686683177947998 0
1732385229897 1.6186683177947998 0
1732385229969 1.2436683177947998 0
1732385230077 1.6186683177947998 0
1732385230472 1.2436683177947998 0
1732385230534 1.4936683177947998 0
1732385230607 1.4936683177947998 0
1732385230812 1.3686683177947998 0
1732385231224 1.2436683177947998 0
1732385231285 1.1186683177947998 0
1732385231352 1.3686683177947998 0
1732385231408 1.4936683177947998 0
1732385232000 1.6186683177947998 0
1732385232066 1.2436683177947998 0
1732385232136 1.4936683177947998 0
1732385232190 1.6186683177947998 0
1732385232663 1.3686683177947998 0
1732385232731 1.4936683177947998 0
1732385232795 1.3686683177947998 0
1732385232957 1.1186683177947998 0
1732385233193 1.6186683177947998 0
1732385233253 1.4936683177947998 0
1732385233433 1.7436683177947998 0
1732385233655 1.6186683177947998 0
1732385233886 1.6186683177947998 0
1732385233945 1.3686683177947998 0
1732385234011 1.4936683177947998 0
1732385234358 1.3686683177947998 0
1732385234447 1.2436683177947998 0
1732385234511 1.7436683177947998 0
1732385234699 1.4936683177947998 0
1732385234852 1.6186683177947998 0
1732385235193 1.3686683177947998 0
1732385235259 1.1186683177947998 0
1732385235342 1.4936683177947998 0
1732385235417 1.4936683177947998 0
1732385235927 1.3686683177947998 0
1732385235994 1.6186683177947998 0
1732385236070 1.7436683177947998 0
1732385236127 1.4936683177947998 0
1732385236697 1.6186683177947998 0
1732385236760 1.7436683177947998 0
1732385236825 1.3686683177947998 0
1732385236879 1.4936683177947998 0
1732385237291 1.7436683177947998 0
1732385237352 1.6186683177947998 0
1732385237427 1.4936683177947998 0
1732385237484 1.6186683177947998 0
1732385237953 1.4936683177947998 0
1732385238017 1.3686683177947998 0
1732385238101 1.3686683177947998 0
1732385238163 1.7436683177947998 0
1732385238658 1.4936683177947998 0
1732385238724 1.6186683177947998 0
1732385238795 1.7436683177947998 0
1732385238855 1.3686683177947998 0
1732385239405 1.2436683177947998 0
1732385239471 1.2436683177947998 0
1732385239553 1.1186683177947998 0
1732385239611 1.7436683177947998 0
1732385239982 1.3686683177947998 0
1732385240049 1.3686683177947998 0
1732385240126 1.1186683177947998 0
1732385240192 1.6186683177947998 0
1732385240636 1.2436683177947998 0
1732385240702 1.4936683177947998 0
1732385240779 1.4936683177947998 0
1732385240843 1.6186683177947998 0
1732385241194 1.6186683177947998 0
1732385241261 1.2436683177947998 0
1732385241330 1.6186683177947998 0
1732385241388 1.3686683177947998 0
1732385241907 1.4936683177947998 0
1732385241978 1.4936681985855103 0
1732385242047 1.1186683177947998 0
1732385242104 1.3686683177947998 0
1732385242547 1.6186683177947998 0
1732385242627 1.3686683177947998 0
1732385242708 1.4936683177947998 0
1732385242767 1.6186683177947998 0
1732385243220 1.6186683177947998 0
1732385243287 1.4936683177947998 0
1732385243361 1.6186683177947998 0
1732385243420 1.4936683177947998 0
1732385243981 1.3686683177947998 0
1732385244054 1.3686683177947998 0
1732385244132 1.6186683177947998 0
1732385244195 1.4936683177947998 0
1732385244599 1.3686683177947998 0
1732385244661 1.4936683177947998 0
1732385244734 1.4936683177947998 0
1732385244798 1.4936683177947998 0
1732385245258 1.1186683177947998 0
1732385245335 1.6186683177947998 0
1732385245402 1.4936683177947998 0
1732385245461 1.3686683177947998 0
1732385245918 1.4936683177947998 0
1732385245976 1.3686683177947998 0
1732385246047 1.4936681985855103 0
1732385246107 1.7436683177947998 0
1732385246524 1.6186683177947998 0
1732385246579 1.7436683177947998 0
1732385246666 1.6186683177947998 0
