1732385221355 0.0 1
1732385221508 0.5625 3
1732385222117 0.6875 5
1732385222231 0.5625 7
1732385222860 0.75 9
1732385222992 0.5 11
1732385223573 0.8125 13
1732385223697 0.5 15
1732385224172 0.625 17
1732385224296 0.625 19
1732385224833 0.5625 21
1732385224953 0.6875 23
1732385225376 0.6875 25
1732385225541 0.6875 27
1732385226179 0.6875 29
1732385226301 0.6875 31
1732385226775 0.625 33
1732385226894 0.5625 35
1732385227401 0.625 37
1732385227521 0.5 39
1732385228074 0.5625 41
1732385228198 0.5625 43
1732385228583 0.625 45
1732385228843 0.6875 47
1732385229268 0.625 49
1732385229557 0.6875 51
1732385229918 0.5625 53
1732385230099 0.5625 55
1732385230556 0.625 57
1732385230833 0.6875 59
1732385231302 0.8125 61
1732385231427 0.625 63
1732385232083 0.75 65
1732385232207 0.5625 67
1732385232750 0.625 69
1732385232976 0.8125 71
1732385233269 0.625 73
1732385233676 0.5625 75
1732385233961 0.6875 77
1732385234379 0.6875 79
1732385234527 0.5 81
1732385234873 0.5625 83
1732385235278 0.8125 85
1732385235432 0.625 87
1732385236013 0.5625 89
1732385236143 0.625 91
1732385236776 0.5 93
1732385236895 0.625 95
1732385237377 0.5625 97
1732385237505 0.5625 99
1732385238045 0.6875 101
1732385238179 0.5 103
1732385238745 0.5625 105
1732385238871 0.6875 107
1732385239488 0.75 109
1732385239629 0.5 111
1732385240067 0.6875 113
1732385240208 0.5625 115
1732385240721 0.625 117
1732385240860 0.5625 119
1732385241278 0.75 121
1732385241403 0.6875 123
1732385241994 0.625 125
1732385242120 0.6875 127
1732385242647 0.6875 129
1732385242784 0.5625 131
1732385243310 0.625 133
1732385243438 0.625 135
1732385244078 0.6875 137
1732385244214 0.625 139
1732385244678 0.625 141
1732385244814 0.625 143
1732385245355 0.5625 145
1732385245477 0.6875 147
1732385245998 0.6875 149
1732385246124 0.5 151
1732385246599 0.5 153
1732385251295 2.1720126197034665e-43 154
