1732465343165 0.0 9
1732465347531 0.0 14
1732465347594 0.0 14
1732465351523 1.0 19
1732465358906 1.0 29
1732465359632 1.0 29
1732465359695 1.0 29
1732465367524 2.0 39
1732465371747 2.0 44
1732465371806 2.0 44
1732465375739 3.0 49
1732465383141 3.0 59
1732465383874 3.0 59
1732465383936 3.0 59
1732465391784 4.0 69
1732465396012 4.0 74
1732465396075 4.0 74
1732465399997 5.0 79
1732465407447 5.0 89
1732465408180 5.0 89
1732465408243 5.0 89
1732465416137 6.0 99
1732465420404 6.0 104
1732465420467 6.0 104
