1732441233110 0.0 3
1732441233511 0.0 7
1732441234045 0.0 11
1732441234426 0.0 15
1732441234835 0.0 19
1732441235253 0.0 23
1732441235658 0.0 27
1732441236000 0.0 31
1732441236378 0.0 35
1732441236786 0.0 39
1732441237243 0.0 43
1732441237662 0.0 47
1732441238106 0.0 51
1732441238571 0.0 55
1732441240223 0.0 55
1732441240244 0.0 55
1732441240981 1.0 59
1732441241378 1.0 63
1732441241777 1.0 67
1732441242235 1.0 71
1732441242666 1.0 75
1732441243139 1.0 79
1732441243559 1.0 83
1732441243968 1.0 87
1732441244385 1.0 91
1732441244771 1.0 95
1732441245187 1.0 99
1732441245573 1.0 103
1732441245965 1.0 107
1732441246426 1.0 111
1732441247968 1.0 111
1732441247990 1.0 111
1732441248731 2.0 115
1732441249085 2.0 119
1732441249574 2.0 123
1732441250020 2.0 127
1732441250447 2.0 131
1732441250866 2.0 135
1732441251284 2.0 139
1732441251694 2.0 143
1732441252107 2.0 147
1732441252564 2.0 151
1732441252937 2.0 155
1732441253340 2.0 159
1732441253719 2.0 163
1732441254104 2.0 167
1732441255822 2.0 167
1732441255843 2.0 167
1732441256580 3.0 171
1732441256957 3.0 175
1732441257367 3.0 179
1732441257747 3.0 183
1732441258168 3.0 187
1732441258611 3.0 191
1732441259123 3.0 195
1732441259655 3.0 199
1732441260011 3.0 203
1732441260396 3.0 207
1732441260884 3.0 211
1732441261260 3.0 215
1732441261658 3.0 219
1732441262071 3.0 223
1732441263563 3.0 223
1732441263582 3.0 223
1732441264350 4.0 227
1732441264768 4.0 231
1732441265194 4.0 235
1732441265627 4.0 239
1732441265976 4.0 243
1732441266400 4.0 247
1732441266843 4.0 251
1732441267345 4.0 255
1732441267756 4.0 259
1732441268117 4.0 263
1732441268495 4.0 267
1732441268875 4.0 271
1732441269273 4.0 275
1732441269721 4.0 279
1732441271194 4.0 279
1732441271218 4.0 279
1732441271894 5.0 283
1732441272282 5.0 287
1732441272697 5.0 291
1732441273124 5.0 295
1732441273514 5.0 299
1732441273967 5.0 303
1732441274393 5.0 307
1732441274775 5.0 311
1732441275228 5.0 315
1732441275619 5.0 319
1732441276016 5.0 323
1732441276430 5.0 327
1732441276901 5.0 331
1732441277300 5.0 335
1732441278811 5.0 335
1732441278836 5.0 335
1732441279464 6.0 339
1732441279865 6.0 343
1732441280300 6.0 347
1732441280731 6.0 351
1732441281160 6.0 355
1732441281540 6.0 359
1732441281954 6.0 363
1732441282376 6.0 367
1732441282720 6.0 371
1732441283109 6.0 375
1732441283526 6.0 379
1732441283930 6.0 383
1732441284370 6.0 387
1732441284843 6.0 391
1732441286356 6.0 391
1732441286381 6.0 391
1732441287191 7.0 395
1732441287613 7.0 399
1732441288006 7.0 403
1732441288382 7.0 407
1732441288746 7.0 411
1732441289155 7.0 415
1732441289554 7.0 419
1732441289934 7.0 423
1732441290360 7.0 427
1732441290776 7.0 431
1732441291170 7.0 435
1732441291543 7.0 439
1732441291951 7.0 443
1732441292428 7.0 447
1732441293970 7.0 447
1732441293991 7.0 447
1732441294758 8.0 451
1732441295166 8.0 455
1732441295539 8.0 459
1732441295961 8.0 463
1732441296357 8.0 467
1732441296796 8.0 471
1732441297199 8.0 475
1732441297590 8.0 479
1732441298047 8.0 483
1732441298473 8.0 487
1732441298916 8.0 491
1732441299360 8.0 495
1732441299735 8.0 499
1732441300196 8.0 503
1732441301723 8.0 503
1732441301745 8.0 503
1732441302353 9.0 507
1732441302768 9.0 511
1732441303157 9.0 515
1732441303611 9.0 519
1732441304017 9.0 523
1732441304506 9.0 527
1732441304907 9.0 531
1732441305370 9.0 535
1732441305722 9.0 539
1732441306175 9.0 543
1732441306555 9.0 547
1732441306915 9.0 551
1732441307382 9.0 555
1732441307803 9.0 559
1732441309297 9.0 559
1732441309320 9.0 559
1732441309986 10.0 563
1732441310376 10.0 567
1732441310803 10.0 571
1732441311223 10.0 575
1732441311674 10.0 579
1732441312072 10.0 583
1732441312499 10.0 587
1732441312889 10.0 591
1732441313256 10.0 595
1732441313630 10.0 599
1732441314042 10.0 603
1732441314451 10.0 607
1732441314870 10.0 611
1732441315338 10.0 615
1732441316910 10.0 615
1732441316930 10.0 615
1732441317578 11.0 619
1732441317988 11.0 623
1732441318422 11.0 627
1732441318818 11.0 631
1732441319261 11.0 635
1732441319639 11.0 639
1732441320098 11.0 643
1732441320515 11.0 647
1732441320890 11.0 651
1732441321291 11.0 655
1732441321706 11.0 659
1732441322131 11.0 663
1732441322628 11.0 667
1732441323072 11.0 671
1732441324577 11.0 671
1732441324599 11.0 671
1732441325200 12.0 675
1732441325627 12.0 679
1732441326025 12.0 683
1732441326427 12.0 687
1732441326845 12.0 691
1732441327284 12.0 695
1732441327740 12.0 699
1732441328137 12.0 703
1732441328511 12.0 707
1732441329010 12.0 711
1732441329376 12.0 715
1732441329784 12.0 719
1732441330225 12.0 723
1732441330662 12.0 727
1732441332209 12.0 727
1732441332230 12.0 727
1732441332920 13.0 731
1732441333297 13.0 735
1732441333681 13.0 739
1732441334120 13.0 743
1732441334561 13.0 747
1732441334935 13.0 751
1732441335334 13.0 755
1732441335763 13.0 759
1732441336208 13.0 763
1732441336650 13.0 767
1732441337094 13.0 771
1732441337489 13.0 775
1732441337862 13.0 779
1732441338273 13.0 783
1732441339742 13.0 783
1732441339763 13.0 783
1732441340368 14.0 787
1732441340809 14.0 791
1732441341259 14.0 795
1732441341659 14.0 799
1732441342156 14.0 803
1732441342578 14.0 807
1732441342966 14.0 811
1732441343358 14.0 815
1732441343817 14.0 819
1732441344239 14.0 823
1732441344680 14.0 827
1732441345091 14.0 831
1732441345461 14.0 835
1732441345884 14.0 839
1732441347427 14.0 839
1732441347448 14.0 839
1732441348082 15.0 843
1732441348453 15.0 847
1732441348905 15.0 851
1732441349284 15.0 855
1732441349738 15.0 859
1732441350177 15.0 863
1732441350597 15.0 867
1732441351011 15.0 871
1732441351442 15.0 875
1732441351909 15.0 879
1732441352307 15.0 883
1732441352742 15.0 887
1732441353151 15.0 891
1732441353597 15.0 895
1732441355171 15.0 895
1732441355197 15.0 895
1732441355882 16.0 899
1732441356302 16.0 903
1732441356711 16.0 907
1732441357099 16.0 911
1732441357547 16.0 915
1732441357940 16.0 919
1732441358346 16.0 923
1732441358801 16.0 927
1732441359204 16.0 931
1732441359652 16.0 935
1732441360014 16.0 939
1732441360458 16.0 943
1732441360838 16.0 947
1732441361326 16.0 951
1732441362877 16.0 951
1732441362897 16.0 951
1732441363577 17.0 955
1732441363985 17.0 959
1732441364425 17.0 963
1732441364853 17.0 967
1732441365310 17.0 971
1732441365708 17.0 975
1732441366196 17.0 979
1732441366602 17.0 983
1732441367036 17.0 987
1732441367526 17.0 991
1732441368002 17.0 995
1732441368481 17.0 999
1732441368843 17.0 1003
1732441369281 17.0 1007
1732441370798 17.0 1007
1732441370819 17.0 1007
1732441371546 18.0 1011
1732441371989 18.0 1015
1732441372402 18.0 1019
1732441372788 18.0 1023
1732441373202 18.0 1027
1732441373701 18.0 1031
1732441374095 18.0 1035
1732441374472 18.0 1039
1732441374915 18.0 1043
1732441375298 18.0 1047
1732441375757 18.0 1051
1732441376177 18.0 1055
1732441376703 18.0 1059
1732441377090 18.0 1063
1732441378611 18.0 1063
1732441378634 18.0 1063
1732441379267 19.0 1067
1732441379673 19.0 1071
1732441380117 19.0 1075
1732441380653 19.0 1079
1732441381091 19.0 1083
1732441381533 19.0 1087
1732441382004 19.0 1091
1732441382407 19.0 1095
1732441382818 19.0 1099
1732441383217 19.0 1103
1732441383596 19.0 1107
1732441384037 19.0 1111
1732441384439 19.0 1115
1732441384885 19.0 1119
1732441386382 19.0 1119
1732441386405 19.0 1119
