1732441232698 1.3853850364685059 0
1732441232930 1.5559468269348145 1
1732441232998 1.367243766784668 2
1732441233096 1.330955147743225 3
1732441233306 1.3811945915222168 4
1732441233372 1.394208550453186 5
1732441233433 1.3809082508087158 6
1732441233495 1.3788063526153564 7
1732441233842 1.3455193042755127 8
1732441233905 1.3924304246902466 9
1732441233970 1.3703614473342896 10
1732441234032 1.3704625368118286 11
1732441234214 1.4006526470184326 12
1732441234294 1.3027890920639038 13
1732441234339 1.315652847290039 14
1732441234414 1.2932350635528564 15
1732441234589 1.3148362636566162 16
1732441234695 1.319643259048462 17
1732441234753 1.344733476638794 18
1732441234817 1.3279705047607422 19
1732441234926 1.3443734645843506 20
1732441235119 1.2787439823150635 21
1732441235173 1.2693021297454834 22
1732441235240 1.2650755643844604 23
1732441235319 1.348656177520752 24
1732441235525 1.2148698568344116 25
1732441235580 1.2618197202682495 26
1732441235645 1.2116589546203613 27
1732441235773 1.1612045764923096 28
1732441235876 1.2050721645355225 29
1732441235935 1.2519911527633667 30
1732441235987 1.3557801246643066 31
1732441236190 1.301579236984253 32
1732441236265 1.247866153717041 33
1732441236317 1.4109017848968506 34
1732441236366 1.1399543285369873 35
1732441236562 1.3552751541137695 36
1732441236663 1.5220236778259277 37
1732441236718 1.467716932296753 38
1732441236776 1.5271308422088623 39
1732441236972 1.302452802658081 40
1732441237124 1.3593345880508423 41
1732441237176 1.4704256057739258 42
1732441237232 1.3585548400878906 43
1732441237372 1.3609330654144287 44
1732441237532 1.2462191581726074 45
1732441237586 1.358461618423462 46
1732441237645 1.3599557876586914 47
1732441237778 1.4683985710144043 48
1732441237979 1.2481157779693604 49
1732441238036 1.3604707717895508 50
1732441238092 1.4117965698242188 51
1732441238189 1.3583523035049438 52
1732441238371 1.136267900466919 53
1732441238440 1.2437068223953247 54
1732441238531 1.2209116220474243 55
1732441240778 1.4060611724853516 0
1732441240843 1.302333116531372 1
1732441240900 1.4072511196136475 2
1732441240967 1.1402815580368042 3
1732441241113 1.3597465753555298 4
1732441241164 1.41078782081604 5
1732441241296 1.4079599380493164 6
1732441241365 1.5656428337097168 7
1732441241569 1.3537228107452393 8
1732441241631 1.3563649654388428 9
1732441241703 1.2411351203918457 10
1732441241764 1.402885913848877 11
1732441242051 1.2000682353973389 12
1732441242099 1.2041430473327637 13
1732441242163 1.1517856121063232 14
1732441242220 1.299466609954834 15
1732441242462 1.3522157669067383 16
1732441242530 1.2585418224334717 17
1732441242596 1.3974997997283936 18
1732441242653 1.345543384552002 19
1732441242925 1.2495718002319336 20
1732441243000 1.3623499870300293 21
1732441243072 1.1576664447784424 22
1732441243128 1.213507890701294 23
1732441243346 1.2951833009719849 24
1732441243421 1.3917388916015625 25
1732441243492 1.1568942070007324 26
1732441243548 1.3420166969299316 27
1732441243770 1.4011130332946777 28
1732441243838 1.3521610498428345 29
1732441243898 1.4007749557495117 30
1732441243956 1.2532607316970825 31
1732441244137 1.5633041858673096 32
1732441244202 1.4059160947799683 33
1732441244306 1.1983647346496582 34
1732441244369 1.1593775749206543 35
1732441244565 1.2555339336395264 36
1732441244629 1.399755835533142 37
1732441244697 1.340727686882019 38
1732441244761 1.3505043983459473 39
1732441244993 1.1612567901611328 40
1732441245053 1.2992850542068481 41
1732441245106 1.2580931186676025 42
1732441245169 1.250230312347412 43
1732441245370 1.399695634841919 44
1732441245442 1.304057002067566 45
1732441245501 1.456589698791504 46
1732441245560 1.3039487600326538 47
1732441245768 1.4071018695831299 48
1732441245835 1.401601791381836 49
1732441245895 1.2611706256866455 50
1732441245955 1.2538793087005615 51
1732441246186 1.2938045263290405 52
1732441246256 1.295853853225708 53
1732441246323 1.437640905380249 54
1732441246410 1.2771772146224976 55
1732441248533 1.298721194267273 0
1732441248594 1.2007386684417725 1
1732441248655 1.4777013063430786 2
1732441248720 1.1671489477157593 3
1732441248887 1.3527547121047974 4
1732441248960 1.2560703754425049 5
1732441249018 1.2993383407592773 6
1732441249072 1.1140358448028564 7
1732441249335 1.1219820976257324 8
1732441249435 1.3431830406188965 9
1732441249494 1.3412911891937256 10
1732441249564 1.2096502780914307 11
1732441249732 1.3378500938415527 12
1732441249802 1.3561227321624756 13
1732441249933 1.1491605043411255 14
1732441250003 1.4524896144866943 15
1732441250161 1.354292869567871 16
1732441250215 1.349701166152954 17
1732441250347 1.501786231994629 18
1732441250431 1.3013362884521484 19
1732441250590 1.2511725425720215 20
1732441250645 1.3538353443145752 21
1732441250778 1.206851601600647 22
1732441250850 1.2565656900405884 23
1732441250983 1.2490293979644775 24
1732441251140 1.253814935684204 25
1732441251213 1.2548937797546387 26
1732441251267 1.3562614917755127 27
1732441251356 1.3976705074310303 28
1732441251572 1.4139498472213745 29
1732441251626 1.2975196838378906 30
1732441251683 1.2958402633666992 31
1732441251764 1.4046626091003418 32
1732441251972 1.2004132270812988 33
1732441252032 1.3037264347076416 34
1732441252090 1.1941843032836914 35
1732441252149 1.451754093170166 36
1732441252442 1.360597848892212 37
1732441252497 1.2079241275787354 38
1732441252548 1.443530559539795 39
1732441252605 1.3944170475006104 40
1732441252802 1.3069212436676025 41
1732441252870 1.3486192226409912 42
1732441252924 1.3535367250442505 43
1732441252976 1.3980978727340698 44
1732441253207 1.208919882774353 45
1732441253271 1.408827543258667 46
1732441253325 1.3922317028045654 47
1732441253381 1.3509149551391602 48
1732441253591 1.3479807376861572 49
1732441253653 1.378172755241394 50
1732441253706 1.258221983909607 51
1732441253759 1.473711609840393 52
1732441253944 1.308546543121338 53
1732441254018 1.4324772357940674 54
1732441254092 1.2757195234298706 55
1732441256373 1.212215542793274 0
1732441256436 1.3289324045181274 1
1732441256494 1.2316232919692993 2
1732441256560 1.3829230070114136 3
1732441256786 1.179863452911377 4
1732441256844 1.416762351989746 5
1732441256893 1.290521502494812 6
1732441256945 1.1696854829788208 7
1732441257164 1.4396138191223145 8
1732441257233 1.3938905000686646 9
1732441257289 1.355141282081604 10
1732441257347 1.221204400062561 11
1732441257564 1.217400312423706 12
1732441257619 1.3257399797439575 13
1732441257675 1.4276542663574219 14
1732441257729 1.389333724975586 15
1732441258001 1.3285681009292603 16
1732441258053 1.3939472436904907 17
1732441258102 1.3454725742340088 18
1732441258155 1.4618866443634033 19
1732441258428 1.3333754539489746 20
1732441258493 1.3234879970550537 21
1732441258543 1.3929940462112427 22
1732441258598 1.2071377038955688 23
1732441258929 1.2748289108276367 24
1732441258999 1.2078989744186401 25
1732441259053 1.3426973819732666 26
1732441259113 1.250683307647705 27
1732441259426 1.1304688453674316 28
1732441259503 1.4652870893478394 29
1732441259576 1.266615867614746 30
1732441259628 1.3507864475250244 31
1732441259782 1.4028196334838867 32
1732441259865 1.4019492864608765 33
1732441259929 1.2147284746170044 34
1732441259995 1.3079197406768799 35
1732441260203 1.3052629232406616 36
1732441260255 1.3595185279846191 37
1732441260311 1.1447733640670776 38
1732441260379 1.4592270851135254 39
1732441260678 1.1480637788772583 40
1732441260745 1.2428696155548096 41
1732441260805 1.3044788837432861 42
1732441260866 1.4132311344146729 43
1732441261046 1.5141618251800537 44
1732441261119 1.2433127164840698 45
1732441261177 1.4144234657287598 46
1732441261248 1.2451188564300537 47
1732441261401 1.4646549224853516 48
1732441261507 1.3018282651901245 49
1732441261571 1.299863576889038 50
1732441261645 1.2458593845367432 51
1732441261800 1.3574002981185913 52
1732441261917 1.3519834280014038 53
1732441261973 1.3668891191482544 54
1732441262055 1.3868616819381714 55
1732441264156 1.3510332107543945 0
1732441264218 1.1971409320831299 1
1732441264278 1.1933611631393433 2
1732441264339 1.195481300354004 3
1732441264576 1.195408582687378 4
1732441264642 1.193049430847168 5
1732441264702 1.1420971155166626 6
1732441264756 1.3987339735031128 7
1732441265008 1.4011261463165283 8
1732441265077 1.359554409980774 9
1732441265132 1.251819133758545 10
1732441265184 1.3528839349746704 11
1732441265387 1.1957061290740967 12
1732441265485 1.4053747653961182 13
1732441265533 1.4559301137924194 14
1732441265610 1.3110324144363403 15
1732441265781 1.408202886581421 16
1732441265860 1.3452014923095703 17
1732441265912 1.357903003692627 18
1732441265965 1.5043060779571533 19
1732441266212 1.352804183959961 20
1732441266279 1.3602670431137085 21
1732441266329 1.3580057621002197 22
1732441266385 1.2504441738128662 23
1732441266631 1.1652982234954834 24
1732441266726 1.304292917251587 25
1732441266782 1.3003361225128174 26
1732441266831 1.313903570175171 27
1732441267020 1.3449106216430664 28
1732441267203 1.2013018131256104 29
1732441267268 1.3493783473968506 30
1732441267329 1.433199167251587 31
1732441267458 1.34883451461792 32
1732441267623 1.260662317276001 33
1732441267677 1.24933660030365 34
1732441267741 1.296485424041748 35
1732441267859 1.344102382659912 36
1732441267986 1.304276943206787 37
1732441268040 1.310701847076416 38
1732441268098 1.209837555885315 39
1732441268282 1.3612549304962158 40
1732441268370 1.344512701034546 41
1732441268422 1.2490816116333008 42
1732441268481 1.3047188520431519 43
1732441268683 1.259108066558838 44
1732441268756 1.3045096397399902 45
1732441268808 1.484339952468872 46
1732441268861 1.4890780448913574 47
1732441269082 1.3038208484649658 48
1732441269156 1.3447353839874268 49
1732441269206 1.343343734741211 50
1732441269259 1.4253039360046387 51
1732441269486 1.2256351709365845 52
1732441269586 1.2631337642669678 53
1732441269636 1.427763819694519 54
1732441269705 1.4038658142089844 55
1732441271713 1.3100244998931885 0
1732441271768 1.3379127979278564 1
1732441271826 1.2591495513916016 2
1732441271882 1.3874015808105469 3
1732441272068 1.257988452911377 4
1732441272142 1.4194185733795166 5
1732441272217 1.2677747011184692 6
1732441272272 1.1422359943389893 7
1732441272503 1.3302863836288452 8
1732441272565 1.18398118019104 9
1732441272634 1.3410356044769287 10
1732441272684 1.509385585784912 11
1732441272922 1.3508622646331787 12
1732441272983 1.4836690425872803 13
1732441273053 1.2353358268737793 14
1732441273104 1.38238525390625 15
1732441273301 1.3594261407852173 16
1732441273358 1.2719354629516602 17
1732441273450 1.4002106189727783 18
1732441273503 1.241764783859253 19
1732441273782 1.265783667564392 20
1732441273842 1.4446983337402344 21
1732441273895 1.3509583473205566 22
1732441273952 1.2939281463623047 23
1732441274178 1.2376017570495605 24
1732441274238 1.0984947681427002 25
1732441274331 1.3277432918548584 26
1732441274383 1.3411041498184204 27
1732441274558 1.4074506759643555 28
1732441274612 1.2805373668670654 29
1732441274701 1.3915109634399414 30
1732441274761 1.4453556537628174 31
1732441274949 1.2644728422164917 32
1732441275002 1.248486042022705 33
1732441275160 1.401976466178894 34
1732441275216 1.3084371089935303 35
1732441275373 1.2518850564956665 36
1732441275427 1.3818204402923584 37
1732441275551 1.1131458282470703 38
1732441275608 1.2890079021453857 39
1732441275774 1.3943339586257935 40
1732441275828 1.210929274559021 41
1732441275944 1.2563753128051758 42
1732441276002 1.4566900730133057 43
1732441276152 1.3350141048431396 44
1732441276208 1.3383499383926392 45
1732441276356 1.3406832218170166 46
1732441276418 1.1041395664215088 47
1732441276601 1.2006759643554688 48
1732441276657 1.4600697755813599 49
1732441276824 1.2462482452392578 50
1732441276890 1.4083976745605469 51
1732441276971 1.3377044200897217 52
1732441277020 1.334102988243103 53
1732441277211 1.4499180316925049 54
1732441277290 1.3008025884628296 55
1732441279284 1.4955106973648071 0
1732441279340 1.391486406326294 1
1732441279392 1.1047308444976807 2
1732441279447 1.301200270652771 3
1732441279665 1.4259363412857056 4
1732441279749 1.3012276887893677 5
1732441279801 1.4412932395935059 6
1732441279855 1.3417733907699585 7
1732441280102 1.2340233325958252 8
1732441280172 1.4882593154907227 9
1732441280226 1.3869633674621582 10
1732441280285 1.2266898155212402 11
1732441280520 1.2986226081848145 12
1732441280610 1.2646700143814087 13
1732441280665 1.4283740520477295 14
1732441280718 1.1902482509613037 15
1732441280906 1.4843196868896484 16
1732441281034 1.2461414337158203 17
1732441281087 1.3275706768035889 18
1732441281140 1.2666592597961426 19
1732441281331 1.3229973316192627 20
1732441281427 1.339221715927124 21
1732441281481 1.3920599222183228 22
1732441281527 1.327183485031128 23
1732441281766 1.225724220275879 24
1732441281845 1.3561010360717773 25
1732441281894 1.3077051639556885 26
1732441281944 1.1891553401947021 27
1732441282114 1.3624267578125 28
1732441282237 1.344275712966919 29
1732441282298 1.2868216037750244 30
1732441282356 1.2651914358139038 31
1732441282485 1.311286449432373 32
1732441282578 1.4445171356201172 33
1732441282637 1.155876636505127 34
1732441282702 1.4530880451202393 35
1732441282928 1.2630819082260132 36
1732441282994 1.439366102218628 37
1732441283045 1.2832611799240112 38
1732441283098 1.4281573295593262 39
1732441283330 1.1308599710464478 40
1732441283409 1.3707581758499146 41
1732441283461 1.2138773202896118 42
1732441283512 1.387129783630371 43
1732441283758 1.3493554592132568 44
1732441283815 1.3969340324401855 45
1732441283863 1.3991539478302002 46
1732441283915 1.2228670120239258 47
1732441284203 1.2141355276107788 48
1732441284255 1.2905405759811401 49
1732441284305 1.2635583877563477 50
1732441284357 1.2980167865753174 51
1732441284624 1.3563580513000488 52
1732441284704 1.1967098712921143 53
1732441284754 1.1463940143585205 54
1732441284831 1.377952218055725 55
1732441286982 1.2926867008209229 0
1732441287044 1.3601040840148926 1
1732441287102 1.4026446342468262 2
1732441287172 1.2958179712295532 3
1732441287413 1.1031019687652588 4
1732441287474 1.3952999114990234 5
1732441287529 1.4573180675506592 6
1732441287599 1.2499620914459229 7
1732441287823 1.2472790479660034 8
1732441287881 1.4515429735183716 9
1732441287931 1.3036391735076904 10
1732441287989 1.4502441883087158 11
1732441288207 1.234201192855835 12
1732441288262 1.3507362604141235 13
1732441288314 1.211280345916748 14
1732441288367 1.2943837642669678 15
1732441288567 1.403261661529541 16
1732441288624 1.2063862085342407 17
1732441288679 1.203139066696167 18
1732441288736 1.331426978111267 19
1732441288959 1.444329857826233 20
1732441289017 1.5008176565170288 21
1732441289084 1.2646338939666748 22
1732441289138 1.4399032592773438 23
1732441289350 1.4026962518692017 24
1732441289404 1.2599371671676636 25
1732441289472 1.248464822769165 26
1732441289536 1.2404894828796387 27
1732441289727 1.3105558156967163 28
1732441289808 1.439833641052246 29
1732441289865 1.341890811920166 30
1732441289922 1.4581395387649536 31
1732441290148 1.3183250427246094 32
1732441290238 1.3499655723571777 33
1732441290291 1.3743526935577393 34
1732441290348 1.1410194635391235 35
1732441290544 1.4131510257720947 36
1732441290622 1.4168970584869385 37
1732441290709 1.261906623840332 38
1732441290765 1.357174277305603 39
1732441290900 1.2614744901657104 40
1732441291003 1.267622709274292 41
1732441291103 1.3655343055725098 42
1732441291158 1.3510411977767944 43
1732441291321 1.271899700164795 44
1732441291413 1.2710466384887695 45
1732441291473 1.3633350133895874 46
1732441291527 1.366254448890686 47
1732441291752 1.3092434406280518 48
1732441291831 1.2265658378601074 49
1732441291884 1.2521564960479736 50
1732441291940 1.2548046112060547 51
1732441292137 1.1872186660766602 52
1732441292265 1.2527759075164795 53
1732441292318 1.3451766967773438 54
1732441292411 1.2384343147277832 55
1732441294554 1.1639883518218994 0
1732441294616 1.2950842380523682 1
1732441294675 1.351617693901062 2
1732441294740 1.3538601398468018 3
1732441294963 1.244199275970459 4
1732441295023 1.519440770149231 5
1732441295085 1.40610671043396 6
1732441295151 1.4065065383911133 7
1732441295359 1.3978960514068604 8
1732441295411 1.3542981147766113 9
1732441295469 1.30173921585083 10
1732441295525 1.352137565612793 11
1732441295770 1.349363088607788 12
1732441295826 1.6078286170959473 13
1732441295881 1.1380892992019653 14
1732441295942 1.498543381690979 15
1732441296182 1.356673240661621 16
1732441296236 1.3650932312011719 17
1732441296286 1.3100290298461914 18
1732441296344 1.199936866760254 19
1732441296608 1.3964382410049438 20
1732441296668 1.255929946899414 21
1732441296722 1.387790322303772 22
1732441296783 1.3877030611038208 23
1732441297005 1.3522120714187622 24
1732441297070 1.1695308685302734 25
1732441297125 1.3430360555648804 26
1732441297186 1.2567613124847412 27
1732441297404 1.220867395401001 28
1732441297474 1.2161153554916382 29
1732441297526 1.392824649810791 30
1732441297578 1.2679386138916016 31
1732441297856 1.4446135759353638 32
1732441297920 1.2007684707641602 33
1732441297973 1.2161579132080078 34
1732441298034 1.254080057144165 35
1732441298292 1.2638436555862427 36
1732441298355 1.349976897239685 37
1732441298409 1.3008637428283691 38
1732441298462 1.2419202327728271 39
1732441298726 1.2446340322494507 40
1732441298789 1.1077007055282593 41
1732441298844 1.4114807844161987 42
1732441298900 1.353083848953247 43
1732441299170 1.5040500164031982 44
1732441299229 1.305908441543579 45
1732441299284 1.3109369277954102 46
1732441299345 1.2913432121276855 47
1732441299542 1.3909437656402588 48
1732441299602 1.3539445400238037 49
1732441299651 1.3529495000839233 50
1732441299717 1.350425362586975 51
1732441299973 1.2483067512512207 52
1732441300032 1.304783582687378 53
1732441300085 1.3105449676513672 54
1732441300183 1.1721543073654175 55
1732441302160 1.1455657482147217 0
1732441302226 1.3952226638793945 1
1732441302283 1.2546515464782715 2
1732441302339 1.3012183904647827 3
1732441302570 1.4398744106292725 4
1732441302644 1.5146548748016357 5
1732441302700 1.2585114240646362 6
1732441302754 1.4164172410964966 7
1732441302940 1.3100218772888184 8
1732441303031 1.5473153591156006 9
1732441303088 1.409929871559143 10
1732441303145 1.1470997333526611 11
1732441303400 1.3920822143554688 12
1732441303486 1.2598390579223633 13
1732441303540 1.304686188697815 14
1732441303597 1.314871072769165 15
1732441303806 1.284291386604309 16
1732441303892 1.2064685821533203 17
1732441303952 1.3597533702850342 18
1732441304004 1.1053636074066162 19
1732441304325 1.254414439201355 20
1732441304380 1.3831207752227783 21
1732441304437 1.4904471635818481 22
1732441304490 1.2494730949401855 23
1732441304722 1.2435295581817627 24
1732441304784 1.3522005081176758 25
1732441304836 1.3475916385650635 26
1732441304889 1.2600797414779663 27
1732441305161 1.3228404521942139 28
1732441305220 1.3020849227905273 29
1732441305283 1.2562311887741089 30
1732441305350 1.3494733572006226 31
1732441305551 1.3501553535461426 32
1732441305608 1.1994664669036865 33
1732441305659 1.4823157787322998 34
1732441305710 1.2140839099884033 35
1732441305983 1.1960535049438477 36
1732441306045 1.3931756019592285 37
1732441306107 1.3021090030670166 38
1732441306165 1.3646519184112549 39
1732441306374 1.3560909032821655 40
1732441306430 1.3352901935577393 41
1732441306483 1.2966241836547852 42
1732441306543 1.255232334136963 43
1732441306745 1.3756954669952393 44
1732441306802 1.2977749109268188 45
1732441306850 1.391122579574585 46
1732441306902 1.11363685131073 47
1732441307187 1.4197514057159424 48
1732441307251 1.4034150838851929 49
1732441307306 1.2529382705688477 50
1732441307362 1.217031478881836 51
1732441307595 1.3462371826171875 52
1732441307654 1.4290015697479248 53
1732441307710 1.3555628061294556 54
1732441307789 1.2560375928878784 55
1732441309811 1.3875395059585571 0
1732441309865 1.2226368188858032 1
1732441309922 1.2565686702728271 2
1732441309976 1.4256635904312134 3
1732441310189 1.3553708791732788 4
1732441310247 1.3020315170288086 5
1732441310301 1.2180371284484863 6
1732441310357 1.386491298675537 7
1732441310544 1.4437532424926758 8
1732441310680 1.390739917755127 9
1732441310736 1.235192894935608 10
1732441310790 1.2693241834640503 11
1732441310923 1.237962245941162 12
1732441311103 1.3077342510223389 13
1732441311160 1.3852949142456055 14
1732441311212 1.2110576629638672 15
1732441311329 1.2195279598236084 16
1732441311550 1.3221359252929688 17
1732441311605 1.3968029022216797 18
1732441311661 1.247204303741455 19
1732441311723 1.3986802101135254 20
1732441311943 1.2617125511169434 21
1732441311993 1.260807991027832 22
1732441312060 1.349645972251892 23
1732441312117 1.381899356842041 24
1732441312368 1.402109146118164 25
1732441312431 1.4086480140686035 26
1732441312487 1.154922604560852 27
1732441312546 1.2456328868865967 28
1732441312754 1.2977745532989502 29
1732441312815 1.3009281158447266 30
1732441312869 1.3441317081451416 31
1732441312985 1.1561167240142822 32
1732441313131 1.4074944257736206 33
1732441313185 1.5033211708068848 34
1732441313237 1.341214656829834 35
1732441313372 1.3538339138031006 36
1732441313506 1.29766047000885 37
1732441313559 1.1902790069580078 38
1732441313614 1.3564486503601074 39
1732441313746 1.3079942464828491 40
1732441313913 1.1979351043701172 41
1732441313970 1.2563056945800781 42
1732441314031 1.249326229095459 43
1732441314170 1.242374300956726 44
1732441314292 1.3499404191970825 45
1732441314355 1.441575527191162 46
1732441314430 1.346591830253601 47
1732441314662 1.2457194328308105 48
1732441314729 1.3876526355743408 49
1732441314793 1.3974745273590088 50
1732441314854 1.3996429443359375 51
1732441315037 1.441735029220581 52
1732441315211 1.3469033241271973 53
1732441315260 1.3472111225128174 54
1732441315329 1.1879589557647705 55
1732441317376 1.4702930450439453 0
1732441317457 1.3349310159683228 1
1732441317513 1.3289449214935303 2
1732441317565 1.2768399715423584 3
1732441317808 1.3510212898254395 4
1732441317861 1.3193819522857666 5
1732441317918 1.298854112625122 6
1732441317976 1.2871981859207153 7
1732441318216 1.214338779449463 8
1732441318288 1.1722679138183594 9
1732441318344 1.2661051750183105 10
1732441318405 1.3697056770324707 11
1732441318586 1.379166841506958 12
1732441318688 1.247581958770752 13
1732441318748 1.2937911748886108 14
1732441318805 1.4850809574127197 15
1732441319001 1.2397774457931519 16
1732441319132 1.2457034587860107 17
1732441319189 1.4843668937683105 18
1732441319247 1.252823829650879 19
1732441319453 1.2535003423690796 20
1732441319518 1.2497777938842773 21
1732441319575 1.3916950225830078 22
1732441319629 1.3630354404449463 23
1732441319888 1.2532179355621338 24
1732441319975 1.1909327507019043 25
1732441320027 1.194021224975586 26
1732441320081 1.308194875717163 27
1732441320255 1.55238938331604 28
1732441320376 1.360062599182129 29
1732441320440 1.3567794561386108 30
1732441320498 1.3424205780029297 31
1732441320639 1.287179946899414 32
1732441320767 1.2385247945785522 33
1732441320825 1.4004448652267456 34
1732441320880 1.3377765417099 35
1732441321071 1.3515098094940186 36
1732441321149 1.2981685400009155 37
1732441321222 1.350912094116211 38
1732441321276 1.2156027555465698 39
1732441321484 1.3153311014175415 40
1732441321579 1.4108731746673584 41
1732441321637 1.3927042484283447 42
1732441321694 1.1818078756332397 43
1732441321946 1.3472404479980469 44
1732441322006 1.400682806968689 45
1732441322062 1.4825937747955322 46
1732441322115 1.2531917095184326 47
1732441322442 1.2852975130081177 48
1732441322495 1.3244589567184448 49
1732441322553 1.3160178661346436 50
1732441322611 1.2294671535491943 51
1732441322885 1.4335758686065674 52
1732441322933 1.2732216119766235 53
1732441322983 1.1326160430908203 54
1732441323060 1.461560845375061 55
1732441325027 1.4150062799453735 0
1732441325082 1.3501927852630615 1
1732441325133 1.4250130653381348 2
1732441325190 1.2457537651062012 3
1732441325450 1.2410438060760498 4
1732441325506 1.2716059684753418 5
1732441325559 1.1932392120361328 6
1732441325615 1.4200540781021118 7
1732441325854 1.213111400604248 8
1732441325910 1.4086803197860718 9
1732441325963 1.414598822593689 10
1732441326015 1.2696962356567383 11
1732441326254 1.3880102634429932 12
1732441326308 1.3132009506225586 13
1732441326359 1.3032399415969849 14
1732441326413 1.2933323383331299 15
1732441326664 1.3964370489120483 16
1732441326721 1.2453749179840088 17
1732441326770 1.2546665668487549 18
1732441326832 1.3164769411087036 19
1732441327098 1.4563062191009521 20
1732441327156 1.3561573028564453 21
1732441327215 1.3007714748382568 22
1732441327271 1.3805687427520752 23
1732441327557 1.2581801414489746 24
1732441327610 1.2207930088043213 25
1732441327660 1.2273173332214355 26
1732441327718 1.2714296579360962 27
1732441327944 1.2152900695800781 28
1732441328013 1.3016159534454346 29
1732441328064 1.292515754699707 30
1732441328124 1.2024214267730713 31
1732441328333 1.3529832363128662 32
1732441328392 1.2526648044586182 33
1732441328445 1.3542025089263916 34
1732441328499 1.5210267305374146 35
1732441328759 1.2927874326705933 36
1732441328886 1.1958787441253662 37
1732441328939 1.3528120517730713 38
1732441328993 1.5123357772827148 39
1732441329131 1.3992118835449219 40
1732441329255 1.4594879150390625 41
1732441329309 1.189725399017334 42
1732441329365 1.2431336641311646 43
1732441329538 1.296982765197754 44
1732441329670 1.4535419940948486 45
1732441329721 1.399679183959961 46
1732441329774 1.2045447826385498 47
1732441329955 1.4101483821868896 48
1732441330105 1.2021023035049438 49
1732441330160 1.3899784088134766 50
1732441330213 1.207688808441162 51
1732441330381 1.2499146461486816 52
1732441330509 1.2443305253982544 53
1732441330567 1.4584882259368896 54
1732441330651 1.328731656074524 55
1732441332723 1.1681830883026123 0
1732441332783 1.3349978923797607 1
1732441332842 1.2564282417297363 2
1732441332901 1.260223627090454 3
1732441333104 1.538672685623169 4
1732441333167 1.3928242921829224 5
1732441333220 1.338944435119629 6
1732441333280 1.349012017250061 7
1732441333495 1.2524586915969849 8
1732441333560 1.3792355060577393 9
1732441333615 1.26041841506958 10
1732441333671 1.289840579032898 11
1732441333935 1.2153751850128174 12
1732441333992 1.4772089719772339 13
1732441334045 1.3117012977600098 14
1732441334101 1.4249975681304932 15
1732441334375 1.3893465995788574 16
1732441334437 1.3346692323684692 17
1732441334497 1.2927155494689941 18
1732441334550 1.298708438873291 19
1732441334753 1.338391661643982 20
1732441334811 1.22509765625 21
1732441334862 1.2749288082122803 22
1732441334923 1.180977463722229 23
1732441335142 1.4561272859573364 24
1732441335209 1.3503978252410889 25
1732441335264 1.3153057098388672 26
1732441335323 1.2016782760620117 27
1732441335500 1.183393955230713 28
1732441335622 1.3025929927825928 29
1732441335684 1.4975309371948242 30
1732441335750 1.3791522979736328 31
1732441335939 1.2606624364852905 32
1732441336075 1.3093385696411133 33
1732441336136 1.2431639432907104 34
1732441336193 1.2034728527069092 35
1732441336346 1.2534663677215576 36
1732441336505 1.2844555377960205 37
1732441336565 1.3036777973175049 38
1732441336630 1.3048315048217773 39
1732441336754 1.2161924839019775 40
1732441336962 1.3127135038375854 41
1732441337023 1.3438385725021362 42
1732441337082 1.416509985923767 43
1732441337235 1.342313528060913 44
1732441337360 1.5223623514175415 45
1732441337418 1.3511308431625366 46
1732441337475 1.4223215579986572 47
1732441337648 1.355010747909546 48
1732441337737 1.3497796058654785 49
1732441337791 1.1957130432128906 50
1732441337850 1.3472285270690918 51
1732441338075 1.247864007949829 52
1732441338135 1.4938421249389648 53
1732441338183 1.144893765449524 54
1732441338257 1.3330703973770142 55
1732441340200 1.3073734045028687 0
1732441340251 1.3526787757873535 1
1732441340303 1.3333065509796143 2
1732441340357 1.1570451259613037 3
1732441340606 1.309338092803955 4
1732441340680 1.1609055995941162 5
1732441340747 1.383587121963501 6
1732441340798 1.2578868865966797 7
1732441341031 1.3444736003875732 8
1732441341132 1.2058491706848145 9
1732441341189 1.1492115259170532 10
1732441341243 1.3596763610839844 11
1732441341452 1.4427982568740845 12
1732441341538 1.2955962419509888 13
1732441341594 1.4036062955856323 14
1732441341647 1.5102014541625977 15
1732441341878 1.344968557357788 16
1732441342027 1.350508213043213 17
1732441342085 1.2430598735809326 18
1732441342139 1.2565181255340576 19
1732441342294 1.288055181503296 20
1732441342448 1.267465353012085 21
1732441342506 1.3048049211502075 22
1732441342563 1.3489364385604858 23
1732441342687 1.170177698135376 24
1732441342837 1.4000673294067383 25
1732441342893 1.3454338312149048 26
1732441342948 1.3047173023223877 27
1732441343156 1.2978181838989258 28
1732441343241 1.2975866794586182 29
1732441343294 1.1945300102233887 30
1732441343346 1.3383311033248901 31
1732441343554 1.4087748527526855 32
1732441343687 1.2129430770874023 33
1732441343746 1.3452425003051758 34
1732441343802 1.208587884902954 35
1732441343927 1.301267385482788 36
1732441344116 1.3216133117675781 37
1732441344175 1.4378305673599243 38
1732441344227 1.2520382404327393 39
1732441344359 1.2976131439208984 40
1732441344544 1.4063754081726074 41
1732441344602 1.3465304374694824 42
1732441344660 1.3498737812042236 43
1732441344779 1.2978935241699219 44
1732441344960 1.1106865406036377 45
1732441345012 1.3463889360427856 46
1732441345075 1.2724668979644775 47
1732441345158 1.2420432567596436 48
1732441345329 1.452441692352295 49
1732441345383 1.3442347049713135 50
1732441345441 1.2486070394515991 51
1732441345555 1.4797186851501465 52
1732441345728 1.4441825151443481 53
1732441345794 1.4458982944488525 54
1732441345873 1.4807054996490479 55
1732441347896 1.3053905963897705 0
1732441347952 1.4851405620574951 1
1732441348004 1.2976458072662354 2
1732441348068 1.198530673980713 3
1732441348269 1.3904924392700195 4
1732441348322 1.3937841653823853 5
1732441348389 1.3320361375808716 6
1732441348443 1.4226665496826172 7
1732441348729 1.3373439311981201 8
1732441348784 1.2805615663528442 9
1732441348838 1.4491262435913086 10
1732441348894 1.3744922876358032 11
1732441349108 1.2773886919021606 12
1732441349167 1.2230730056762695 13
1732441349217 1.2358100414276123 14
1732441349274 1.3584668636322021 15
1732441349526 1.2569825649261475 16
1732441349614 1.2899621725082397 17
1732441349668 1.2383407354354858 18
1732441349725 1.2884752750396729 19
1732441349935 1.3137199878692627 20
1732441350052 1.2667100429534912 21
1732441350110 1.3794724941253662 22
1732441350165 1.250967025756836 23
1732441350375 1.2155261039733887 24
1732441350462 1.3428897857666016 25
1732441350522 1.2892181873321533 26
1732441350578 1.3227357864379883 27
1732441350833 1.2535182237625122 28
1732441350896 1.2992868423461914 29
1732441350947 1.3676564693450928 30
1732441351000 1.3831729888916016 31
1732441351256 1.348451852798462 32
1732441351326 1.2559220790863037 33
1732441351380 1.447767734527588 34
1732441351430 1.2630444765090942 35
1732441351701 1.3490808010101318 36
1732441351765 1.244800329208374 37
1732441351831 1.2344374656677246 38
1732441351890 1.2597379684448242 39
1732441352088 1.3951581716537476 40
1732441352166 1.2991905212402344 41
1732441352243 1.3097718954086304 42
1732441352296 1.2518422603607178 43
1732441352465 1.2590925693511963 44
1732441352574 1.353034257888794 45
1732441352669 1.350160837173462 46
1732441352727 1.2530927658081055 47
1732441352857 1.3847873210906982 48
1732441352971 1.3533613681793213 49
1732441353079 1.3357429504394531 50
1732441353135 1.3403010368347168 51
1732441353256 1.4073987007141113 52
1732441353396 1.4331108331680298 53
1732441353517 1.315091609954834 54
1732441353587 1.2466697692871094 55
1732441355694 1.3481988906860352 0
1732441355753 1.292710781097412 1
1732441355816 1.2881314754486084 2
1732441355871 1.5321154594421387 3
1732441356121 1.3826208114624023 4
1732441356174 1.3581182956695557 5
1732441356227 1.3641793727874756 6
1732441356291 1.21450674533844 7
1732441356526 1.391595482826233 8
1732441356586 1.299717903137207 9
1732441356644 1.3377320766448975 10
1732441356696 1.3228296041488647 11
1732441356904 1.4320013523101807 12
1732441356966 1.2822840213775635 13
1732441357024 1.3881416320800781 14
1732441357086 1.24898099899292 15
1732441357360 1.2895534038543701 16
1732441357423 1.2579989433288574 17
1732441357475 1.3460450172424316 18
1732441357531 1.3518638610839844 19
1732441357762 1.4245553016662598 20
1732441357821 1.2895433902740479 21
1732441357873 1.1641185283660889 22
1732441357927 1.221966028213501 23
1732441358161 1.3205623626708984 24
1732441358225 1.1401711702346802 25
1732441358276 1.2911797761917114 26
1732441358331 1.2215038537979126 27
1732441358593 1.498684287071228 28
1732441358677 1.4500609636306763 29
1732441358733 1.045324683189392 30
1732441358787 1.2585840225219727 31
1732441359029 1.408737301826477 32
1732441359086 1.5679490566253662 33
1732441359138 1.2489345073699951 34
1732441359193 1.3560280799865723 35
1732441359456 1.3537489175796509 36
1732441359525 1.3583555221557617 37
1732441359578 1.1451160907745361 38
1732441359635 1.2501771450042725 39
1732441359827 1.300033450126648 40
1732441359887 1.349116563796997 41
1732441359944 1.3541604280471802 42
1732441359997 1.4059696197509766 43
1732441360221 1.3053169250488281 44
1732441360327 1.3000237941741943 45
1732441360386 1.4756131172180176 46
1732441360443 1.139713168144226 47
1732441360604 1.249182939529419 48
1732441360711 1.1948133707046509 49
1732441360773 1.406412124633789 50
1732441360827 1.302027940750122 51
1732441361039 1.3998560905456543 52
1732441361174 1.4720120429992676 53
1732441361235 1.299243450164795 54
1732441361315 1.1618019342422485 55
1732441363357 1.472951054573059 0
1732441363412 1.3636317253112793 1
1732441363461 1.287688970565796 2
1732441363539 1.2964742183685303 3
1732441363809 1.3876887559890747 4
1732441363865 1.3577117919921875 5
1732441363915 1.4559658765792847 6
1732441363973 1.3492003679275513 7
1732441364234 1.3032569885253906 8
1732441364294 1.3509225845336914 9
1732441364350 1.291692852973938 10
1732441364407 1.0170369148254395 11
1732441364629 1.2579747438430786 12
1732441364693 1.4043234586715698 13
1732441364782 1.3882886171340942 14
1732441364842 1.2052510976791382 15
1732441365035 1.410355567932129 16
1732441365087 1.3405556678771973 17
1732441365242 1.2127529382705688 18
1732441365298 1.2871187925338745 19
1732441365455 1.491323709487915 20
1732441365527 1.1158864498138428 21
1732441365636 1.349046230316162 22
1732441365697 1.243897795677185 23
1732441365856 1.392022728919983 24
1732441365915 1.26810622215271 25
1732441366126 1.2906897068023682 26
1732441366184 1.388805627822876 27
1732441366345 1.243627667427063 28
1732441366405 1.1993738412857056 29
1732441366510 1.3010492324829102 30
1732441366582 1.438948154449463 31
1732441366853 1.161131501197815 32
1732441366913 1.4066903591156006 33
1732441366967 1.3799792528152466 34
1732441367025 1.336223840713501 35
1732441367331 1.1549526453018188 36
1732441367389 1.451948881149292 37
1732441367461 1.5177215337753296 38
1732441367514 1.441852331161499 39
1732441367802 1.3555364608764648 40
1732441367862 1.311660885810852 41
1732441367921 1.1776983737945557 42
1732441367989 1.4280788898468018 43
1732441368281 1.2216309309005737 44
1732441368344 1.393526315689087 45
1732441368406 1.3457920551300049 46
1732441368467 1.2931034564971924 47
1732441368644 1.3835148811340332 48
1732441368707 1.3406766653060913 49
1732441368769 1.2147425413131714 50
1732441368831 1.3817760944366455 51
1732441369064 1.324500322341919 52
1732441369127 1.1847033500671387 53
1732441369189 1.1298105716705322 54
1732441369272 1.3341431617736816 55
1732441371363 1.342736005783081 0
1732441371418 1.4282398223876953 1
1732441371475 1.2562745809555054 2
1732441371535 1.4179308414459229 3
1732441371812 1.292710542678833 4
1732441371870 1.5048466920852661 5
1732441371925 1.2025763988494873 6
1732441371979 1.293340802192688 7
1732441372230 1.2509468793869019 8
1732441372283 1.275705099105835 9
1732441372336 1.328995704650879 10
1732441372391 1.303706169128418 11
1732441372617 1.4556066989898682 12
1732441372671 1.3997275829315186 13
1732441372723 1.4655760526657104 14
1732441372776 1.358960747718811 15
1732441373025 1.1678502559661865 16
1732441373081 1.2908087968826294 17
1732441373133 1.2431221008300781 18
1732441373190 1.1670489311218262 19
1732441373510 1.387436866760254 20
1732441373568 1.2970918416976929 21
1732441373617 1.359170913696289 22
1732441373689 1.423865556716919 23
1732441373919 1.3558578491210938 24
1732441373973 1.3567633628845215 25
1732441374029 1.340041995048523 26
1732441374082 1.4194903373718262 27
1732441374295 1.156530737876892 28
1732441374350 1.2479310035705566 29
1732441374402 1.3513336181640625 30
1732441374457 1.3641153573989868 31
1732441374669 1.3466582298278809 32
1732441374729 1.453991174697876 33
1732441374840 1.350728988647461 34
1732441374901 1.1530206203460693 35
1732441375057 1.2856525182724 36
1732441375173 1.1656780242919922 37
1732441375229 1.3458058834075928 38
1732441375284 1.2164502143859863 39
1732441375500 1.3463382720947266 40
1732441375574 1.3510627746582031 41
1732441375684 1.3601174354553223 42
1732441375746 1.355689525604248 43
1732441375915 1.2622982263565063 44
1732441376010 1.3587157726287842 45
1732441376104 1.2100536823272705 46
1732441376164 1.2508478164672852 47
1732441376302 1.1549465656280518 48
1732441376437 1.3967478275299072 49
1732441376580 1.2936933040618896 50
1732441376669 1.4020144939422607 51
1732441376759 1.3547651767730713 52
1732441376867 1.2563419342041016 53
1732441376987 1.5084091424942017 54
1732441377074 1.0585819482803345 55
1732441379093 1.3491894006729126 0
1732441379152 1.2928283214569092 1
1732441379202 1.2954564094543457 2
1732441379256 1.1988613605499268 3
1732441379502 1.4344936609268188 4
1732441379559 1.5494595766067505 5
1732441379608 1.3610517978668213 6
1732441379660 1.2974767684936523 7
1732441379870 1.4182233810424805 8
1732441379974 1.3026132583618164 9
1732441380041 1.1419775485992432 10
1732441380099 1.3023762702941895 11
1732441380339 1.3511117696762085 12
1732441380528 1.021493911743164 13
1732441380583 1.4001222848892212 14
1732441380639 1.1078975200653076 15
1732441380762 1.203124761581421 16
1732441380965 1.4004048109054565 17
1732441381021 1.3020946979522705 18
1732441381078 1.2116843461990356 19
1732441381226 1.2092010974884033 20
1732441381402 1.3619472980499268 21
1732441381451 1.1371490955352783 22
1732441381519 1.2946176528930664 23
1732441381637 1.3103513717651367 24
1732441381881 1.3086044788360596 25
1732441381938 1.3644523620605469 26
1732441381992 1.3572018146514893 27
1732441382090 1.4141850471496582 28
1732441382282 1.3521068096160889 29
1732441382333 1.2493541240692139 30
1732441382389 1.3563833236694336 31
1732441382519 1.4123663902282715 32
1732441382693 1.3577558994293213 33
1732441382751 1.2987635135650635 34
1732441382807 1.472884178161621 35
1732441382947 1.4629424810409546 36
1732441383092 1.3035863637924194 37
1732441383147 1.2523016929626465 38
1732441383202 1.1840177774429321 39
1732441383368 1.087507724761963 40
1732441383470 1.4645156860351562 41
1732441383527 1.2473970651626587 42
1732441383579 1.301753044128418 43
1732441383811 1.4191721677780151 44
1732441383909 1.3584864139556885 45
1732441383959 1.5071055889129639 46
1732441384021 1.4496872425079346 47
1732441384188 1.0867927074432373 48
1732441384316 1.192790150642395 49
1732441384371 1.343501329421997 50
1732441384427 1.4425203800201416 51
1732441384584 1.5179753303527832 52
1732441384728 1.3513848781585693 53
1732441384786 1.3080146312713623 54
1732441384873 1.4238632917404175 55
