1732441233083 0.1 3
1732441233488 0.1 7
1732441234026 0.1 11
1732441234407 0.1 15
1732441234810 0.1 19
1732441235233 0.1 23
1732441235637 0.1 27
1732441235981 0.1 31
1732441236360 0.1 35
1732441236770 0.1 39
1732441237224 0.1 43
1732441237638 0.1 47
1732441238085 0.1 51
1732441238486 0.1 55
1732441240959 0.1 59
1732441241357 0.1 63
1732441241756 0.1 67
1732441242213 0.1 71
1732441242647 0.1 75
1732441243122 0.1 79
1732441243541 0.1 83
1732441243950 0.1 87
1732441244362 0.1 91
1732441244754 0.1 95
1732441245162 0.1 99
1732441245553 0.1 103
1732441245948 0.1 107
1732441246398 0.1 111
1732441248713 0.1 115
1732441249065 0.1 119
1732441249556 0.1 123
1732441249996 0.1 127
1732441250425 0.1 131
1732441250842 0.1 135
1732441251260 0.1 139
1732441251675 0.1 143
1732441252083 0.1 147
1732441252542 0.1 151
1732441252918 0.1 155
1732441253319 0.1 159
1732441253699 0.1 163
1732441254086 0.1 167
1732441256553 0.1 171
1732441256938 0.1 175
1732441257340 0.1 179
1732441257722 0.1 183
1732441258149 0.1 187
1732441258590 0.1 191
1732441259106 0.1 195
1732441259621 0.1 199
1732441259988 0.1 203
1732441260371 0.1 207
1732441260858 0.1 211
1732441261241 0.1 215
1732441261638 0.1 219
1732441262049 0.1 223
1732441264332 0.1 227
1732441264749 0.1 231
1732441265177 0.1 235
1732441265601 0.1 239
1732441265958 0.1 243
1732441266378 0.1 247
1732441266823 0.1 251
1732441267322 0.1 255
1732441267733 0.1 259
1732441268090 0.1 263
1732441268473 0.1 267
1732441268854 0.1 271
1732441269253 0.1 275
1732441269699 0.1 279
1732441271875 0.1 283
1732441272264 0.1 287
1732441272678 0.1 291
1732441273098 0.1 295
1732441273496 0.1 299
1732441273945 0.1 303
1732441274376 0.1 307
1732441274754 0.1 311
1732441275209 0.1 315
1732441275601 0.1 319
1732441275995 0.1 323
1732441276411 0.1 327
1732441276883 0.1 331
1732441277283 0.1 335
1732441279440 0.1 339
1732441279848 0.1 343
1732441280277 0.1 347
1732441280711 0.1 351
1732441281134 0.1 355
1732441281521 0.1 359
1732441281938 0.1 363
1732441282349 0.1 367
1732441282695 0.1 371
1732441283092 0.1 375
1732441283506 0.1 379
1732441283909 0.1 383
1732441284350 0.1 387
1732441284824 0.1 391
1732441287164 0.1 395
1732441287592 0.1 399
1732441287982 0.1 403
1732441288360 0.1 407
1732441288729 0.1 411
1732441289131 0.1 415
1732441289530 0.1 419
1732441289916 0.1 423
1732441290342 0.1 427
1732441290759 0.1 431
1732441291151 0.1 435
1732441291521 0.1 439
1732441291932 0.1 443
1732441292400 0.1 447
1732441294733 0.1 451
1732441295143 0.1 455
1732441295519 0.1 459
1732441295934 0.1 463
1732441296337 0.1 467
1732441296775 0.1 471
1732441297177 0.1 475
1732441297571 0.1 479
1732441298027 0.1 483
1732441298454 0.1 487
1732441298893 0.1 491
1732441299339 0.1 495
1732441299709 0.1 499
1732441300176 0.1 503
1732441302332 0.1 507
1732441302748 0.1 511
1732441303138 0.1 515
1732441303590 0.1 519
1732441303997 0.1 523
1732441304483 0.1 527
1732441304883 0.1 531
1732441305343 0.1 535
1732441305703 0.1 539
1732441306158 0.1 543
1732441306535 0.1 547
1732441306895 0.1 551
1732441307355 0.1 555
1732441307782 0.1 559
1732441309969 0.1 563
1732441310350 0.1 567
1732441310783 0.1 571
1732441311205 0.1 575
1732441311654 0.1 579
1732441312053 0.1 583
1732441312481 0.1 587
1732441312862 0.1 591
1732441313231 0.1 595
1732441313607 0.1 599
1732441314020 0.1 603
1732441314419 0.1 607
1732441314847 0.1 611
1732441315322 0.1 615
1732441317559 0.1 619
1732441317970 0.1 623
1732441318398 0.1 627
1732441318797 0.1 631
1732441319241 0.1 635
1732441319622 0.1 639
1732441320074 0.1 643
1732441320492 0.1 647
1732441320873 0.1 651
1732441321270 0.1 655
1732441321687 0.1 659
1732441322108 0.1 663
1732441322603 0.1 667
1732441323053 0.1 671
1732441325183 0.1 675
1732441325608 0.1 679
1732441326007 0.1 683
1732441326407 0.1 687
1732441326826 0.1 691
1732441327264 0.1 695
1732441327711 0.1 699
1732441328116 0.1 703
1732441328492 0.1 707
1732441328986 0.1 711
1732441329359 0.1 715
1732441329767 0.1 719
1732441330206 0.1 723
1732441330644 0.1 727
1732441332894 0.1 731
1732441333274 0.1 735
1732441333664 0.1 739
1732441334094 0.1 743
1732441334543 0.1 747
1732441334915 0.1 751
1732441335315 0.1 755
1732441335742 0.1 759
1732441336187 0.1 763
1732441336623 0.1 767
1732441337074 0.1 771
1732441337469 0.1 775
1732441337843 0.1 779
1732441338250 0.1 783
1732441340350 0.1 787
1732441340791 0.1 791
1732441341236 0.1 795
1732441341640 0.1 799
1732441342132 0.1 803
1732441342555 0.1 807
1732441342941 0.1 811
1732441343339 0.1 815
1732441343794 0.1 819
1732441344220 0.1 823
1732441344652 0.1 827
1732441345067 0.1 831
1732441345433 0.1 835
1732441345866 0.1 839
1732441348059 0.1 843
1732441348435 0.1 847
1732441348886 0.1 851
1732441349267 0.1 855
1732441349719 0.1 859
1732441350157 0.1 863
1732441350571 0.1 867
1732441350993 0.1 871
1732441351423 0.1 875
1732441351883 0.1 879
1732441352289 0.1 883
1732441352721 0.1 887
1732441353128 0.1 891
1732441353581 0.1 895
1732441355864 0.1 899
1732441356282 0.1 903
1732441356690 0.1 907
1732441357076 0.1 911
1732441357524 0.1 915
1732441357920 0.1 919
1732441358323 0.1 923
1732441358779 0.1 927
1732441359186 0.1 931
1732441359628 0.1 935
1732441359990 0.1 939
1732441360436 0.1 943
1732441360820 0.1 947
1732441361309 0.1 951
1732441363522 0.1 955
1732441363965 0.1 959
1732441364399 0.1 963
1732441364835 0.1 967
1732441365291 0.1 971
1732441365687 0.1 975
1732441366178 0.1 979
1732441366563 0.1 983
1732441367018 0.1 987
1732441367506 0.1 991
1732441367982 0.1 995
1732441368460 0.1 999
1732441368823 0.1 1003
1732441369266 0.1 1007
1732441371527 0.1 1011
1732441371972 0.1 1015
1732441372384 0.1 1019
1732441372769 0.1 1023
1732441373182 0.1 1027
1732441373682 0.1 1031
1732441374075 0.1 1035
1732441374451 0.1 1039
1732441374895 0.1 1043
1732441375277 0.1 1047
1732441375739 0.1 1051
1732441376157 0.1 1055
1732441376653 0.1 1059
1732441377068 0.1 1063
1732441379250 0.1 1067
1732441379654 0.1 1071
1732441380091 0.1 1075
1732441380632 0.1 1079
1732441381072 0.1 1083
1732441381511 0.1 1087
1732441381985 0.1 1091
1732441382382 0.1 1095
1732441382799 0.1 1099
1732441383195 0.1 1103
1732441383572 0.1 1107
1732441384013 0.1 1111
1732441384418 0.1 1115
1732441384867 0.1 1119
