1732441240244 7.847271400218976e-44 55
1732441247990 7.006492321624085e-45 111
1732441255843 2.3541814200656927e-43 167
1732441263582 7.006492321624085e-45 223
1732441271218 3.923635700109488e-43 279
1732441278836 0.0 335
1732441286381 0.0 391
1732441293991 0.0 447
1732441301745 7.062544260197078e-43 503
1732441309320 7.847271400218976e-43 559
1732441316930 8.631998540240873e-43 615
1732441324599 9.41672568026277e-43 671
1732441332230 7.006492321624085e-45 727
1732441339763 1.0986179960306566e-42 783
1732441347448 1.1770907100328463e-42 839
1732441355197 7.006492321624085e-45 895
1732441362897 1.3340361380372259e-42 951
1732441370819 1.4125088520394156e-42 1007
1732441378634 7.006492321624085e-45 1063
1732441386405 7.006492321624085e-45 1119
