1732441240244 0.0 55
1732441247990 0.0 111
1732441255843 2.802596928649634e-45 167
1732441263582 7.006492321624085e-45 223
1732441271218 5.605193857299268e-45 279
1732441278836 0.0 335
1732441286381 8.407790785948902e-45 391
1732441293991 9.80908925027372e-45 447
1732441301745 1.1210387714598537e-44 503
1732441309320 1.2611686178923354e-44 559
1732441316930 1.401298464324817e-44 615
1732441324599 1.5414283107572988e-44 671
1732441332230 7.006492321624085e-45 727
1732441339763 1.8216880036222622e-44 783
1732441347448 1.961817850054744e-44 839
1732441355197 1.579395397154023e-20 895
1732441362897 2.2420775429197073e-44 951
1732441370819 0.0 1007
1732441378634 2.5223372357846707e-44 1063
1732441386405 0.0 1119
