1732441233110 0.0 3
1732441233511 0.0 7
1732441234045 0.0 11
1732441234426 0.0 15
1732441234835 0.0 19
1732441235253 0.0 23
1732441235658 0.0 27
1732441236000 0.0 31
1732441236378 0.0 35
1732441236786 0.0 39
1732441237243 0.0 43
1732441237662 0.0 47
1732441238106 0.0 51
1732441238571 0.0 55
1732441240981 0.0 59
1732441241378 0.0 63
1732441241777 0.0 67
1732441242235 0.0 71
1732441242666 0.0 75
1732441243139 0.0 79
1732441243559 0.0 83
1732441243968 0.0 87
1732441244385 0.0 91
1732441244771 0.0 95
1732441245187 0.0 99
1732441245573 0.0 103
1732441245965 0.0 107
1732441246426 0.0 111
1732441248731 0.0 115
1732441249085 0.0 119
1732441249574 0.0 123
1732441250020 0.0 127
1732441250447 0.0 131
1732441250866 0.0 135
1732441251284 0.0 139
1732441251694 0.0 143
1732441252107 0.0 147
1732441252564 0.0 151
1732441252937 0.0 155
1732441253340 0.0 159
1732441253719 0.0 163
1732441254104 0.0 167
1732441256580 0.0 171
1732441256957 0.0 175
1732441257367 0.0 179
1732441257747 0.0 183
1732441258168 0.0 187
1732441258611 0.0 191
1732441259123 0.0 195
1732441259655 0.0 199
1732441260011 0.0 203
1732441260396 0.0 207
1732441260884 0.0 211
1732441261260 0.0 215
1732441261658 0.0 219
1732441262071 0.0 223
1732441264350 0.0 227
1732441264768 0.0 231
1732441265194 0.0 235
1732441265627 0.0 239
1732441265976 0.0 243
1732441266400 0.0 247
1732441266843 0.0 251
1732441267345 0.0 255
1732441267756 0.0 259
1732441268117 0.0 263
1732441268495 0.0 267
1732441268875 0.0 271
1732441269273 0.0 275
1732441269721 0.0 279
1732441271894 0.0 283
1732441272282 0.0 287
1732441272697 0.0 291
1732441273124 0.0 295
1732441273514 0.0 299
1732441273967 0.0 303
1732441274393 0.0 307
1732441274775 0.0 311
1732441275228 0.0 315
1732441275619 0.0 319
1732441276016 0.0 323
1732441276430 0.0 327
1732441276901 0.0 331
1732441277300 0.0 335
1732441279464 0.0 339
1732441279865 0.0 343
1732441280300 0.0 347
1732441280731 0.0 351
1732441281160 0.0 355
1732441281540 0.0 359
1732441281954 0.0 363
1732441282376 0.0 367
1732441282720 0.0 371
1732441283109 0.0 375
1732441283526 0.0 379
1732441283930 0.0 383
1732441284370 0.0 387
1732441284843 0.0 391
1732441287191 0.0 395
1732441287613 0.0 399
1732441288006 0.0 403
1732441288382 0.0 407
1732441288746 0.0 411
1732441289155 0.0 415
1732441289554 0.0 419
1732441289934 0.0 423
1732441290360 0.0 427
1732441290776 0.0 431
1732441291170 0.0 435
1732441291543 0.0 439
1732441291951 0.0 443
1732441292428 0.0 447
1732441294758 0.0 451
1732441295166 0.0 455
1732441295539 0.0 459
1732441295961 0.0 463
1732441296357 0.0 467
1732441296796 0.0 471
1732441297199 0.0 475
1732441297590 0.0 479
1732441298047 0.0 483
1732441298473 0.0 487
1732441298916 0.0 491
1732441299360 0.0 495
1732441299735 0.0 499
1732441300196 0.0 503
1732441302353 0.0 507
1732441302768 0.0 511
1732441303157 0.0 515
1732441303611 0.0 519
1732441304017 0.0 523
1732441304506 0.0 527
1732441304907 0.0 531
1732441305370 0.0 535
1732441305722 0.0 539
1732441306175 0.0 543
1732441306555 0.0 547
1732441306915 0.0 551
1732441307382 0.0 555
1732441307803 0.0 559
1732441309986 0.0 563
1732441310376 0.0 567
1732441310803 0.0 571
1732441311223 0.0 575
1732441311674 0.0 579
1732441312072 0.0 583
1732441312499 0.0 587
1732441312889 0.0 591
1732441313256 0.0 595
1732441313630 0.0 599
1732441314042 0.0 603
1732441314451 0.0 607
1732441314870 0.0 611
1732441315338 0.0 615
1732441317578 0.0 619
1732441317988 0.0 623
1732441318422 0.0 627
1732441318818 0.0 631
1732441319261 0.0 635
1732441319639 0.0 639
1732441320098 0.0 643
1732441320515 0.0 647
1732441320890 0.0 651
1732441321291 0.0 655
1732441321706 0.0 659
1732441322131 0.0 663
1732441322628 0.0 667
1732441323072 0.0 671
1732441325200 0.0 675
1732441325627 0.0 679
1732441326025 0.0 683
1732441326427 0.0 687
1732441326845 0.0 691
1732441327284 0.0 695
1732441327740 0.0 699
1732441328137 0.0 703
1732441328511 0.0 707
1732441329010 0.0 711
1732441329376 0.0 715
1732441329784 0.0 719
1732441330225 0.0 723
1732441330662 0.0 727
1732441332920 0.0 731
1732441333297 0.0 735
1732441333681 0.0 739
1732441334120 0.0 743
1732441334561 0.0 747
1732441334935 0.0 751
1732441335334 0.0 755
1732441335763 0.0 759
1732441336208 0.0 763
1732441336650 0.0 767
1732441337094 0.0 771
1732441337489 0.0 775
1732441337862 0.0 779
1732441338273 0.0 783
1732441340368 0.0 787
1732441340809 0.0 791
1732441341259 0.0 795
1732441341659 0.0 799
1732441342156 0.0 803
1732441342578 0.0 807
1732441342966 0.0 811
1732441343358 0.0 815
1732441343817 0.0 819
1732441344239 0.0 823
1732441344680 0.0 827
1732441345091 0.0 831
1732441345461 0.0 835
1732441345884 0.0 839
1732441348082 0.0 843
1732441348453 0.0 847
1732441348905 0.0 851
1732441349284 0.0 855
1732441349738 0.0 859
1732441350177 0.0 863
1732441350597 0.0 867
1732441351011 0.0 871
1732441351442 0.0 875
1732441351909 0.0 879
1732441352307 0.0 883
1732441352742 0.0 887
1732441353151 0.0 891
1732441353597 0.0 895
1732441355882 0.0 899
1732441356302 0.0 903
1732441356711 0.0 907
1732441357099 0.0 911
1732441357547 0.0 915
1732441357940 0.0 919
1732441358346 0.0 923
1732441358801 0.0 927
1732441359204 0.0 931
1732441359652 0.0 935
1732441360014 0.0 939
1732441360458 0.0 943
1732441360838 0.0 947
1732441361326 0.0 951
1732441363577 0.0 955
1732441363985 0.0 959
1732441364425 0.0 963
1732441364853 0.0 967
1732441365310 0.0 971
1732441365708 0.0 975
1732441366196 0.0 979
1732441366602 0.0 983
1732441367036 0.0 987
1732441367526 0.0 991
1732441368002 0.0 995
1732441368481 0.0 999
1732441368843 0.0 1003
1732441369281 0.0 1007
1732441371546 0.0 1011
1732441371989 0.0 1015
1732441372402 0.0 1019
1732441372788 0.0 1023
1732441373202 0.0 1027
1732441373701 0.0 1031
1732441374095 0.0 1035
1732441374472 0.0 1039
1732441374915 0.0 1043
1732441375298 0.0 1047
1732441375757 0.0 1051
1732441376177 0.0 1055
1732441376703 0.0 1059
1732441377090 0.0 1063
1732441379267 0.0 1067
1732441379673 0.0 1071
1732441380117 0.0 1075
1732441380653 0.0 1079
1732441381091 0.0 1083
1732441381533 0.0 1087
1732441382004 0.0 1091
1732441382407 0.0 1095
1732441382818 0.0 1099
1732441383217 0.0 1103
1732441383596 0.0 1107
1732441384037 0.0 1111
1732441384439 0.0 1115
1732441384885 0.0 1119
