1732439854043 0.0 3
1732439854304 0.0 7
1732439854608 0.0 11
1732439854952 0.0 15
1732439855335 0.0 19
1732439855764 0.0 23
1732439856158 0.0 27
1732439856535 0.0 31
1732439856924 0.0 35
1732439857319 0.0 39
1732439857714 0.0 43
1732439858141 0.0 47
1732439858560 0.0 51
1732439859182 0.0 55
1732439860764 0.0 55
1732439860787 0.0 55
1732439861654 1.0 59
1732439862007 1.0 63
1732439862488 1.0 67
1732439862900 1.0 71
1732439863328 1.0 75
1732439863845 1.0 79
1732439864188 1.0 83
1732439864604 1.0 87
1732439865011 1.0 91
1732439865416 1.0 95
1732439865804 1.0 99
1732439866200 1.0 103
1732439866555 1.0 107
1732439866921 1.0 111
1732439868418 1.0 111
1732439868438 1.0 111
1732439869219 2.0 115
1732439869592 2.0 119
1732439869986 2.0 123
1732439870356 2.0 127
1732439870825 2.0 131
1732439871255 2.0 135
1732439871626 2.0 139
1732439872005 2.0 143
1732439872338 2.0 147
1732439872748 2.0 151
1732439873188 2.0 155
1732439873577 2.0 159
1732439873973 2.0 163
1732439874396 2.0 167
1732439876089 2.0 167
1732439876110 2.0 167
1732439876793 3.0 171
1732439877256 3.0 175
1732439877678 3.0 179
1732439878051 3.0 183
1732439878446 3.0 187
1732439878861 3.0 191
1732439879331 3.0 195
1732439879742 3.0 199
1732439880141 3.0 203
1732439880527 3.0 207
1732439880973 3.0 211
1732439881381 3.0 215
1732439881804 3.0 219
1732439882221 3.0 223
1732439883817 3.0 223
1732439883834 3.0 223
1732439884579 4.0 227
1732439884984 4.0 231
1732439885440 4.0 235
1732439885865 4.0 239
1732439886260 4.0 243
1732439886671 4.0 247
1732439887053 4.0 251
1732439887414 4.0 255
1732439887807 4.0 259
1732439888209 4.0 263
1732439888666 4.0 267
1732439889153 4.0 271
1732439889513 4.0 275
1732439890021 4.0 279
1732439891520 4.0 279
1732439891542 4.0 279
1732439892370 5.0 283
1732439892796 5.0 287
1732439893223 5.0 291
1732439893629 5.0 295
1732439893976 5.0 299
1732439894474 5.0 303
1732439894843 5.0 307
1732439895311 5.0 311
1732439895698 5.0 315
1732439896141 5.0 319
1732439896577 5.0 323
1732439896989 5.0 327
1732439897363 5.0 331
1732439897832 5.0 335
1732439899372 5.0 335
1732439899394 5.0 335
1732439900210 6.0 339
1732439900627 6.0 343
1732439901142 6.0 347
1732439901559 6.0 351
1732439901909 6.0 355
1732439902286 6.0 359
1732439902717 6.0 363
1732439903135 6.0 367
1732439903547 6.0 371
1732439903955 6.0 375
1732439904387 6.0 379
1732439904779 6.0 383
1732439905130 6.0 387
1732439905516 6.0 391
1732439906977 6.0 391
1732439906996 6.0 391
1732439907734 7.0 395
1732439908153 7.0 399
1732439908590 7.0 403
1732439908949 7.0 407
1732439909386 7.0 411
1732439909786 7.0 415
1732439910194 7.0 419
1732439910574 7.0 423
1732439910995 7.0 427
1732439911373 7.0 431
1732439911841 7.0 435
1732439912328 7.0 439
1732439912762 7.0 443
1732439913185 7.0 447
1732439914758 7.0 447
1732439914776 7.0 447
1732439915413 8.0 451
1732439915790 8.0 455
1732439916253 8.0 459
1732439916647 8.0 463
1732439917066 8.0 467
1732439917516 8.0 471
1732439917936 8.0 475
1732439918329 8.0 479
1732439918720 8.0 483
1732439919075 8.0 487
1732439919524 8.0 491
1732439919900 8.0 495
1732439920358 8.0 499
1732439920769 8.0 503
1732439922355 8.0 503
1732439922376 8.0 503
1732439923001 9.0 507
1732439923379 9.0 511
1732439923811 9.0 515
1732439924211 9.0 519
1732439924640 9.0 523
1732439925071 9.0 527
1732439925512 9.0 531
1732439925931 9.0 535
1732439926359 9.0 539
1732439926746 9.0 543
1732439927186 9.0 547
1732439927608 9.0 551
1732439928033 9.0 555
1732439928440 9.0 559
1732439929949 9.0 559
1732439929965 9.0 559
1732439930586 10.0 563
1732439931006 10.0 567
1732439931372 10.0 571
1732439931757 10.0 575
1732439932214 10.0 579
1732439932603 10.0 583
1732439933003 10.0 587
1732439933350 10.0 591
1732439933807 10.0 595
1732439934206 10.0 599
1732439934586 10.0 603
1732439934993 10.0 607
1732439935438 10.0 611
1732439935918 10.0 615
1732439937476 10.0 615
1732439937495 10.0 615
