1732439853327 1.4097628593444824 0
1732439853836 1.308683156967163 1
1732439853948 1.2483282089233398 2
1732439854026 1.5084474086761475 3
1732439854093 1.3190020322799683 4
1732439854151 1.193856120109558 5
1732439854217 1.135148048400879 6
1732439854290 1.666961669921875 7
1732439854410 1.0590274333953857 8
1732439854468 1.2439419031143188 9
1732439854531 1.3063641786575317 10
1732439854596 1.493211030960083 11
1732439854774 1.1814411878585815 12
1732439854833 1.1813212633132935 13
1732439854885 1.3062748908996582 14
1732439854940 1.3062107563018799 15
1732439855138 1.3686522245407104 16
1732439855224 1.3686673641204834 17
1732439855275 1.3686490058898926 18
1732439855324 1.306170105934143 19
1732439855507 1.5561387538909912 20
1732439855648 1.3061749935150146 21
1732439855702 1.1811777353286743 22
1732439855751 1.3686654567718506 23
1732439855919 1.1811773777008057 24
1732439856041 1.1186763048171997 25
1732439856095 1.4311645030975342 26
1732439856145 1.2436726093292236 27
1732439856338 1.1811749935150146 28
1732439856415 1.368665099143982 29
1732439856469 1.3686678409576416 30
1732439856521 1.4936637878417969 31
1732439856699 1.431166172027588 32
1732439856808 1.2436704635620117 33
1732439856862 1.306168794631958 34
1732439856910 1.4311671257019043 35
1732439857111 1.4311656951904297 36
1732439857195 1.4936637878417969 37
1732439857246 1.24367094039917 38
1732439857304 1.3686673641204834 39
1732439857502 1.4936655759811401 40
1732439857603 1.3686660528182983 41
1732439857655 1.4311668872833252 42
1732439857704 1.4311659336090088 43
1732439857878 1.3686672449111938 44
1732439858026 1.1811707019805908 45
1732439858080 1.2436673641204834 46
1732439858129 1.2436695098876953 47
1732439858261 1.3061686754226685 48
1732439858431 1.368666648864746 49
1732439858486 1.3061662912368774 50
1732439858542 1.3061660528182983 51
1732439858646 1.2436689138412476 52
1732439858840 1.4311665296554565 53
1732439858897 1.3686676025390625 54
1732439859039 1.343668818473816 55
1732439861441 1.4311659336090088 0
1732439861515 1.4311671257019043 1
1732439861578 1.493665337562561 2
1732439861638 1.3686681985855103 3
1732439861782 1.2436683177947998 4
1732439861852 1.4311668872833252 5
1732439861927 1.4311658143997192 6
1732439861997 1.3686678409576416 7
1732439862298 1.1811699867248535 8
1732439862363 1.4311678409576416 9
1732439862420 1.3061696290969849 10
1732439862476 1.4311656951904297 11
1732439862712 1.1811699867248535 12
1732439862774 1.493664264678955 13
1732439862823 1.3686668872833252 14
1732439862889 1.3061680793762207 15
1732439863135 1.0561714172363281 16
1732439863201 1.4311683177947998 17
1732439863259 1.3061673641204834 18
1732439863317 1.3061686754226685 19
1732439863640 1.3686665296554565 20
1732439863706 1.181169867515564 21
1732439863764 1.1186705827713013 22
1732439863833 1.5561659336090088 23
1732439863982 1.368668556213379 24
1732439864046 1.3061676025390625 25
1732439864111 1.4311667680740356 26
1732439864175 1.306168556213379 27
1732439864389 1.5561647415161133 28
1732439864455 1.55616295337677 29
1732439864533 1.118671178817749 30
1732439864592 1.1186696290969849 31
1732439864798 1.118671178817749 32
1732439864862 1.3686676025390625 33
1732439864931 1.3686676025390625 34
1732439864992 1.306168556213379 35
1732439865218 1.368666410446167 36
1732439865286 1.2436683177947998 37
1732439865348 1.6186635494232178 38
1732439865405 1.6811636686325073 39
1732439865611 1.3686683177947998 40
1732439865665 1.3686676025390625 41
1732439865727 1.4936659336090088 42
1732439865792 1.2436692714691162 43
1732439865997 1.2436691522598267 44
1732439866060 1.2436689138412476 45
1732439866122 1.1186695098876953 46
1732439866187 0.9936700463294983 47
1732439866364 1.4936671257019043 48
1732439866424 1.4311673641204834 49
1732439866482 1.2436680793762207 50
1732439866542 1.1186703443527222 51
1732439866745 1.306168794631958 52
1732439866806 1.2436692714691162 53
1732439866855 1.1811689138412476 54
1732439866911 1.1436697244644165 55
1732439869008 1.3061683177947998 0
1732439869070 1.3061691522598267 1
1732439869132 1.2436692714691162 2
1732439869200 1.4936668872833252 3
1732439869419 0.9936724901199341 4
1732439869477 1.306168556213379 5
1732439869524 1.4936652183532715 6
1732439869576 1.4936652183532715 7
1732439869816 1.368669033050537 8
1732439869873 1.3686655759811401 9
1732439869921 1.1811704635620117 10
1732439869970 1.2436695098876953 11
1732439870189 1.493666172027588 12
1732439870243 1.4936658143997192 13
1732439870294 1.1811702251434326 14
1732439870345 1.3686679601669312 15
1732439870660 1.118669033050537 16
1732439870715 1.5561635494232178 17
1732439870764 1.3686683177947998 18
1732439870812 1.3061680793762207 19
1732439871086 1.2436689138412476 20
1732439871141 1.118671178817749 21
1732439871186 1.431166172027588 22
1732439871240 1.3686680793762207 23
1732439871449 1.4936656951904297 24
1732439871506 1.3061681985855103 25
1732439871556 1.4311652183532715 26
1732439871610 1.3686695098876953 27
1732439871837 1.2436702251434326 28
1732439871890 1.243669033050537 29
1732439871943 1.431166172027588 30
1732439871993 1.368667721748352 31
1732439872167 1.4311668872833252 32
1732439872229 1.1811705827713013 33
1732439872278 1.4311678409576416 34
1732439872325 1.0561715364456177 35
1732439872539 1.368666648864746 36
1732439872623 1.1186707019805908 37
1732439872675 1.3686659336090088 38
1732439872733 1.4936649799346924 39
1732439872965 1.4936662912368774 40
1732439873073 1.2436686754226685 41
1732439873126 1.1811692714691162 42
1732439873176 1.3686673641204834 43
1732439873373 1.181168556213379 44
1732439873456 1.2436699867248535 45
1732439873509 1.3061671257019043 46
1732439873567 1.2436702251434326 47
1732439873801 1.3686667680740356 48
1732439873861 1.2436670064926147 49
1732439873913 1.2436686754226685 50
1732439873962 1.3686683177947998 51
1732439874193 1.3061679601669312 52
1732439874252 1.6186645030975342 53
1732439874315 1.4936654567718506 54
1732439874384 1.2103365659713745 55
1732439876557 1.3061691522598267 0
1732439876666 1.3061691522598267 1
1732439876725 1.243668556213379 2
1732439876780 1.3686673641204834 3
1732439877058 1.118668556213379 4
1732439877116 1.3061686754226685 5
1732439877183 1.243669033050537 6
1732439877243 1.4311660528182983 7
1732439877489 1.2436676025390625 8
1732439877547 1.306168556213379 9
1732439877609 1.6186641454696655 10
1732439877665 1.4311659336090088 11
1732439877881 1.2436681985855103 12
1732439877936 1.4311679601669312 13
1732439877985 1.3686680793762207 14
1732439878038 1.4311654567718506 15
1732439878248 1.4936673641204834 16
1732439878310 1.181169033050537 17
1732439878377 1.1186717748641968 18
1732439878436 1.1811702251434326 19
1732439878665 1.306166172027588 20
1732439878736 1.431166410446167 21
1732439878794 1.3686670064926147 22
1732439878845 1.3061691522598267 23
1732439879142 1.2436686754226685 24
1732439879198 1.3061673641204834 25
1732439879252 1.4311654567718506 26
1732439879317 1.2436686754226685 27
1732439879567 1.1811684370040894 28
1732439879624 1.2436692714691162 29
1732439879680 1.431167483329773 30
1732439879730 1.3061692714691162 31
1732439879969 1.4936621189117432 32
1732439880025 1.3061683177947998 33
1732439880074 1.4311659336090088 34
1732439880125 1.2436702251434326 35
1732439880344 1.2436683177947998 36
1732439880403 1.3686668872833252 37
1732439880452 1.3061686754226685 38
1732439880514 1.4936672449111938 39
1732439880795 1.3686662912368774 40
1732439880849 1.2436704635620117 41
1732439880900 1.056171178817749 42
1732439880960 1.3061683177947998 43
1732439881195 1.2436680793762207 44
1732439881250 1.3061693906784058 45
1732439881306 1.3686671257019043 46
1732439881366 1.2436702251434326 47
1732439881611 1.5561659336090088 48
1732439881671 1.3061678409576416 49
1732439881729 1.4311673641204834 50
1732439881786 1.493666648864746 51
1732439882007 1.3061692714691162 52
1732439882067 1.3061686754226685 53
1732439882116 1.4311659336090088 54
1732439882207 1.2770031690597534 55
1732439884396 1.1186712980270386 0
1732439884457 1.431167721748352 1
1732439884516 1.1186710596084595 2
1732439884569 1.1811704635620117 3
1732439884819 1.4936668872833252 4
1732439884872 1.3061678409576416 5
1732439884925 1.3061692714691162 6
1732439884973 1.1811705827713013 7
1732439885264 1.243669867515564 8
1732439885319 1.2436678409576416 9
1732439885370 1.431166648864746 10
1732439885428 1.4936654567718506 11
1732439885680 1.243669033050537 12
1732439885736 1.243668556213379 13
1732439885785 1.3061667680740356 14
1732439885848 1.5561665296554565 15
1732439886095 1.493664026260376 16
1732439886149 1.3061689138412476 17
1732439886198 1.493664264678955 18
1732439886248 1.3061683177947998 19
1732439886500 1.1811697483062744 20
1732439886557 1.181168794631958 21
1732439886607 1.4936656951904297 22
1732439886656 1.306167483329773 23
1732439886875 1.4936649799346924 24
1732439886930 1.4311670064926147 25
1732439886991 1.3686673641204834 26
1732439887041 1.368667721748352 27
1732439887244 1.4936658143997192 28
1732439887298 1.3686665296554565 29
1732439887349 1.3686686754226685 30
1732439887398 1.3061673641204834 31
1732439887638 1.1811707019805908 32
1732439887694 1.3061679601669312 33
1732439887744 1.306167721748352 34
1732439887794 1.431166648864746 35
1732439888035 1.243668794631958 36
1732439888092 1.431166648864746 37
1732439888147 1.431167721748352 38
1732439888198 1.4311678409576416 39
1732439888495 1.1186695098876953 40
1732439888551 1.4936665296554565 41
1732439888606 1.1186717748641968 42
1732439888653 1.3061692714691162 43
1732439888962 1.3061660528182983 44
1732439889016 1.2436680793762207 45
1732439889079 1.1811708211898804 46
1732439889139 1.306168556213379 47
1732439889322 1.431166648864746 48
1732439889381 1.3061672449111938 49
1732439889441 1.4311659336090088 50
1732439889499 1.118670105934143 51
1732439889815 1.431166648864746 52
1732439889875 1.306167721748352 53
1732439889932 1.1811673641204834 54
1732439890010 1.4103355407714844 55
1732439892130 1.4311662912368774 0
1732439892236 1.0561717748641968 1
1732439892295 1.3061670064926147 2
1732439892358 1.1186714172363281 3
1732439892543 1.243667483329773 4
1732439892674 1.5561619997024536 5
1732439892735 1.1186708211898804 6
1732439892785 1.368666410446167 7
1732439892936 1.2436683177947998 8
1732439893086 1.118671178817749 9
1732439893148 1.368669033050537 10
1732439893205 1.5561630725860596 11
1732439893292 1.4311673641204834 12
1732439893500 1.3686686754226685 13
1732439893556 1.1186707019805908 14
1732439893613 1.4311671257019043 15
1732439893755 0.9936732053756714 16
1732439893861 1.431166648864746 17
1732439893915 1.1811696290969849 18
1732439893965 1.1811699867248535 19
1732439894106 1.3686673641204834 20
1732439894340 1.1186718940734863 21
1732439894391 1.3686683177947998 22
1732439894462 1.3686680793762207 23
1732439894519 1.1811703443527222 24
1732439894713 1.3061676025390625 25
1732439894768 1.4311645030975342 26
1732439894829 1.431166410446167 27
1732439894890 1.3686658143997192 28
1732439895172 1.243668794631958 29
1732439895233 1.4311658143997192 30
1732439895295 1.4936659336090088 31
1732439895359 1.3686680793762207 32
1732439895567 1.1811699867248535 33
1732439895631 1.3686673641204834 34
1732439895687 0.931172788143158 35
1732439895747 1.4936645030975342 36
1732439896013 1.181171178817749 37
1732439896070 1.1811676025390625 38
1732439896128 1.5561649799346924 39
1732439896193 1.1811699867248535 40
1732439896441 1.3061672449111938 41
1732439896509 1.3061686754226685 42
1732439896566 1.368668556213379 43
1732439896619 1.306168794631958 44
1732439896857 1.5561652183532715 45
1732439896919 1.6186633110046387 46
1732439896976 1.6186647415161133 47
1732439897033 1.4311681985855103 48
1732439897224 1.4311656951904297 49
1732439897286 1.4311671257019043 50
1732439897349 1.3061691522598267 51
1732439897413 1.3061671257019043 52
1732439897676 1.306168556213379 53
1732439897734 1.4311660528182983 54
1732439897818 1.4103325605392456 55
1732439900009 1.3686693906784058 0
1732439900073 1.2436684370040894 1
1732439900133 1.1811695098876953 2
1732439900198 1.3686678409576416 3
1732439900465 1.3061676025390625 4
1732439900522 1.4936652183532715 5
1732439900569 1.3686676025390625 6
1732439900615 1.1811714172363281 7
1732439900963 1.2436678409576416 8
1732439901021 1.306169033050537 9
1732439901069 1.5561668872833252 10
1732439901128 1.1811704635620117 11
1732439901374 1.3061678409576416 12
1732439901433 1.2436671257019043 13
1732439901484 1.2436678409576416 14
1732439901543 1.1811705827713013 15
1732439901734 1.6186635494232178 16
1732439901793 1.3686656951904297 17
1732439901845 1.4311639070510864 18
1732439901897 1.243670105934143 19
1732439902124 1.6186619997024536 20
1732439902177 1.243670105934143 21
1732439902225 1.306168794631958 22
1732439902273 1.2436668872833252 23
1732439902538 1.2436703443527222 24
1732439902598 1.2436680793762207 25
1732439902648 1.368667721748352 26
1732439902699 1.4936659336090088 27
1732439902960 1.4936656951904297 28
1732439903015 1.0561734437942505 29
1732439903064 1.1811707019805908 30
1732439903121 1.3061693906784058 31
1732439903375 1.4936633110046387 32
1732439903429 1.368667483329773 33
1732439903485 1.3686673641204834 34
1732439903535 1.306168556213379 35
1732439903778 1.243668794631958 36
1732439903828 1.2436671257019043 37
1732439903888 1.4311654567718506 38
1732439903939 1.3061678409576416 39
1732439904207 1.181168794631958 40
1732439904261 1.4311676025390625 41
1732439904321 1.4311676025390625 42
1732439904375 1.4936656951904297 43
1732439904617 1.493666172027588 44
1732439904667 1.493666410446167 45
1732439904714 1.3061684370040894 46
1732439904763 1.0561704635620117 47
1732439904948 1.4311668872833252 48
1732439905007 1.3061693906784058 49
1732439905065 1.2436673641204834 50
1732439905115 1.181168556213379 51
1732439905318 1.368668556213379 52
1732439905372 1.4311676025390625 53
1732439905426 1.1811695098876953 54
1732439905501 1.277002215385437 55
1732439907543 1.2436704635620117 0
1732439907602 1.18117094039917 1
1732439907662 1.243667483329773 2
1732439907718 1.4936633110046387 3
1732439907982 1.3061673641204834 4
1732439908038 1.3686676025390625 5
1732439908092 1.4936656951904297 6
1732439908142 1.1811695098876953 7
1732439908395 1.2436676025390625 8
1732439908452 1.306169033050537 9
1732439908514 1.431165337562561 10
1732439908577 1.3686647415161133 11
1732439908764 1.3686658143997192 12
1732439908822 1.1186716556549072 13
1732439908880 1.3686673641204834 14
1732439908937 1.3686676025390625 15
1732439909177 1.1811707019805908 16
1732439909233 1.4311668872833252 17
1732439909320 1.3061693906784058 18
1732439909375 1.1186710596084595 19
1732439909568 1.368666172027588 20
1732439909628 1.2436681985855103 21
1732439909724 1.3686678409576416 22
1732439909774 1.5561659336090088 23
1732439909955 1.2436699867248535 24
1732439910039 1.118671178817749 25
1732439910120 1.3686672449111938 26
1732439910180 1.4936652183532715 27
1732439910322 1.556165337562561 28
1732439910436 1.4311649799346924 29
1732439910510 1.2436691522598267 30
1732439910562 1.1811697483062744 31
1732439910759 1.2436693906784058 32
1732439910839 1.493664264678955 33
1732439910931 1.1811697483062744 34
1732439910981 1.3061696290969849 35
1732439911166 1.3686668872833252 36
1732439911248 1.4936659336090088 37
1732439911309 1.4936671257019043 38
1732439911361 1.11867094039917 39
1732439911579 1.431166410446167 40
1732439911685 1.118670105934143 41
1732439911764 1.3686649799346924 42
1732439911822 1.3061693906784058 43
1732439912009 1.306166648864746 44
1732439912083 1.3686667680740356 45
1732439912254 1.3061660528182983 46
1732439912313 1.368669033050537 47
1732439912421 1.3686662912368774 48
1732439912489 1.1811702251434326 49
1732439912688 1.243668556213379 50
1732439912749 1.3061671257019043 51
1732439912825 1.3686670064926147 52
1732439912889 1.6186630725860596 53
1732439913078 1.3686673641204834 54
1732439913168 1.2770010232925415 55
1732439915238 1.4311649799346924 0
1732439915292 1.431166172027588 1
1732439915341 1.4936645030975342 2
1732439915396 1.1811704635620117 3
1732439915559 1.493666648864746 4
1732439915668 1.3686671257019043 5
1732439915726 1.3061646223068237 6
1732439915779 1.3061673641204834 7
1732439915923 1.3061699867248535 8
1732439916133 1.2436659336090088 9
1732439916189 1.3686658143997192 10
1732439916242 1.3686662912368774 11
1732439916302 1.3686652183532715 12
1732439916532 1.0561728477478027 13
1732439916587 1.4311643838882446 14
1732439916635 1.3061667680740356 15
1732439916736 1.4311652183532715 16
1732439916911 1.3061695098876953 17
1732439916981 1.4936668872833252 18
1732439917053 1.4311662912368774 19
1732439917158 1.4311673641204834 20
1732439917338 1.2436671257019043 21
1732439917394 1.2436686754226685 22
1732439917501 1.1186721324920654 23
1732439917568 1.3686652183532715 24
1732439917731 1.306166410446167 25
1732439917791 1.3686676025390625 26
1732439917921 1.5561643838882446 27
1732439918030 1.3061697483062744 28
1732439918157 1.3061689138412476 29
1732439918215 1.4311671257019043 30
1732439918315 1.181171178817749 31
1732439918403 1.493666410446167 32
1732439918535 1.3686681985855103 33
1732439918590 1.4936667680740356 34
1732439918709 1.3686686754226685 35
1732439918783 1.368666648864746 36
1732439918944 1.1811708211898804 37
1732439919002 1.368665337562561 38
1732439919064 1.2436686754226685 39
1732439919269 1.1186699867248535 40
1732439919353 1.1811714172363281 41
1732439919418 1.2436699867248535 42
1732439919513 1.243669033050537 43
1732439919714 1.1811705827713013 44
1732439919770 1.2436689138412476 45
1732439919824 1.1186721324920654 46
1732439919885 1.3061692714691162 47
1732439920169 1.2436704635620117 48
1732439920233 1.3061676025390625 49
1732439920286 1.3686673641204834 50
1732439920344 1.243668556213379 51
1732439920581 1.3061702251434326 52
1732439920637 1.49366295337677 53
1732439920690 1.4936655759811401 54
1732439920759 1.3436640501022339 55
1732439922831 1.3061676025390625 0
1732439922888 1.4936652183532715 1
1732439922939 1.368666648864746 2
1732439922989 1.3686684370040894 3
1732439923206 1.3686673641204834 4
1732439923272 1.306166410446167 5
1732439923321 1.3061673641204834 6
1732439923368 1.3061692714691162 7
1732439923588 1.5561633110046387 8
1732439923692 1.1811684370040894 9
1732439923746 1.5561610460281372 10
1732439923799 1.3061668872833252 11
1732439923990 1.11867356300354 12
1732439924092 1.3061660528182983 13
1732439924144 1.306170105934143 14
1732439924193 1.3061699867248535 15
1732439924401 1.4311635494232178 16
1732439924512 1.1811716556549072 17
1732439924568 1.4311647415161133 18
1732439924624 1.11867094039917 19
1732439924852 1.368665099143982 20
1732439924952 1.1811683177947998 21
1732439925005 1.3061671257019043 22
1732439925059 1.4311668872833252 23
1732439925277 1.4311668872833252 24
1732439925383 1.3686681985855103 25
1732439925440 1.1186715364456177 26
1732439925500 1.1811715364456177 27
1732439925634 1.3061659336090088 28
1732439925789 1.306166648864746 29
1732439925854 1.2436678409576416 30
1732439925913 1.4936652183532715 31
1732439926017 1.4936634302139282 32
1732439926216 1.243668794631958 33
1732439926280 1.2436693906784058 34
1732439926341 1.3061697483062744 35
1732439926411 1.4936652183532715 36
1732439926615 1.431166172027588 37
1732439926674 1.2436699867248535 38
1732439926733 1.2436678409576416 39
1732439926858 1.243666172027588 40
1732439927056 1.368668556213379 41
1732439927115 1.4311671257019043 42
1732439927176 1.3061681985855103 43
1732439927229 1.3061692714691162 44
1732439927471 1.4311637878417969 45
1732439927543 1.431165099143982 46
1732439927596 1.2436693906784058 47
1732439927650 1.4311635494232178 48
1732439927904 1.243668556213379 49
1732439927968 1.3061702251434326 50
1732439928021 1.4311665296554565 51
1732439928079 1.3061704635620117 52
1732439928306 1.1186716556549072 53
1732439928360 1.3061668872833252 54
1732439928428 1.3436692953109741 55
1732439930412 1.2436659336090088 0
1732439930471 1.1811702251434326 1
1732439930525 1.431167483329773 2
1732439930574 1.3061697483062744 3
1732439930829 1.3686625957489014 4
1732439930890 1.6186633110046387 5
1732439930943 1.431167483329773 6
1732439930991 1.368666410446167 7
1732439931201 1.4311665296554565 8
1732439931258 1.2436699867248535 9
1732439931310 1.4311658143997192 10
1732439931359 1.4311656951904297 11
1732439931584 1.3686662912368774 12
1732439931650 1.2436699867248535 13
1732439931698 1.1811705827713013 14
1732439931745 1.2436693906784058 15
1732439932041 1.1811692714691162 16
1732439932094 1.1811680793762207 17
1732439932144 1.3061692714691162 18
1732439932200 1.3061684370040894 19
1732439932433 1.3061683177947998 20
1732439932486 1.306168556213379 21
1732439932535 1.3061692714691162 22
1732439932585 1.0561740398406982 23
1732439932838 1.4311659336090088 24
1732439932883 1.3686645030975342 25
1732439932939 1.118672490119934 26
1732439932991 1.556165099143982 27
1732439933181 1.3061676025390625 28
1732439933243 1.3061681985855103 29
1732439933294 1.3061656951904297 30
1732439933340 1.1811702251434326 31
1732439933640 1.306170105934143 32
1732439933692 1.243668556213379 33
1732439933745 1.243671178817749 34
1732439933793 1.1186716556549072 35
1732439934037 1.4936628341674805 36
1732439934092 1.431165337562561 37
1732439934140 1.3061625957489014 38
1732439934190 1.493666410446167 39
1732439934393 1.4936637878417969 40
1732439934460 1.306162714958191 41
1732439934524 1.4311659336090088 42
1732439934573 1.1811695098876953 43
1732439934793 1.36866295337677 44
1732439934870 1.4936646223068237 45
1732439934924 1.306166648864746 46
1732439934976 1.3686680793762207 47
1732439935142 1.3686659336090088 48
1732439935296 1.306168794631958 49
1732439935359 1.368669033050537 50
1732439935421 1.368666410446167 51
1732439935498 1.431168794631958 52
1732439935785 1.118672490119934 53
1732439935836 1.3686647415161133 54
1732439935905 1.3436667919158936 55
