1732441476762 0.0 3
1732441477218 0.0 7
1732441477670 0.0 11
1732441478089 0.0 15
1732441478543 0.0 19
1732441478960 0.0 23
1732441479386 0.0 27
1732441479774 0.0 31
1732441480200 0.0 35
1732441480659 0.0 39
1732441481053 0.0 43
1732441481505 0.0 47
1732441481873 0.0 51
1732441482279 0.0 55
1732441483849 0.0 55
1732441483871 0.0 55
1732441484700 1.0 59
1732441484965 1.0 63
1732441485354 1.0 67
1732441485785 1.0 71
1732441486232 1.0 75
1732441486633 1.0 79
1732441487054 1.0 83
1732441487432 1.0 87
1732441487874 1.0 91
1732441488373 1.0 95
1732441488743 1.0 99
1732441489116 1.0 103
1732441489536 1.0 107
1732441489896 1.0 111
1732441491403 1.0 111
1732441491424 1.0 111
1732441492162 2.0 115
1732441492489 2.0 119
1732441492907 2.0 123
1732441493336 2.0 127
1732441493733 2.0 131
1732441494159 2.0 135
1732441494524 2.0 139
1732441494930 2.0 143
1732441495336 2.0 147
1732441495721 2.0 151
1732441496191 2.0 155
1732441496640 2.0 159
1732441497094 2.0 163
1732441497441 2.0 167
1732441499099 2.0 167
1732441499122 2.0 167
1732441499769 3.0 171
1732441500143 3.0 175
1732441500580 3.0 179
1732441500979 3.0 183
1732441501372 3.0 187
1732441501763 3.0 191
1732441502190 3.0 195
1732441502562 3.0 199
1732441503026 3.0 203
1732441503424 3.0 207
1732441503834 3.0 211
1732441504312 3.0 215
1732441504655 3.0 219
1732441505067 3.0 223
1732441506664 3.0 223
1732441506686 3.0 223
1732441507344 4.0 227
1732441507748 4.0 231
1732441508148 4.0 235
1732441508586 4.0 239
1732441508956 4.0 243
1732441509373 4.0 247
1732441509759 4.0 251
1732441510143 4.0 255
1732441510535 4.0 259
1732441510967 4.0 263
1732441511363 4.0 267
1732441511783 4.0 271
1732441512220 4.0 275
1732441512660 4.0 279
1732441514248 4.0 279
1732441514269 4.0 279
1732441514887 5.0 283
1732441515301 5.0 287
1732441515738 5.0 291
1732441516204 5.0 295
1732441516641 5.0 299
1732441517015 5.0 303
1732441517446 5.0 307
1732441517856 5.0 311
1732441518249 5.0 315
1732441518665 5.0 319
1732441519044 5.0 323
1732441519439 5.0 327
1732441519833 5.0 331
1732441520225 5.0 335
1732441521647 5.0 335
1732441521671 5.0 335
1732441522335 6.0 339
1732441522680 6.0 343
1732441523087 6.0 347
1732441523534 6.0 351
1732441523971 6.0 355
1732441524424 6.0 359
1732441524803 6.0 363
1732441525200 6.0 367
1732441525554 6.0 371
1732441525899 6.0 375
1732441526349 6.0 379
1732441526795 6.0 383
1732441527213 6.0 387
1732441527612 6.0 391
1732441529022 6.0 391
1732441529042 6.0 391
1732441529621 7.0 395
1732441530060 7.0 399
1732441530535 7.0 403
1732441530942 7.0 407
1732441531294 7.0 411
1732441531696 7.0 415
1732441532086 7.0 419
1732441532531 7.0 423
1732441532945 7.0 427
1732441533403 7.0 431
1732441533818 7.0 435
1732441534201 7.0 439
1732441534723 7.0 443
1732441535100 7.0 447
1732441536529 7.0 447
1732441536549 7.0 447
1732441537241 8.0 451
1732441537620 8.0 455
1732441538028 8.0 459
1732441538374 8.0 463
1732441538854 8.0 467
1732441539268 8.0 471
1732441539685 8.0 475
1732441540058 8.0 479
1732441540519 8.0 483
1732441540877 8.0 487
1732441541345 8.0 491
1732441541756 8.0 495
1732441542130 8.0 499
1732441542543 8.0 503
1732441543963 8.0 503
1732441543985 8.0 503
1732441544608 9.0 507
1732441545011 9.0 511
1732441545450 9.0 515
1732441545868 9.0 519
1732441546263 9.0 523
1732441546667 9.0 527
1732441547069 9.0 531
1732441547485 9.0 535
1732441547877 9.0 539
1732441548287 9.0 543
1732441548716 9.0 547
1732441549140 9.0 551
1732441549509 9.0 555
1732441549946 9.0 559
1732441551400 9.0 559
1732441551423 9.0 559
1732441552098 10.0 563
1732441552481 10.0 567
1732441552915 10.0 571
1732441553333 10.0 575
1732441553730 10.0 579
1732441554185 10.0 583
1732441554599 10.0 587
1732441555014 10.0 591
1732441555460 10.0 595
1732441555911 10.0 599
1732441556347 10.0 603
1732441556761 10.0 607
1732441557145 10.0 611
1732441557582 10.0 615
1732441559093 10.0 615
1732441559113 10.0 615
1732441559782 11.0 619
1732441560143 11.0 623
1732441560552 11.0 627
1732441561030 11.0 631
1732441561428 11.0 635
1732441561844 11.0 639
1732441562292 11.0 643
1732441562732 11.0 647
1732441563130 11.0 651
1732441563513 11.0 655
1732441563950 11.0 659
1732441564352 11.0 663
1732441564812 11.0 667
1732441565231 11.0 671
1732441566854 11.0 671
1732441566880 11.0 671
1732441567543 12.0 675
1732441567920 12.0 679
1732441568400 12.0 683
1732441568800 12.0 687
1732441569273 12.0 691
1732441569693 12.0 695
1732441570135 12.0 699
1732441570534 12.0 703
1732441570969 12.0 707
1732441571390 12.0 711
1732441571825 12.0 715
1732441572230 12.0 719
1732441572630 12.0 723
1732441573036 12.0 727
1732441574615 12.0 727
1732441574640 12.0 727
1732441575320 13.0 731
1732441575830 13.0 735
1732441576268 13.0 739
1732441576681 13.0 743
1732441577150 13.0 747
1732441577493 13.0 751
1732441577943 13.0 755
1732441578331 13.0 759
1732441578709 13.0 763
1732441579156 13.0 767
1732441579569 13.0 771
1732441579955 13.0 775
1732441580460 13.0 779
1732441580821 13.0 783
1732441582353 13.0 783
1732441582377 13.0 783
1732441582981 14.0 787
1732441583364 14.0 791
1732441583808 14.0 795
1732441584241 14.0 799
1732441584638 14.0 803
1732441585100 14.0 807
1732441585525 14.0 811
1732441585941 14.0 815
1732441586362 14.0 819
1732441586780 14.0 823
1732441587158 14.0 827
1732441587593 14.0 831
1732441588011 14.0 835
1732441588406 14.0 839
1732441589913 14.0 839
1732441589934 14.0 839
1732441590576 15.0 843
1732441590959 15.0 847
1732441591355 15.0 851
1732441591880 15.0 855
1732441592245 15.0 859
1732441592643 15.0 863
1732441593047 15.0 867
1732441593444 15.0 871
1732441593845 15.0 875
1732441594260 15.0 879
1732441594645 15.0 883
1732441595051 15.0 887
1732441595490 15.0 891
1732441595947 15.0 895
1732441597424 15.0 895
1732441597448 15.0 895
1732441598092 16.0 899
1732441598492 16.0 903
1732441598922 16.0 907
1732441599335 16.0 911
1732441599761 16.0 915
1732441600175 16.0 919
1732441600584 16.0 923
1732441600988 16.0 927
1732441601366 16.0 931
1732441601831 16.0 935
1732441602248 16.0 939
1732441602599 16.0 943
1732441602974 16.0 947
1732441603414 16.0 951
1732441604909 16.0 951
1732441604933 16.0 951
1732441605544 17.0 955
1732441606008 17.0 959
1732441606474 17.0 963
1732441606891 17.0 967
1732441607344 17.0 971
1732441607711 17.0 975
1732441608129 17.0 979
1732441608553 17.0 983
1732441608910 17.0 987
1732441609288 17.0 991
1732441609706 17.0 995
1732441610154 17.0 999
1732441610594 17.0 1003
1732441611002 17.0 1007
1732441612454 17.0 1007
1732441612475 17.0 1007
1732441613163 18.0 1011
1732441613609 18.0 1015
1732441613984 18.0 1019
1732441614392 18.0 1023
1732441614820 18.0 1027
1732441615251 18.0 1031
1732441615609 18.0 1035
1732441616049 18.0 1039
1732441616435 18.0 1043
1732441616835 18.0 1047
1732441617261 18.0 1051
1732441617741 18.0 1055
1732441618127 18.0 1059
1732441618530 18.0 1063
1732441619972 18.0 1063
1732441619992 18.0 1063
1732441620656 19.0 1067
1732441621030 19.0 1071
1732441621411 19.0 1075
1732441621806 19.0 1079
1732441622234 19.0 1083
1732441622652 19.0 1087
1732441623017 19.0 1091
1732441623434 19.0 1095
1732441623875 19.0 1099
1732441624281 19.0 1103
1732441624743 19.0 1107
1732441625144 19.0 1111
1732441625512 19.0 1115
1732441625935 19.0 1119
1732441627384 19.0 1119
1732441627407 19.0 1119
