1732441476399 1.4074103832244873 0
1732441476615 1.3686683177947998 1
1732441476680 1.1811683177947998 2
1732441476749 1.2436683177947998 3
1732441477008 1.3061683177947998 4
1732441477069 1.4311683177947998 5
1732441477132 1.1186683177947998 6
1732441477201 1.4311683177947998 7
1732441477462 1.3061683177947998 8
1732441477525 1.4311683177947998 9
1732441477586 1.4311683177947998 10
1732441477651 1.3686681985855103 11
1732441477898 1.3061683177947998 12
1732441477959 1.5561683177947998 13
1732441478014 1.5561683177947998 14
1732441478078 1.3686683177947998 15
1732441478358 1.3686683177947998 16
1732441478412 1.3686683177947998 17
1732441478463 1.1811683177947998 18
1732441478531 1.3686683177947998 19
1732441478777 1.1811683177947998 20
1732441478835 1.3061683177947998 21
1732441478890 1.3061683177947998 22
1732441478948 1.1186683177947998 23
1732441479196 1.1186683177947998 24
1732441479254 1.4311683177947998 25
1732441479309 1.3061683177947998 26
1732441479371 1.3686683177947998 27
1732441479572 1.2436683177947998 28
1732441479630 1.4311683177947998 29
1732441479688 1.1811683177947998 30
1732441479758 1.3061683177947998 31
1732441480009 1.1811683177947998 32
1732441480063 1.3686683177947998 33
1732441480113 1.3061683177947998 34
1732441480187 1.3061683177947998 35
1732441480455 1.2436683177947998 36
1732441480516 1.3686683177947998 37
1732441480578 1.3686683177947998 38
1732441480642 1.2436683177947998 39
1732441480868 1.3061683177947998 40
1732441480932 1.3061683177947998 41
1732441480986 1.4311683177947998 42
1732441481043 1.4936683177947998 43
1732441481309 1.3061683177947998 44
1732441481370 1.1186683177947998 45
1732441481434 1.1811683177947998 46
1732441481493 1.3686683177947998 47
1732441481674 1.4311681985855103 48
1732441481728 1.3686683177947998 49
1732441481786 1.3686683177947998 50
1732441481857 1.3686683177947998 51
1732441482054 1.4936683177947998 52
1732441482106 1.5561683177947998 53
1732441482151 1.3686683177947998 54
1732441482241 1.2103348970413208 55
1732441484491 1.3686683177947998 0
1732441484554 1.3061683177947998 1
1732441484617 1.3686683177947998 2
1732441484688 1.4311683177947998 3
1732441484780 1.1811683177947998 4
1732441484838 1.2436683177947998 5
1732441484891 1.3061683177947998 6
1732441484951 1.4936683177947998 7
1732441485138 1.5561683177947998 8
1732441485200 1.4936683177947998 9
1732441485292 1.2436683177947998 10
1732441485344 1.3061683177947998 11
1732441485500 1.5561683177947998 12
1732441485624 1.4311683177947998 13
1732441485718 1.1811683177947998 14
1732441485773 1.4311683177947998 15
1732441485929 1.1811683177947998 16
1732441486051 1.3061683177947998 17
1732441486163 1.1811683177947998 18
1732441486219 1.4311683177947998 19
1732441486351 1.3686683177947998 20
1732441486434 1.1811683177947998 21
1732441486562 1.2436683177947998 22
1732441486620 1.3061683177947998 23
1732441486780 1.0561683177947998 24
1732441486839 1.4311683177947998 25
1732441486976 1.4311683177947998 26
1732441487039 1.3061683177947998 27
1732441487210 1.2436683177947998 28
1732441487268 1.3061683177947998 29
1732441487359 1.4311683177947998 30
1732441487418 1.2436683177947998 31
1732441487555 1.4311683177947998 32
1732441487739 1.3686683177947998 33
1732441487795 1.2436683177947998 34
1732441487855 1.3061683177947998 35
1732441487929 1.5561683177947998 36
1732441488236 1.3061683177947998 37
1732441488290 1.3686683177947998 38
1732441488353 1.3686683177947998 39
1732441488414 1.4936683177947998 40
1732441488606 1.4311683177947998 41
1732441488665 1.4311683177947998 42
1732441488730 1.2436683177947998 43
1732441488801 1.0561683177947998 44
1732441488982 1.3686683177947998 45
1732441489035 1.1811683177947998 46
1732441489102 1.3686683177947998 47
1732441489254 1.4311683177947998 48
1732441489405 1.3061683177947998 49
1732441489463 1.0561683177947998 50
1732441489525 1.4311683177947998 51
1732441489707 1.1186683177947998 52
1732441489784 1.3061683177947998 53
1732441489836 1.5561683177947998 54
1732441489885 1.010334849357605 55
1732441491957 1.3061683177947998 0
1732441492017 1.4936683177947998 1
1732441492080 1.3061683177947998 2
1732441492144 1.1186683177947998 3
1732441492321 1.3686683177947998 4
1732441492374 1.3686683177947998 5
1732441492423 1.2436683177947998 6
1732441492476 1.2436683177947998 7
1732441492733 1.3686683177947998 8
1732441492795 1.3686683177947998 9
1732441492845 1.2436683177947998 10
1732441492896 1.3061683177947998 11
1732441493114 1.4311683177947998 12
1732441493172 1.3061683177947998 13
1732441493264 1.3061683177947998 14
1732441493320 1.3061683177947998 15
1732441493546 1.3686683177947998 16
1732441493606 1.4936683177947998 17
1732441493670 1.2436683177947998 18
1732441493721 1.4936683177947998 19
1732441493975 1.2436683177947998 20
1732441494031 1.3686683177947998 21
1732441494082 1.4311683177947998 22
1732441494145 1.3686683177947998 23
1732441494354 1.6186683177947998 24
1732441494410 1.1811683177947998 25
1732441494460 1.4936683177947998 26
1732441494513 1.3686683177947998 27
1732441494759 1.4311683177947998 28
1732441494817 1.2436683177947998 29
1732441494869 1.4311683177947998 30
1732441494919 1.3686683177947998 31
1732441495156 1.2436683177947998 32
1732441495216 1.2436683177947998 33
1732441495266 1.2436683177947998 34
1732441495320 1.4311683177947998 35
1732441495523 1.3686683177947998 36
1732441495606 1.1186683177947998 37
1732441495658 1.2436683177947998 38
1732441495707 1.2436683177947998 39
1732441496007 1.1811683177947998 40
1732441496067 1.2436683177947998 41
1732441496114 1.2436683177947998 42
1732441496175 1.4311683177947998 43
1732441496409 1.3686683177947998 44
1732441496520 1.1811683177947998 45
1732441496576 1.3686683177947998 46
1732441496627 1.3061683177947998 47
1732441496774 1.4936683177947998 48
1732441496966 1.3061683177947998 49
1732441497019 1.3686683177947998 50
1732441497079 1.5561683177947998 51
1732441497218 1.1186683177947998 52
1732441497334 1.1811683177947998 53
1732441497386 1.2436683177947998 54
1732441497431 1.3436682224273682 55
1732441499570 1.4311683177947998 0
1732441499631 1.3061683177947998 1
1732441499691 1.4936683177947998 2
1732441499755 1.4311683177947998 3
1732441499961 1.3061683177947998 4
1732441500026 1.3061683177947998 5
1732441500080 1.4936683177947998 6
1732441500132 1.4311683177947998 7
1732441500396 1.3061683177947998 8
1732441500457 1.3686683177947998 9
1732441500511 1.3061683177947998 10
1732441500566 1.1811683177947998 11
1732441500804 1.2436683177947998 12
1732441500858 1.4311683177947998 13
1732441500911 1.2436683177947998 14
1732441500960 1.3686683177947998 15
1732441501195 1.1811683177947998 16
1732441501250 1.3686683177947998 17
1732441501309 1.3686683177947998 18
1732441501360 1.1811683177947998 19
1732441501583 1.3686683177947998 20
1732441501647 1.1186683177947998 21
1732441501701 1.3061683177947998 22
1732441501753 1.3686683177947998 23
1732441501983 1.3686683177947998 24
1732441502048 1.4311683177947998 25
1732441502120 1.3686683177947998 26
1732441502174 1.3686683177947998 27
1732441502380 1.4311683177947998 28
1732441502439 1.0561683177947998 29
1732441502504 1.3686683177947998 30
1732441502553 1.1186683177947998 31
1732441502855 1.1811683177947998 32
1732441502906 1.2436683177947998 33
1732441502959 1.4311683177947998 34
1732441503017 1.4936683177947998 35
1732441503245 1.3061683177947998 36
1732441503302 1.4311683177947998 37
1732441503353 1.3686683177947998 38
1732441503411 1.2436683177947998 39
1732441503597 1.5561683177947998 40
1732441503664 1.3061683177947998 41
1732441503769 1.3686683177947998 42
1732441503824 1.2436683177947998 43
1732441504023 1.0561683177947998 44
1732441504079 1.4936683177947998 45
1732441504231 1.4311683177947998 46
1732441504293 1.4311683177947998 47
1732441504428 1.1811683177947998 48
1732441504481 1.3686683177947998 49
1732441504584 1.4311683177947998 50
1732441504641 1.3061683177947998 51
1732441504853 1.3686683177947998 52
1732441504908 1.2436683177947998 53
1732441504999 1.1186683177947998 54
1732441505054 1.2770017385482788 55
1732441507164 1.3686683177947998 0
1732441507218 1.4936683177947998 1
1732441507273 1.3686683177947998 2
1732441507330 1.4311683177947998 3
1732441507566 1.2436683177947998 4
1732441507619 1.2436683177947998 5
1732441507675 1.2436683177947998 6
1732441507731 1.3061683177947998 7
1732441507971 1.0561683177947998 8
1732441508024 1.4936683177947998 9
1732441508074 1.4311683177947998 10
1732441508131 1.2436683177947998 11
1732441508395 1.3061683177947998 12
1732441508453 1.1811683177947998 13
1732441508502 1.4311683177947998 14
1732441508570 1.3061683177947998 15
1732441508785 1.3686683177947998 16
1732441508845 1.2436683177947998 17
1732441508893 1.4936683177947998 18
1732441508944 1.4936683177947998 19
1732441509203 1.5561683177947998 20
1732441509258 1.3686683177947998 21
1732441509308 1.3061683177947998 22
1732441509359 1.3061683177947998 23
1732441509577 1.4936683177947998 24
1732441509635 1.3061683177947998 25
1732441509686 1.3686683177947998 26
1732441509743 1.4311683177947998 27
1732441509965 1.3061683177947998 28
1732441510027 1.1811683177947998 29
1732441510076 1.3686683177947998 30
1732441510131 1.4311683177947998 31
1732441510368 1.3686683177947998 32
1732441510424 1.3061683177947998 33
1732441510473 1.1811683177947998 34
1732441510524 1.4311683177947998 35
1732441510793 1.4311683177947998 36
1732441510847 1.1811683177947998 37
1732441510896 1.3686683177947998 38
1732441510956 1.3686683177947998 39
1732441511174 1.2436683177947998 40
1732441511234 1.0561683177947998 41
1732441511289 1.2436683177947998 42
1732441511354 1.3686683177947998 43
1732441511599 1.3061683177947998 44
1732441511660 1.1811683177947998 45
1732441511717 1.3686683177947998 46
1732441511773 1.2436683177947998 47
1732441512042 1.2436683177947998 48
1732441512100 1.3686683177947998 49
1732441512158 1.2436683177947998 50
1732441512209 1.3061683177947998 51
1732441512462 1.1811683177947998 52
1732441512528 1.3061683177947998 53
1732441512581 1.4936683177947998 54
1732441512646 1.3436683416366577 55
1732441514723 1.5561683177947998 0
1732441514777 1.1811683177947998 1
1732441514826 1.2436683177947998 2
1732441514878 1.1811683177947998 3
1732441515104 1.4936683177947998 4
1732441515169 1.3061683177947998 5
1732441515228 1.1186683177947998 6
1732441515286 1.1186683177947998 7
1732441515545 0.9311683177947998 8
1732441515609 1.3686683177947998 9
1732441515677 1.4311683177947998 10
1732441515727 1.3686683177947998 11
1732441516025 1.1811683177947998 12
1732441516081 1.2436683177947998 13
1732441516129 1.3061683177947998 14
1732441516188 1.3686683177947998 15
1732441516466 1.1811683177947998 16
1732441516521 1.3686683177947998 17
1732441516576 1.3686683177947998 18
1732441516631 1.2436683177947998 19
1732441516824 1.3686683177947998 20
1732441516888 1.6186683177947998 21
1732441516939 1.3686683177947998 22
1732441516995 1.2436683177947998 23
1732441517200 1.1186683177947998 24
1732441517258 1.1186683177947998 25
1732441517368 1.3061683177947998 26
1732441517430 1.4311683177947998 27
1732441517551 1.2436683177947998 28
1732441517601 1.3061683177947998 29
1732441517780 1.3686683177947998 30
1732441517840 1.3061683177947998 31
1732441517955 1.4311683177947998 32
1732441518006 1.3061683177947998 33
1732441518172 1.3686683177947998 34
1732441518237 1.3061683177947998 35
1732441518346 1.2436683177947998 36
1732441518403 1.2436683177947998 37
1732441518592 1.4311683177947998 38
1732441518653 1.6186683177947998 39
1732441518749 1.3061683177947998 40
1732441518800 1.3686683177947998 41
1732441518972 1.4936683177947998 42
1732441519030 1.2436683177947998 43
1732441519150 1.6186683177947998 44
1732441519211 1.2436683177947998 45
1732441519362 1.3686683177947998 46
1732441519422 1.3686683177947998 47
1732441519515 1.6186683177947998 48
1732441519666 1.3686683177947998 49
1732441519764 1.2436683177947998 50
1732441519822 1.3061683177947998 51
1732441519874 1.3686683177947998 52
1732441520060 1.3061683177947998 53
1732441520160 1.4311683177947998 54
1732441520214 1.3436683416366577 55
1732441522138 1.1811683177947998 0
1732441522208 1.3686683177947998 1
1732441522260 1.4311683177947998 2
1732441522315 1.4936683177947998 3
1732441522516 1.2436683177947998 4
1732441522569 1.3061683177947998 5
1732441522619 1.1811683177947998 6
1732441522670 1.3686683177947998 7
1732441522916 1.3686683177947998 8
1732441522974 1.4311683177947998 9
1732441523025 1.3686683177947998 10
1732441523077 1.1186683177947998 11
1732441523366 1.3061683177947998 12
1732441523418 1.4311683177947998 13
1732441523471 1.3061683177947998 14
1732441523525 1.4936683177947998 15
1732441523790 1.2436683177947998 16
1732441523849 1.3686683177947998 17
1732441523901 1.3061683177947998 18
1732441523953 1.1811683177947998 19
1732441524225 1.3686683177947998 20
1732441524289 1.3686683177947998 21
1732441524344 1.2436683177947998 22
1732441524404 1.5561683177947998 23
1732441524616 1.2436683177947998 24
1732441524678 1.3686683177947998 25
1732441524732 1.3686683177947998 26
1732441524788 1.4311683177947998 27
1732441525023 1.3686683177947998 28
1732441525086 1.4936683177947998 29
1732441525136 1.3686683177947998 30
1732441525189 1.3686683177947998 31
1732441525372 1.1811683177947998 32
1732441525431 1.3061683177947998 33
1732441525485 1.2436683177947998 34
1732441525536 1.1811683177947998 35
1732441525702 1.6186683177947998 36
1732441525778 1.1186683177947998 37
1732441525831 1.4311683177947998 38
1732441525884 1.3061683177947998 39
1732441526173 1.2436683177947998 40
1732441526230 1.3061683177947998 41
1732441526280 1.1811683177947998 42
1732441526332 1.5561683177947998 43
1732441526619 1.0561683177947998 44
1732441526674 1.4311683177947998 45
1732441526721 1.3061683177947998 46
1732441526779 1.3686683177947998 47
1732441527043 1.1811683177947998 48
1732441527099 1.1811683177947998 49
1732441527153 1.2436683177947998 50
1732441527204 1.4311683177947998 51
1732441527435 1.4936683177947998 52
1732441527496 1.3686683177947998 53
1732441527546 1.4311683177947998 54
1732441527600 1.077001690864563 55
1732441529446 1.3061683177947998 0
1732441529505 1.3686683177947998 1
1732441529557 1.3686683177947998 2
1732441529609 1.3686683177947998 3
1732441529885 1.1811683177947998 4
1732441529942 1.1186683177947998 5
1732441529991 1.3686683177947998 6
1732441530043 1.1811683177947998 7
1732441530264 1.4311683177947998 8
1732441530411 1.1186683177947998 9
1732441530466 1.3061683177947998 10
1732441530524 1.1811683177947998 11
1732441530629 1.3686683177947998 12
1732441530815 1.4936681985855103 13
1732441530871 1.3686683177947998 14
1732441530927 1.2436683177947998 15
1732441531040 1.3061683177947998 16
1732441531171 1.4936683177947998 17
1732441531226 1.1811683177947998 18
1732441531280 1.3061683177947998 19
1732441531487 1.4311683177947998 20
1732441531575 1.3686683177947998 21
1732441531627 1.2436683177947998 22
1732441531678 1.4311683177947998 23
1732441531885 1.1186683177947998 24
1732441531971 1.3061683177947998 25
1732441532020 1.3686683177947998 26
1732441532076 1.4936683177947998 27
1732441532333 1.3061683177947998 28
1732441532397 1.3686683177947998 29
1732441532459 1.4936683177947998 30
1732441532517 1.2436683177947998 31
1732441532766 1.2436683177947998 32
1732441532828 1.1811683177947998 33
1732441532880 1.3686683177947998 34
1732441532935 1.3686683177947998 35
1732441533227 1.3061683177947998 36
1732441533283 1.3686683177947998 37
1732441533331 1.6186683177947998 38
1732441533385 1.4936683177947998 39
1732441533636 1.1811683177947998 40
1732441533686 1.2436683177947998 41
1732441533744 1.4311683177947998 42
1732441533803 1.1811683177947998 43
1732441534009 1.3686683177947998 44
1732441534087 1.4311683177947998 45
1732441534136 1.4311683177947998 46
1732441534188 1.3686683177947998 47
1732441534407 1.3061683177947998 48
1732441534564 1.1811683177947998 49
1732441534639 1.2436683177947998 50
1732441534705 1.3686683177947998 51
1732441534801 1.3686683177947998 52
1732441534980 1.3061683177947998 53
1732441535035 1.3686683177947998 54
1732441535088 1.3436683416366577 55
1732441537057 1.1811683177947998 0
1732441537113 1.3061683177947998 1
1732441537167 1.2436683177947998 2
1732441537229 1.4936683177947998 3
1732441537459 1.3686683177947998 4
1732441537512 1.3061683177947998 5
1732441537561 1.1811683177947998 6
1732441537611 1.3061683177947998 7
1732441537859 1.4311683177947998 8
1732441537913 1.4311683177947998 9
1732441537962 1.2436683177947998 10
1732441538017 0.993668258190155 11
1732441538200 1.3686683177947998 12
1732441538262 1.2436683177947998 13
1732441538312 1.2436683177947998 14
1732441538365 1.3061683177947998 15
1732441538677 1.1811683177947998 16
1732441538731 1.2436683177947998 17
1732441538783 1.1811683177947998 18
1732441538835 1.5561683177947998 19
1732441539096 1.2436683177947998 20
1732441539151 1.4936683177947998 21
1732441539203 1.2436683177947998 22
1732441539254 1.4311683177947998 23
1732441539499 1.4311683177947998 24
1732441539554 1.2436683177947998 25
1732441539615 1.3061683177947998 26
1732441539670 1.4311683177947998 27
1732441539876 1.4936683177947998 28
1732441539941 1.3061683177947998 29
1732441539997 1.2436683177947998 30
1732441540047 1.4311683177947998 31
1732441540334 1.1811683177947998 32
1732441540389 1.3061683177947998 33
1732441540448 1.3061683177947998 34
1732441540503 1.2436683177947998 35
1732441540709 1.4311683177947998 36
1732441540765 1.4936683177947998 37
1732441540816 1.2436683177947998 38
1732441540865 1.4311683177947998 39
1732441541158 1.4311683177947998 40
1732441541211 1.1186683177947998 41
1732441541270 1.2436683177947998 42
1732441541327 1.3686681985855103 43
1732441541576 1.3061683177947998 44
1732441541633 1.3061683177947998 45
1732441541684 1.4311683177947998 46
1732441541743 1.3686683177947998 47
1732441541958 1.3061683177947998 48
1732441542017 1.4311683177947998 49
1732441542065 1.4311683177947998 50
1732441542119 1.4311683177947998 51
1732441542370 1.4311683177947998 52
1732441542425 1.3061683177947998 53
1732441542478 1.1811683177947998 54
1732441542530 1.477001667022705 55
1732441544386 1.1811683177947998 0
1732441544467 1.4311683177947998 1
1732441544524 1.2436683177947998 2
1732441544591 1.1186683177947998 3
1732441544756 1.3686681985855103 4
1732441544887 1.3686683177947998 5
1732441544946 1.3686683177947998 6
1732441545000 1.2436683177947998 7
1732441545215 1.2436683177947998 8
1732441545318 1.2436683177947998 9
1732441545380 1.4311683177947998 10
1732441545436 1.3061683177947998 11
1732441545634 1.4311683177947998 12
1732441545711 1.6186683177947998 13
1732441545771 1.3061683177947998 14
1732441545851 1.2436683177947998 15
1732441546068 0.9936683177947998 16
1732441546146 1.1186683177947998 17
1732441546199 1.3686683177947998 18
1732441546252 1.4311683177947998 19
1732441546430 1.3061683177947998 20
1732441546545 1.2436683177947998 21
1732441546600 1.3061683177947998 22
1732441546657 1.1811683177947998 23
1732441546808 1.3686683177947998 24
1732441546938 1.3061681985855103 25
1732441547000 1.1811683177947998 26
1732441547058 1.1811683177947998 27
1732441547223 1.4311683177947998 28
1732441547361 1.5561683177947998 29
1732441547421 1.3686683177947998 30
1732441547475 1.3686683177947998 31
1732441547630 1.3061683177947998 32
1732441547741 1.2436683177947998 33
1732441547803 1.3061683177947998 34
1732441547866 1.3061683177947998 35
1732441548080 1.3061683177947998 36
1732441548157 1.3686683177947998 37
1732441548214 1.3061683177947998 38
1732441548276 1.3686683177947998 39
1732441548441 1.4311683177947998 40
1732441548578 1.3061683177947998 41
1732441548636 1.4311683177947998 42
1732441548691 1.5561683177947998 43
1732441548849 1.3061683177947998 44
1732441549014 1.2436683177947998 45
1732441549068 1.5561683177947998 46
1732441549125 1.3686683177947998 47
1732441549217 1.4311683177947998 48
1732441549374 1.1186683177947998 49
1732441549434 1.4936683177947998 50
1732441549499 1.2436683177947998 51
1732441549664 1.3061683177947998 52
1732441549818 1.3061683177947998 53
1732441549877 1.3686683177947998 54
1732441549932 1.477001667022705 55
1732441551913 1.4311683177947998 0
1732441551975 1.1811683177947998 1
1732441552026 1.3686683177947998 2
1732441552088 1.3686683177947998 3
1732441552300 1.6186683177947998 4
1732441552356 1.3686683177947998 5
1732441552415 1.2436683177947998 6
1732441552471 1.4311683177947998 7
1732441552709 1.2436683177947998 8
1732441552784 1.3061683177947998 9
1732441552842 1.3686683177947998 10
1732441552904 1.3061683177947998 11
1732441553102 1.3061683177947998 12
1732441553209 1.3686683177947998 13
1732441553263 1.0561683177947998 14
1732441553319 1.1811683177947998 15
1732441553529 1.4311683177947998 16
1732441553605 1.0561683177947998 17
1732441553659 1.2436683177947998 18
1732441553720 1.2436683177947998 19
1732441554005 1.2436683177947998 20
1732441554061 1.3061683177947998 21
1732441554115 1.3061683177947998 22
1732441554169 1.2436683177947998 23
1732441554398 1.3686683177947998 24
1732441554472 1.3686683177947998 25
1732441554528 1.3686683177947998 26
1732441554584 1.1811683177947998 27
1732441554828 1.3686683177947998 28
1732441554890 1.3686683177947998 29
1732441554946 1.1811683177947998 30
1732441555002 1.3061683177947998 31
1732441555186 1.4311683177947998 32
1732441555335 1.3686683177947998 33
1732441555389 1.3686683177947998 34
1732441555447 1.3686683177947998 35
1732441555549 1.3061683177947998 36
1732441555782 1.2436683177947998 37
1732441555840 1.3686683177947998 38
1732441555898 1.2436683177947998 39
1732441555954 1.3686683177947998 40
1732441556223 1.3686683177947998 41
1732441556280 1.1811683177947998 42
1732441556336 1.4936683177947998 43
1732441556398 1.4311683177947998 44
1732441556640 1.2436683177947998 45
1732441556694 1.3686683177947998 46
1732441556749 1.4311683177947998 47
1732441556810 1.2436683177947998 48
1732441557019 1.4936683177947998 49
1732441557076 1.1811683177947998 50
1732441557134 1.3686683177947998 51
1732441557193 1.4311683177947998 52
1732441557440 1.4936683177947998 53
1732441557507 1.3061683177947998 54
1732441557567 1.477001667022705 55
1732441559596 1.1811683177947998 0
1732441559653 1.6811683177947998 1
1732441559714 1.3686683177947998 2
1732441559769 1.3686683177947998 3
1732441559958 1.2436683177947998 4
1732441560018 1.4936683177947998 5
1732441560069 1.4311683177947998 6
1732441560132 1.3686683177947998 7
1732441560371 1.3686683177947998 8
1732441560430 1.3686683177947998 9
1732441560484 1.4311683177947998 10
1732441560541 1.3686683177947998 11
1732441560856 1.3686683177947998 12
1732441560914 1.1811683177947998 13
1732441560966 1.3061683177947998 14
1732441561020 1.2436683177947998 15
1732441561256 1.3061683177947998 16
1732441561313 1.3061683177947998 17
1732441561364 1.1811683177947998 18
1732441561418 1.2436683177947998 19
1732441561654 1.2436683177947998 20
1732441561715 1.3686683177947998 21
1732441561769 1.1811683177947998 22
1732441561826 1.2436683177947998 23
1732441562053 1.2436683177947998 24
1732441562111 1.3686683177947998 25
1732441562171 1.4311683177947998 26
1732441562280 1.2436683177947998 27
1732441562448 1.6186683177947998 28
1732441562510 1.1811683177947998 29
1732441562574 1.3686683177947998 30
1732441562720 1.1811683177947998 31
1732441562889 1.4311683177947998 32
1732441562946 1.4311683177947998 33
1732441562998 1.4936683177947998 34
1732441563113 1.2436683177947998 35
1732441563322 1.1811683177947998 36
1732441563385 1.4936683177947998 37
1732441563441 1.4311683177947998 38
1732441563501 1.3686683177947998 39
1732441563693 1.4936683177947998 40
1732441563753 1.4311683177947998 41
1732441563806 1.3061683177947998 42
1732441563928 1.2436683177947998 43
1732441564104 1.4936683177947998 44
1732441564161 1.4936683177947998 45
1732441564217 1.3061683177947998 46
1732441564342 1.2436683177947998 47
1732441564542 1.2436683177947998 48
1732441564601 1.1186683177947998 49
1732441564653 1.1811683177947998 50
1732441564794 1.1811683177947998 51
1732441564906 1.4936683177947998 52
1732441565089 1.1186683177947998 53
1732441565151 1.3061683177947998 54
1732441565217 1.077001690864563 55
1732441567356 1.1811683177947998 0
1732441567410 1.3061683177947998 1
1732441567467 1.3061683177947998 2
1732441567528 1.3686683177947998 3
1732441567742 1.4936683177947998 4
1732441567801 1.3686683177947998 5
1732441567851 1.2436683177947998 6
1732441567907 1.3061683177947998 7
1732441568225 1.1811683177947998 8
1732441568280 1.4311683177947998 9
1732441568331 1.3686683177947998 10
1732441568391 1.4311683177947998 11
1732441568616 1.3686683177947998 12
1732441568674 1.5561683177947998 13
1732441568734 1.3061683177947998 14
1732441568791 1.2436683177947998 15
1732441569063 1.2436683177947998 16
1732441569118 1.4311683177947998 17
1732441569197 1.4311683177947998 18
1732441569255 1.4311683177947998 19
1732441569487 1.3061683177947998 20
1732441569542 1.1186683177947998 21
1732441569625 1.3686683177947998 22
1732441569682 1.3061683177947998 23
1732441569950 1.1811683177947998 24
1732441570007 1.5561683177947998 25
1732441570059 1.4311683177947998 26
1732441570115 1.3686683177947998 27
1732441570311 1.3686683177947998 28
1732441570366 1.2436683177947998 29
1732441570467 1.1186683177947998 30
1732441570521 1.3686683177947998 31
1732441570774 1.3061683177947998 32
1732441570835 1.2436683177947998 33
1732441570901 1.2436683177947998 34
1732441570958 1.1186683177947998 35
1732441571158 1.1811683177947998 36
1732441571215 1.3061683177947998 37
1732441571310 1.2436683177947998 38
1732441571379 1.1811683177947998 39
1732441571545 1.1811683177947998 40
1732441571602 1.2436683177947998 41
1732441571749 1.3061683177947998 42
1732441571806 1.3686683177947998 43
1732441571994 1.2436683177947998 44
1732441572050 1.3061683177947998 45
1732441572166 1.2436683177947998 46
1732441572220 1.2436683177947998 47
1732441572411 1.4311683177947998 48
1732441572470 1.3686683177947998 49
1732441572549 1.4936683177947998 50
1732441572618 1.3061683177947998 51
1732441572823 1.3686683177947998 52
1732441572889 1.6186683177947998 53
1732441572940 1.5561683177947998 54
1732441573019 1.477001667022705 55
1732441575143 1.1811683177947998 0
1732441575201 1.3061683177947998 1
1732441575253 1.3686683177947998 2
1732441575307 1.3061683177947998 3
1732441575639 1.2436683177947998 4
1732441575694 1.2436683177947998 5
1732441575748 1.3686683177947998 6
1732441575818 1.4936683177947998 7
1732441576066 1.1811683177947998 8
1732441576121 1.3061683177947998 9
1732441576177 1.3061683177947998 10
1732441576254 1.4311683177947998 11
1732441576491 1.4311683177947998 12
1732441576551 1.3061683177947998 13
1732441576608 1.3061683177947998 14
1732441576670 1.3061683177947998 15
1732441576942 1.4311683177947998 16
1732441577003 1.3686681985855103 17
1732441577073 1.4936683177947998 18
1732441577136 0.9936683177947998 19
1732441577301 1.5561683177947998 20
1732441577355 1.2436683177947998 21
1732441577415 1.2436683177947998 22
1732441577478 1.3061683177947998 23
1732441577756 1.1186683177947998 24
1732441577818 1.4936683177947998 25
1732441577870 1.2436683177947998 26
1732441577933 1.3686683177947998 27
1732441578139 1.4936683177947998 28
1732441578197 1.4311683177947998 29
1732441578261 1.2436683177947998 30
1732441578319 1.1811683177947998 31
1732441578523 1.3686683177947998 32
1732441578580 1.4311683177947998 33
1732441578637 1.1811683177947998 34
1732441578698 1.3686683177947998 35
1732441578963 1.1811683177947998 36
1732441579023 1.3686683177947998 37
1732441579075 1.1811683177947998 38
1732441579136 1.1811683177947998 39
1732441579375 1.3061683177947998 40
1732441579436 1.2436683177947998 41
1732441579488 1.2436683177947998 42
1732441579555 1.3061683177947998 43
1732441579770 1.3686683177947998 44
1732441579826 1.3686683177947998 45
1732441579878 1.3061683177947998 46
1732441579937 1.6186683177947998 47
1732441580261 1.3061683177947998 48
1732441580327 1.4311683177947998 49
1732441580389 1.3061683177947998 50
1732441580448 1.3061683177947998 51
1732441580633 1.3061683177947998 52
1732441580685 1.5561683177947998 53
1732441580733 1.4311683177947998 54
1732441580807 1.3436682224273682 55
1732441582799 1.4311683177947998 0
1732441582856 1.5561683177947998 1
1732441582913 1.3686683177947998 2
1732441582969 1.5561683177947998 3
1732441583161 1.3061683177947998 4
1732441583221 1.1811683177947998 5
1732441583294 1.3686683177947998 6
1732441583353 1.2436683177947998 7
1732441583570 1.4936683177947998 8
1732441583666 1.3061683177947998 9
1732441583741 1.0561683177947998 10
1732441583795 1.3061683177947998 11
1732441583992 1.3061683177947998 12
1732441584069 1.3061683177947998 13
1732441584167 1.4311683177947998 14
1732441584223 1.4311683177947998 15
1732441584458 1.0561683177947998 16
1732441584523 1.4311683177947998 17
1732441584575 1.4936683177947998 18
1732441584629 1.4311683177947998 19
1732441584882 1.4936683177947998 20
1732441584947 1.2436683177947998 21
1732441585022 1.4311683177947998 22
1732441585081 1.2436683177947998 23
1732441585351 1.1811683177947998 24
1732441585408 1.4311683177947998 25
1732441585456 1.3686683177947998 26
1732441585515 1.4936683177947998 27
1732441585762 1.1811683177947998 28
1732441585819 1.4311683177947998 29
1732441585870 1.2436683177947998 30
1732441585927 1.2436683177947998 31
1732441586178 1.1186683177947998 32
1732441586233 1.3061683177947998 33
1732441586287 1.2436683177947998 34
1732441586351 1.3686683177947998 35
1732441586584 1.3686683177947998 36
1732441586645 1.1186683177947998 37
1732441586705 1.2436683177947998 38
1732441586764 1.3686683177947998 39
1732441586970 1.1811683177947998 40
1732441587036 1.4936683177947998 41
1732441587091 1.1186683177947998 42
1732441587144 1.2436683177947998 43
1732441587419 1.3686683177947998 44
1732441587475 1.3061683177947998 45
1732441587524 1.3061683177947998 46
1732441587582 1.3686683177947998 47
1732441587762 1.4311683177947998 48
1732441587874 1.3686683177947998 49
1732441587934 1.3686683177947998 50
1732441587998 1.3061683177947998 51
1732441588176 1.4311683177947998 52
1732441588243 1.1811683177947998 53
1732441588314 1.3686683177947998 54
1732441588389 1.2770017385482788 55
1732441590392 1.3061683177947998 0
1732441590449 1.5561683177947998 1
1732441590509 1.2436683177947998 2
1732441590564 1.5561683177947998 3
1732441590769 1.4311683177947998 4
1732441590831 1.3686683177947998 5
1732441590884 1.1186683177947998 6
1732441590941 1.4936683177947998 7
1732441591141 1.3686683177947998 8
1732441591230 1.2436683177947998 9
1732441591289 1.6186681985855103 10
1732441591343 1.3061683177947998 11
1732441591549 1.3061683177947998 12
1732441591735 1.2436683177947998 13
1732441591805 1.4311683177947998 14
1732441591870 1.3061683177947998 15
1732441592027 1.2436683177947998 16
1732441592111 1.4311683177947998 17
1732441592162 1.4936683177947998 18
1732441592226 1.4311683177947998 19
1732441592408 1.2436683177947998 20
1732441592514 1.3061683177947998 21
1732441592571 1.3061683177947998 22
1732441592627 1.4936683177947998 23
1732441592864 1.3061683177947998 24
1732441592930 1.3061683177947998 25
1732441592981 1.3686683177947998 26
1732441593034 1.2436683177947998 27
1732441593259 1.2436683177947998 28
1732441593323 1.4936683177947998 29
1732441593378 1.1186683177947998 30
1732441593431 1.2436683177947998 31
1732441593634 1.2436683177947998 32
1732441593722 1.4311683177947998 33
1732441593776 1.1186683177947998 34
1732441593832 1.0561683177947998 35
1732441594041 1.3061683177947998 36
1732441594134 1.3061683177947998 37
1732441594193 1.3686683177947998 38
1732441594248 1.3686683177947998 39
1732441594419 1.3061683177947998 40
1732441594517 1.2436683177947998 41
1732441594571 1.1811683177947998 42
1732441594627 1.3061683177947998 43
1732441594849 1.5561683177947998 44
1732441594916 1.3061683177947998 45
1732441594984 1.4311683177947998 46
1732441595037 1.5561683177947998 47
1732441595302 1.0561683177947998 48
1732441595363 1.2436683177947998 49
1732441595419 1.3061683177947998 50
1732441595476 1.3686683177947998 51
1732441595734 1.1811683177947998 52
1732441595799 1.3686683177947998 53
1732441595862 1.1811683177947998 54
1732441595933 1.3436683416366577 55
1732441597899 1.4311683177947998 0
1732441597968 1.3686683177947998 1
1732441598022 1.1186683177947998 2
1732441598081 1.3686683177947998 3
1732441598310 1.4311683177947998 4
1732441598373 1.4311683177947998 5
1732441598427 1.4311683177947998 6
1732441598480 1.2436683177947998 7
1732441598694 1.3061683177947998 8
1732441598795 1.1811683177947998 9
1732441598847 1.1811683177947998 10
1732441598902 1.3061683177947998 11
1732441599084 1.1811683177947998 12
1732441599213 1.3061683177947998 13
1732441599267 1.2436683177947998 14
1732441599324 1.3686683177947998 15
1732441599495 1.3061683177947998 16
1732441599635 1.3061683177947998 17
1732441599690 1.4936683177947998 18
1732441599744 1.4936683177947998 19
1732441599919 1.4311683177947998 20
1732441600049 1.1186683177947998 21
1732441600103 1.3061683177947998 22
1732441600157 1.4936683177947998 23
1732441600292 1.3061683177947998 24
1732441600455 1.3061683177947998 25
1732441600513 1.3686683177947998 26
1732441600571 1.3061683177947998 27
1732441600655 1.5561683177947998 28
1732441600842 1.4936683177947998 29
1732441600897 1.1811683177947998 30
1732441600969 1.1186683177947998 31
1732441601107 1.0561683177947998 32
1732441601244 1.0561683177947998 33
1732441601300 1.3061683177947998 34
1732441601354 1.2436683177947998 35
1732441601494 1.1811683177947998 36
1732441601704 1.2436683177947998 37
1732441601759 1.1811683177947998 38
1732441601820 1.4936683177947998 39
1732441601875 1.1811683177947998 40
1732441602109 1.5561683177947998 41
1732441602172 1.4311683177947998 42
1732441602234 1.2436683177947998 43
1732441602301 1.4936683177947998 44
1732441602465 1.5561683177947998 45
1732441602524 1.3061683177947998 46
1732441602585 1.3061683177947998 47
1732441602664 1.4936683177947998 48
1732441602811 1.5561683177947998 49
1732441602868 1.3061683177947998 50
1732441602956 1.3061683177947998 51
1732441603086 1.3061683177947998 52
1732441603206 1.3686683177947998 53
1732441603262 1.3686683177947998 54
1732441603397 1.2770017385482788 55
1732441605360 1.3061683177947998 0
1732441605421 1.3686683177947998 1
1732441605475 1.3061683177947998 2
1732441605529 1.2436683177947998 3
1732441605763 1.4311683177947998 4
1732441605886 1.2436683177947998 5
1732441605943 1.4936683177947998 6
1732441605997 1.3061683177947998 7
1732441606119 1.2436683177947998 8
1732441606337 1.3686683177947998 9
1732441606394 1.1811683177947998 10
1732441606457 1.3686683177947998 11
1732441606539 1.3061683177947998 12
1732441606759 1.3686683177947998 13
1732441606816 1.4936683177947998 14
1732441606879 1.1811683177947998 15
1732441606945 1.3061683177947998 16
1732441607197 1.3686683177947998 17
1732441607254 1.3061683177947998 18
1732441607325 1.4311683177947998 19
1732441607391 1.1811683177947998 20
1732441607572 1.4936683177947998 21
1732441607627 1.3686683177947998 22
1732441607694 1.3061683177947998 23
1732441607770 1.2436683177947998 24
1732441607987 1.2436683177947998 25
1732441608045 1.4311683177947998 26
1732441608117 1.4311683177947998 27
1732441608183 1.3061683177947998 28
1732441608408 1.4311683177947998 29
1732441608466 1.3686683177947998 30
1732441608534 1.4311683177947998 31
1732441608600 1.2436683177947998 32
1732441608781 1.3061683177947998 33
1732441608834 1.2436683177947998 34
1732441608892 1.4311681985855103 35
1732441608983 1.1811683177947998 36
1732441609162 1.4311683177947998 37
1732441609217 1.3686683177947998 38
1732441609273 1.2436683177947998 39
1732441609389 1.2436683177947998 40
1732441609577 1.2436683177947998 41
1732441609632 1.3686683177947998 42
1732441609695 1.4311683177947998 43
1732441609754 1.3686683177947998 44
1732441610017 1.2436683177947998 45
1732441610080 1.1811683177947998 46
1732441610143 1.3061683177947998 47
1732441610199 1.3061683177947998 48
1732441610456 1.1811683177947998 49
1732441610521 1.4311683177947998 50
1732441610584 1.6186683177947998 51
1732441610637 1.3686683177947998 52
1732441610855 1.1811683177947998 53
1732441610907 1.3061683177947998 54
1732441610985 1.2103350162506104 55
1732441612976 1.3061683177947998 0
1732441613035 1.3061683177947998 1
1732441613090 1.3061683177947998 2
1732441613147 1.3686683177947998 3
1732441613425 1.2436683177947998 4
1732441613487 1.3061683177947998 5
1732441613538 1.1811683177947998 6
1732441613594 1.1811683177947998 7
1732441613796 1.3061683177947998 8
1732441613855 1.5561683177947998 9
1732441613916 1.4936683177947998 10
1732441613970 1.1811683177947998 11
1732441614204 1.3061683177947998 12
1732441614265 1.2436683177947998 13
1732441614324 1.1811683177947998 14
1732441614381 1.0561683177947998 15
1732441614629 1.4311683177947998 16
1732441614691 1.4936683177947998 17
1732441614745 1.4936683177947998 18
1732441614810 1.3686683177947998 19
1732441615054 1.3061683177947998 20
1732441615113 1.4311683177947998 21
1732441615168 1.3686683177947998 22
1732441615232 1.3061683177947998 23
1732441615431 1.3686683177947998 24
1732441615488 1.5561683177947998 25
1732441615540 1.4311683177947998 26
1732441615597 1.2436683177947998 27
1732441615865 1.3061683177947998 28
1732441615926 1.3686681985855103 29
1732441615978 1.4311683177947998 30
1732441616037 1.1811683177947998 31
1732441616252 1.4311683177947998 32
1732441616311 1.4936683177947998 33
1732441616367 1.1811683177947998 34
1732441616422 1.0561683177947998 35
1732441616641 1.3061683177947998 36
1732441616703 1.3061683177947998 37
1732441616760 1.3686683177947998 38
1732441616815 1.3061683177947998 39
1732441616990 1.4311683177947998 40
1732441617119 1.3686683177947998 41
1732441617178 1.3686683177947998 42
1732441617245 1.3061683177947998 43
1732441617408 1.3061683177947998 44
1732441617600 1.3686683177947998 45
1732441617663 1.2436683177947998 46
1732441617728 1.2436683177947998 47
1732441617806 1.4311683177947998 48
1732441617984 1.4311683177947998 49
1732441618042 1.2436683177947998 50
1732441618110 1.3061683177947998 51
1732441618179 1.3061683177947998 52
1732441618390 1.2436683177947998 53
1732441618450 1.4311683177947998 54
1732441618521 1.2103348970413208 55
1732441620472 1.0561683177947998 0
1732441620530 1.3061683177947998 1
1732441620584 1.5561683177947998 2
1732441620645 1.3686683177947998 3
1732441620845 1.2436683177947998 4
1732441620902 1.3686683177947998 5
1732441620957 1.1186683177947998 6
1732441621014 1.2436683177947998 7
1732441621216 1.3061683177947998 8
1732441621280 1.3061683177947998 9
1732441621335 1.3061683177947998 10
1732441621391 1.1811683177947998 11
1732441621565 1.2436683177947998 12
1732441621680 1.3061683177947998 13
1732441621735 1.3686683177947998 14
1732441621791 1.4311683177947998 15
1732441621983 1.4311683177947998 16
1732441622100 1.1811683177947998 17
1732441622162 1.1811683177947998 18
1732441622223 1.2436683177947998 19
1732441622373 1.4311683177947998 20
1732441622528 1.3061683177947998 21
1732441622585 1.3686683177947998 22
1732441622640 1.3686683177947998 23
1732441622770 1.3686683177947998 24
1732441622894 1.4311683177947998 25
1732441622949 1.2436683177947998 26
1732441623006 1.3686683177947998 27
1732441623173 1.3061683177947998 28
1732441623312 1.3686683177947998 29
1732441623367 1.2436683177947998 30
1732441623422 1.1811683177947998 31
1732441623588 1.3686683177947998 32
1732441623744 1.3686683177947998 33
1732441623800 1.3061683177947998 34
1732441623863 1.1811683177947998 35
1732441623989 1.4311683177947998 36
1732441624138 1.4311683177947998 37
1732441624203 1.4311683177947998 38
1732441624265 1.4936683177947998 39
1732441624421 1.4936683177947998 40
1732441624609 1.0561683177947998 41
1732441624666 1.2436683177947998 42
1732441624726 1.3061683177947998 43
1732441624786 1.2436683177947998 44
1732441624969 1.3686683177947998 45
1732441625069 1.5561683177947998 46
1732441625126 1.2436683177947998 47
1732441625281 1.1186683177947998 48
1732441625357 1.4311683177947998 49
1732441625429 1.3686683177947998 50
1732441625497 1.4936683177947998 51
1732441625717 1.2436683177947998 52
1732441625778 1.5561683177947998 53
1732441625853 1.3686683177947998 54
1732441625923 1.477001667022705 55
