1732441476741 0.1 3
1732441477195 0.1 7
1732441477644 0.1 11
1732441478071 0.1 15
1732441478524 0.1 19
1732441478940 0.1 23
1732441479364 0.1 27
1732441479751 0.1 31
1732441480180 0.1 35
1732441480635 0.1 39
1732441481036 0.1 43
1732441481487 0.1 47
1732441481849 0.1 51
1732441482198 0.1 55
1732441484680 0.1 59
1732441484944 0.1 63
1732441485337 0.1 67
1732441485766 0.1 71
1732441486212 0.1 75
1732441486613 0.1 79
1732441487031 0.1 83
1732441487411 0.1 87
1732441487848 0.1 91
1732441488347 0.1 95
1732441488722 0.1 99
1732441489095 0.1 103
1732441489518 0.1 107
1732441489877 0.1 111
1732441492138 0.1 115
1732441492469 0.1 119
1732441492890 0.1 123
1732441493313 0.1 127
1732441493714 0.1 131
1732441494139 0.1 135
1732441494506 0.1 139
1732441494912 0.1 143
1732441495314 0.1 147
1732441495701 0.1 151
1732441496168 0.1 155
1732441496620 0.1 159
1732441497072 0.1 163
1732441497425 0.1 167
1732441499748 0.1 171
1732441500125 0.1 175
1732441500559 0.1 179
1732441500954 0.1 183
1732441501354 0.1 187
1732441501746 0.1 191
1732441502168 0.1 195
1732441502546 0.1 199
1732441503010 0.1 203
1732441503405 0.1 207
1732441503818 0.1 211
1732441504287 0.1 215
1732441504634 0.1 219
1732441505047 0.1 223
1732441507323 0.1 227
1732441507724 0.1 231
1732441508123 0.1 235
1732441508564 0.1 239
1732441508937 0.1 243
1732441509352 0.1 247
1732441509737 0.1 251
1732441510125 0.1 255
1732441510517 0.1 259
1732441510950 0.1 263
1732441511348 0.1 267
1732441511766 0.1 271
1732441512202 0.1 275
1732441512640 0.1 279
1732441514871 0.1 283
1732441515280 0.1 287
1732441515721 0.1 291
1732441516181 0.1 295
1732441516625 0.1 299
1732441516988 0.1 303
1732441517422 0.1 307
1732441517833 0.1 311
1732441518230 0.1 315
1732441518645 0.1 319
1732441519023 0.1 323
1732441519414 0.1 327
1732441519815 0.1 331
1732441520208 0.1 335
1732441522309 0.1 339
1732441522663 0.1 343
1732441523070 0.1 347
1732441523519 0.1 351
1732441523945 0.1 355
1732441524396 0.1 359
1732441524781 0.1 363
1732441525181 0.1 367
1732441525530 0.1 371
1732441525877 0.1 375
1732441526325 0.1 379
1732441526772 0.1 383
1732441527197 0.1 387
1732441527593 0.1 391
1732441529603 0.1 395
1732441530037 0.1 399
1732441530516 0.1 403
1732441530919 0.1 407
1732441531273 0.1 411
1732441531672 0.1 415
1732441532070 0.1 419
1732441532510 0.1 423
1732441532928 0.1 427
1732441533378 0.1 431
1732441533796 0.1 435
1732441534181 0.1 439
1732441534698 0.1 443
1732441535081 0.1 447
1732441537223 0.1 451
1732441537604 0.1 455
1732441538011 0.1 459
1732441538358 0.1 463
1732441538829 0.1 467
1732441539248 0.1 471
1732441539664 0.1 475
1732441540041 0.1 479
1732441540497 0.1 483
1732441540859 0.1 487
1732441541319 0.1 491
1732441541736 0.1 495
1732441542112 0.1 499
1732441542524 0.1 503
1732441544585 0.1 507
1732441544992 0.1 511
1732441545429 0.1 515
1732441545844 0.1 519
1732441546244 0.1 523
1732441546648 0.1 527
1732441547050 0.1 531
1732441547468 0.1 535
1732441547859 0.1 539
1732441548268 0.1 543
1732441548684 0.1 547
1732441549117 0.1 551
1732441549491 0.1 555
1732441549925 0.1 559
1732441552080 0.1 563
1732441552463 0.1 567
1732441552896 0.1 571
1732441553312 0.1 575
1732441553712 0.1 579
1732441554162 0.1 583
1732441554577 0.1 587
1732441554993 0.1 591
1732441555438 0.1 595
1732441555891 0.1 599
1732441556328 0.1 603
1732441556741 0.1 607
1732441557125 0.1 611
1732441557560 0.1 615
1732441559762 0.1 619
1732441560125 0.1 623
1732441560533 0.1 627
1732441561012 0.1 631
1732441561410 0.1 635
1732441561819 0.1 639
1732441562273 0.1 643
1732441562713 0.1 647
1732441563107 0.1 651
1732441563493 0.1 655
1732441563921 0.1 659
1732441564334 0.1 663
1732441564785 0.1 667
1732441565209 0.1 671
1732441567520 0.1 675
1732441567900 0.1 679
1732441568383 0.1 683
1732441568782 0.1 687
1732441569247 0.1 691
1732441569675 0.1 695
1732441570108 0.1 699
1732441570512 0.1 703
1732441570950 0.1 707
1732441571371 0.1 711
1732441571799 0.1 715
1732441572212 0.1 719
1732441572609 0.1 723
1732441573012 0.1 727
1732441575300 0.1 731
1732441575806 0.1 735
1732441576246 0.1 739
1732441576662 0.1 743
1732441577128 0.1 747
1732441577471 0.1 751
1732441577925 0.1 755
1732441578311 0.1 759
1732441578691 0.1 763
1732441579129 0.1 767
1732441579547 0.1 771
1732441579930 0.1 775
1732441580441 0.1 779
1732441580799 0.1 783
1732441582962 0.1 787
1732441583345 0.1 791
1732441583788 0.1 795
1732441584216 0.1 799
1732441584621 0.1 803
1732441585074 0.1 807
1732441585507 0.1 811
1732441585919 0.1 815
1732441586343 0.1 819
1732441586757 0.1 823
1732441587137 0.1 827
1732441587573 0.1 831
1732441587991 0.1 835
1732441588382 0.1 839
1732441590557 0.1 843
1732441590933 0.1 847
1732441591336 0.1 851
1732441591862 0.1 855
1732441592217 0.1 859
1732441592619 0.1 863
1732441593026 0.1 867
1732441593424 0.1 871
1732441593825 0.1 875
1732441594239 0.1 879
1732441594620 0.1 883
1732441595030 0.1 887
1732441595468 0.1 891
1732441595927 0.1 895
1732441598073 0.1 899
1732441598473 0.1 903
1732441598895 0.1 907
1732441599317 0.1 911
1732441599737 0.1 915
1732441600150 0.1 919
1732441600563 0.1 923
1732441600959 0.1 927
1732441601347 0.1 931
1732441601813 0.1 935
1732441602226 0.1 939
1732441602577 0.1 943
1732441602949 0.1 947
1732441603390 0.1 951
1732441605521 0.1 955
1732441605990 0.1 959
1732441606448 0.1 963
1732441606869 0.1 967
1732441607317 0.1 971
1732441607685 0.1 975
1732441608108 0.1 979
1732441608527 0.1 983
1732441608884 0.1 987
1732441609265 0.1 991
1732441609688 0.1 995
1732441610134 0.1 999
1732441610577 0.1 1003
1732441610978 0.1 1007
1732441613140 0.1 1011
1732441613586 0.1 1015
1732441613961 0.1 1019
1732441614372 0.1 1023
1732441614801 0.1 1027
1732441615224 0.1 1031
1732441615588 0.1 1035
1732441616029 0.1 1039
1732441616413 0.1 1043
1732441616807 0.1 1047
1732441617229 0.1 1051
1732441617721 0.1 1055
1732441618102 0.1 1059
1732441618513 0.1 1063
1732441620638 0.1 1067
1732441621006 0.1 1071
1732441621384 0.1 1075
1732441621783 0.1 1079
1732441622216 0.1 1083
1732441622633 0.1 1087
1732441622999 0.1 1091
1732441623415 0.1 1095
1732441623855 0.1 1099
1732441624253 0.1 1103
1732441624719 0.1 1107
1732441625119 0.1 1111
1732441625489 0.1 1115
1732441625915 0.1 1119
