1732441483871 7.847271400218976e-44 55
1732441491424 1.5694542800437951e-43 111
1732441499122 2.3541814200656927e-43 167
1732441506686 3.1389085600875902e-43 223
1732441514269 3.923635700109488e-43 279
1732441521671 4.708362840131385e-43 335
1732441529042 5.493089980153283e-43 391
1732441536549 6.2778171201751805e-43 447
1732441543985 7.062544260197078e-43 503
1732441551423 0.0 559
1732441559113 8.631998540240873e-43 615
1732441566880 9.41672568026277e-43 671
1732441574640 1.0201452820284668e-42 727
1732441582377 1.0986179960306566e-42 783
1732441589934 7.006492321624085e-45 839
1732441597448 1.2555634240350361e-42 895
1732441604933 7.006492321624085e-45 951
1732441612475 7.006492321624085e-45 1007
1732441619992 2.947686968071868e-36 1063
1732441627407 1.569454280043795e-42 1119
