1732441483871 0.0 55
1732441491424 1.401298464324817e-45 111
1732441499122 2.802596928649634e-45 167
1732441506686 0.0 223
1732441514269 5.605193857299268e-45 279
1732441521671 7.006492321624085e-45 335
1732441529042 0.0 391
1732441536549 9.80908925027372e-45 447
1732441543985 1.1210387714598537e-44 503
1732441551423 4.80841290092284e-26 559
1732441559113 0.0 615
1732441566880 1.5414283107572988e-44 671
1732441574640 0.0 727
1732441582377 0.0 783
1732441589934 7.006492321624085e-45 839
1732441597448 2.1019476964872256e-44 895
1732441604933 0.0 951
1732441612475 7.006492321624085e-45 1007
1732441619992 7.006492321624085e-45 1063
1732441627407 0.0 1119
