1732441476762 0.125 3
1732441477218 0.078125 7
1732441477670 0.6875 11
1732441478089 0.6875 15
1732441478543 0.6875 19
1732441478960 0.8125 23
1732441479386 0.6875 27
1732441479774 0.71875 31
1732441480200 0.71875 35
1732441480659 0.75 39
1732441481053 0.625 43
1732441481505 0.6875 47
1732441481873 0.6875 51
1732441482279 0.7666666507720947 55
1732441484700 0.65625 59
1732441484965 0.625 63
1732441485354 0.71875 67
1732441485785 0.65625 71
1732441486232 0.65625 75
1732441486633 0.71875 79
1732441487054 0.71875 83
1732441487432 0.75 87
1732441487874 0.71875 91
1732441488373 0.6875 95
1732441488743 0.75 99
1732441489116 0.6875 103
1732441489536 0.65625 107
1732441489896 0.8666666746139526 111
1732441492162 0.8125 115
1732441492489 0.75 119
1732441492907 0.71875 123
1732441493336 0.71875 127
1732441493733 0.625 131
1732441494159 0.6875 135
1732441494524 0.6875 139
1732441494930 0.6875 143
1732441495336 0.65625 147
1732441495721 0.75 151
1732441496191 0.65625 155
1732441496640 0.71875 159
1732441497094 0.59375 163
1732441497441 0.699999988079071 167
1732441499769 0.65625 171
1732441500143 0.65625 175
1732441500580 0.78125 179
1732441500979 0.6875 183
1732441501372 0.78125 187
1732441501763 0.6875 191
1732441502190 0.6875 195
1732441502562 0.8125 199
1732441503026 0.625 203
1732441503424 0.75 207
1732441503834 0.75 211
1732441504312 0.65625 215
1732441504655 0.71875 219
1732441505067 0.7333333492279053 223
1732441507344 0.65625 227
1732441507748 0.71875 231
1732441508148 0.75 235
1732441508586 0.71875 239
1732441508956 0.625 243
1732441509373 0.71875 247
1732441509759 0.65625 251
1732441510143 0.65625 255
1732441510535 0.65625 259
1732441510967 0.6875 263
1732441511363 0.6875 267
1732441511783 0.75 271
1732441512220 0.71875 275
1732441512660 0.699999988079071 279
1732441514887 0.78125 283
1732441515301 0.8125 287
1732441515738 0.6875 291
1732441516204 0.6875 295
1732441516641 0.75 299
1732441517015 0.75 303
1732441517446 0.65625 307
1732441517856 0.71875 311
1732441518249 0.71875 315
1732441518665 0.5625 319
1732441519044 0.75 323
1732441519439 0.6875 327
1732441519833 0.71875 331
1732441520225 0.699999988079071 335
1732441522335 0.625 339
1732441522680 0.6875 343
1732441523087 0.8125 347
1732441523534 0.625 351
1732441523971 0.78125 355
1732441524424 0.59375 359
1732441524803 0.65625 363
1732441525200 0.6875 367
1732441525554 0.78125 371
1732441525899 0.71875 375
1732441526349 0.59375 379
1732441526795 0.6875 383
1732441527213 0.65625 387
1732441527612 0.8333333134651184 391
1732441529621 0.6875 395
1732441530060 0.78125 399
1732441530535 0.78125 403
1732441530942 0.75 407
1732441531294 0.71875 411
1732441531696 0.65625 415
1732441532086 0.625 419
1732441532531 0.75 423
1732441532945 0.6875 427
1732441533403 0.625 431
1732441533818 0.78125 435
1732441534201 0.6875 439
1732441534723 0.6875 443
1732441535100 0.699999988079071 447
1732441537241 0.625 451
1732441537620 0.71875 455
1732441538028 0.875 459
1732441538374 0.71875 463
1732441538854 0.59375 467
1732441539268 0.65625 471
1732441539685 0.65625 475
1732441540058 0.65625 479
1732441540519 0.75 483
1732441540877 0.65625 487
1732441541345 0.6875 491
1732441541756 0.6875 495
1732441542130 0.65625 499
1732441542543 0.6333333253860474 503
1732441544608 0.8125 507
1732441545011 0.75 511
1732441545450 0.71875 515
1732441545868 0.75 519
1732441546263 0.65625 523
1732441546667 0.78125 527
1732441547069 0.78125 531
1732441547485 0.6875 535
1732441547877 0.71875 539
1732441548287 0.6875 543
1732441548716 0.59375 547
1732441549140 0.6875 551
1732441549509 0.75 555
1732441549946 0.6333333253860474 559
1732441552098 0.6875 563
1732441552481 0.65625 567
1732441552915 0.71875 571
1732441553333 0.78125 575
1732441553730 0.75 579
1732441554185 0.75 583
1732441554599 0.78125 587
1732441555014 0.71875 591
1732441555460 0.6875 595
1732441555911 0.75 599
1732441556347 0.625 603
1732441556761 0.65625 607
1732441557145 0.6875 611
1732441557582 0.6333333253860474 615
1732441559782 0.6875 619
1732441560143 0.6875 623
1732441560552 0.6875 627
1732441561030 0.75 631
1732441561428 0.75 635
1732441561844 0.75 639
1732441562292 0.75 643
1732441562732 0.78125 647
1732441563130 0.75 651
1732441563513 0.6875 655
1732441563950 0.75 659
1732441564352 0.75 663
1732441564812 0.78125 667
1732441565231 0.8333333134651184 671
1732441567543 0.6875 675
1732441567920 0.71875 679
1732441568400 0.65625 683
1732441568800 0.75 687
1732441569273 0.65625 691
1732441569693 0.71875 695
1732441570135 0.6875 699
1732441570534 0.6875 703
1732441570969 0.8125 707
1732441571390 0.78125 711
1732441571825 0.6875 715
1732441572230 0.75 719
1732441572630 0.71875 723
1732441573036 0.6333333253860474 727
1732441575320 0.71875 731
1732441575830 0.625 735
1732441576268 0.65625 739
1732441576681 0.71875 743
1732441577150 0.875 747
1732441577493 0.71875 751
1732441577943 0.6875 755
1732441578331 0.78125 759
1732441578709 0.6875 763
1732441579156 0.78125 767
1732441579569 0.71875 771
1732441579955 0.5625 775
1732441580460 0.71875 779
1732441580821 0.699999988079071 783
1732441582981 0.59375 787
1732441583364 0.75 791
1732441583808 0.71875 795
1732441584241 0.65625 799
1732441584638 0.65625 803
1732441585100 0.75 807
1732441585525 0.625 811
1732441585941 0.75 815
1732441586362 0.6875 819
1732441586780 0.6875 823
1732441587158 0.75 827
1732441587593 0.6875 831
1732441588011 0.71875 835
1732441588406 0.7333333492279053 839
1732441590576 0.59375 843
1732441590959 0.625 847
1732441591355 0.71875 851
1732441591880 0.71875 855
1732441592245 0.65625 859
1732441592643 0.625 863
1732441593047 0.75 867
1732441593444 0.75 871
1732441593845 0.84375 875
1732441594260 0.6875 879
1732441594645 0.71875 883
1732441595051 0.59375 887
1732441595490 0.6875 891
1732441595947 0.699999988079071 895
1732441598092 0.6875 899
1732441598492 0.75 903
1732441598922 0.71875 907
1732441599335 0.6875 911
1732441599761 0.625 915
1732441600175 0.625 919
1732441600584 0.71875 923
1732441600988 0.8125 927
1732441601366 0.75 931
1732441601831 0.625 935
1732441602248 0.75 939
1732441602599 0.71875 943
1732441602974 0.71875 947
1732441603414 0.7333333492279053 951
1732441605544 0.75 955
1732441606008 0.71875 959
1732441606474 0.6875 963
1732441606891 0.78125 967
1732441607344 0.65625 971
1732441607711 0.71875 975
1732441608129 0.65625 979
1732441608553 0.65625 983
1732441608910 0.65625 987
1732441609288 0.75 991
1732441609706 0.65625 995
1732441610154 0.71875 999
1732441610594 0.5625 1003
1732441611002 0.7666666507720947 1007
1732441613163 0.6875 1011
1732441613609 0.78125 1015
1732441613984 0.78125 1019
1732441614392 0.84375 1023
1732441614820 0.6875 1027
1732441615251 0.71875 1031
1732441615609 0.75 1035
1732441616049 0.78125 1039
1732441616435 0.84375 1043
1732441616835 0.71875 1047
1732441617261 0.71875 1051
1732441617741 0.75 1055
1732441618127 0.71875 1059
1732441618530 0.7666666507720947 1063
1732441620656 0.6875 1067
1732441621030 0.75 1071
1732441621411 0.78125 1075
1732441621806 0.65625 1079
1732441622234 0.75 1083
1732441622652 0.6875 1087
1732441623017 0.6875 1091
1732441623434 0.78125 1095
1732441623875 0.78125 1099
1732441624281 0.625 1103
1732441624743 0.71875 1107
1732441625144 0.75 1111
1732441625512 0.625 1115
1732441625935 0.6333333253860474 1119
