1732441483871 7.006492321624085e-45 55
1732441491424 1.5694542800437951e-43 111
1732441499122 2.3541814200656927e-43 167
1732441506686 2.998606880832219e-36 223
1732441514269 3.923635700109488e-43 279
1732441521671 4.708362840131385e-43 335
1732441529042 7.006492321624085e-45 391
1732441536549 6.2778171201751805e-43 447
1732441543985 0.0 503
1732441551423 0.0 559
1732441559113 4.80841290092284e-26 615
1732441566880 9.41672568026277e-43 671
1732441574640 0.0 727
1732441582377 0.0 783
1732441589934 7.006492321624085e-45 839
1732441597448 1.2555634240350361e-42 895
1732441604933 7.006492321624085e-45 951
1732441612475 7.006492321624085e-45 1007
1732441619992 2.947686968071868e-36 1063
1732441627407 86246432964608.0 1119
