1732443077542 0.0 13
1732443077565 0.0 13
1732443088359 1.0 27
1732443088379 1.0 27
1732443099495 2.0 41
1732443099511 2.0 41
1732443105228 3.0 49
1732443110738 3.0 55
1732443110765 3.0 55
1732443121729 4.0 69
1732443121752 4.0 69
1732443132938 5.0 83
1732443132956 5.0 83
1732443143640 6.0 97
1732443143658 6.0 97
1732443146332 7.0 99
1732443154954 7.0 111
1732443154975 7.0 111
1732443165813 8.0 125
1732443165828 8.0 125
1732443177429 9.0 139
1732443177452 9.0 139
1732443183831 10.0 149
1732443188323 10.0 153
1732443188342 10.0 153
1732443199055 11.0 167
1732443199073 11.0 167
1732443210200 12.0 181
1732443210219 12.0 181
