1732386347454 0.0 1
1732386347599 0.0 3
1732386348039 0.0 5
1732386348180 0.0 7
1732386348691 0.0 9
1732386348807 0.0 11
1732386349294 0.0 13
1732386349412 0.0 15
1732386349904 0.0 17
1732386350025 0.0 19
1732386350539 0.0 21
1732386350653 0.0 23
1732386351142 0.0 25
1732386351265 0.0 27
1732386351739 0.0 29
1732386351957 0.0 31
1732386352331 0.0 33
1732386352611 0.0 35
1732386352924 0.0 37
1732386353288 0.0 39
1732386353550 0.0 41
1732386353831 0.0 43
1732386354175 0.0 45
1732386354469 0.0 47
1732386354838 0.0 49
1732386355164 0.0 51
1732386355355 0.0 53
1732386355771 0.0 55
1732386356048 0.0 57
1732386356305 0.0 59
1732386356704 0.0 61
1732386356920 0.0 63
1732386357365 0.0 65
1732386357574 0.0 67
1732386357893 0.0 69
1732386358198 0.0 71
1732386358462 0.0 73
1732386358753 0.0 75
1732386358990 0.0 77
1732386361194 0.0 77
1732386361219 0.0 77
1732386362036 1.0 79
1732386362150 1.0 81
1732386362624 1.0 83
1732386362743 1.0 85
1732386363232 1.0 87
1732386363346 1.0 89
1732386363901 1.0 91
1732386364030 1.0 93
1732386364504 1.0 95
1732386364639 1.0 97
1732386365219 1.0 99
1732386365336 1.0 101
1732386365858 1.0 103
1732386365980 1.0 105
1732386366525 1.0 107
1732386366644 1.0 109
1732386367163 1.0 111
1732386367276 1.0 113
1732386367813 1.0 115
1732386367942 1.0 117
1732386368436 1.0 119
1732386368556 1.0 121
1732386369023 1.0 123
1732386369143 1.0 125
1732386369677 1.0 127
1732386369803 1.0 129
1732386370194 1.0 131
1732386370313 1.0 133
1732386370892 1.0 135
1732386371005 1.0 137
1732386371508 1.0 139
1732386371629 1.0 141
1732386372036 1.0 143
1732386372155 1.0 145
1732386372670 1.0 147
1732386372792 1.0 149
1732386373334 1.0 151
1732386373454 1.0 153
1732386373623 1.0 155
1732386375767 1.0 155
1732386375795 1.0 155
1732386376583 2.0 157
1732386376702 2.0 159
1732386377267 2.0 161
1732386377390 2.0 163
1732386377916 2.0 165
1732386378035 2.0 167
1732386378550 2.0 169
1732386378668 2.0 171
