1732386347165 1.38311767578125 0
1732386347432 1.2629485130310059 0
1732386347515 1.5561683177947998 0
1732386347574 1.4311683177947998 0
1732386347959 1.6186683177947998 0
1732386348019 1.3061683177947998 0
1732386348103 1.3686683177947998 0
1732386348161 1.4936683177947998 0
1732386348616 1.3061683177947998 0
1732386348672 1.6811683177947998 0
1732386348733 1.4936683177947998 0
1732386348785 1.4936683177947998 0
1732386349221 1.3061683177947998 0
1732386349274 1.5561683177947998 0
1732386349340 1.4311683177947998 0
1732386349390 1.4311683177947998 0
1732386349825 1.4936683177947998 0
1732386349885 1.4936683177947998 0
1732386349950 1.4936683177947998 0
1732386350003 1.1811683177947998 0
1732386350465 1.3061683177947998 0
1732386350517 1.4311683177947998 0
1732386350581 1.2436683177947998 0
1732386350631 1.4311683177947998 0
1732386351054 1.6811683177947998 0
1732386351116 1.6186683177947998 0
1732386351191 1.5561683177947998 0
1732386351245 1.4936683177947998 0
1732386351655 1.4311683177947998 0
1732386351715 1.2436683177947998 0
1732386351784 1.5561683177947998 0
1732386351935 1.3686681985855103 0
1732386352250 1.4311683177947998 0
1732386352311 1.3061683177947998 0
1732386352377 1.3061683177947998 0
1732386352586 1.4936683177947998 0
1732386352763 1.7436683177947998 0
1732386352898 1.4936683177947998 0
1732386352971 1.3061683177947998 0
1732386353267 1.4936683177947998 0
1732386353335 1.6811683177947998 0
1732386353525 1.5561683177947998 0
1732386353598 1.6186683177947998 0
1732386353802 1.4311683177947998 0
1732386353941 1.4936683177947998 0
1732386354149 1.5561683177947998 0
1732386354222 1.3686683177947998 0
1732386354446 1.5561683177947998 0
1732386354591 1.4936683177947998 0
1732386354815 1.4936683177947998 0
1732386354886 1.4936683177947998 0
1732386355141 1.4311683177947998 0
1732386355235 1.5561683177947998 0
1732386355333 1.4936683177947998 0
1732386355398 1.4311683177947998 0
1732386355748 1.4936683177947998 0
1732386355837 1.4936683177947998 0
1732386356022 1.4311683177947998 0
1732386356092 1.4311683177947998 0
1732386356284 1.3061683177947998 0
1732386356504 1.4936683177947998 0
1732386356682 1.5561683177947998 0
1732386356748 1.4311683177947998 0
1732386356896 1.4936683177947998 0
1732386357001 1.4936683177947998 0
1732386357343 1.4311683177947998 0
1732386357411 1.5561683177947998 0
1732386357553 1.4311683177947998 0
1732386357616 1.3686683177947998 0
1732386357866 1.4936683177947998 0
1732386357935 1.4936683177947998 0
1732386358175 1.5561683177947998 0
1732386358233 1.4311683177947998 0
1732386358441 1.3686683177947998 0
1732386358505 1.4936683177947998 0
1732386358732 1.6186683177947998 0
1732386358797 1.5561683177947998 0
1732386358870 1.2436683177947998 0
1732386361960 1.4936683177947998 0
1732386362017 1.3061683177947998 0
1732386362076 1.6186681985855103 0
1732386362128 1.3686683177947998 0
1732386362551 1.4311683177947998 0
1732386362602 1.1811683177947998 0
1732386362666 1.6186683177947998 0
1732386362722 1.2436683177947998 0
1732386363121 1.4936683177947998 0
1732386363213 1.4311683177947998 0
1732386363273 1.3686683177947998 0
1732386363327 1.3686683177947998 0
1732386363673 1.4936683177947998 0
1732386363874 1.4936683177947998 0
1732386363950 1.3061683177947998 0
1732386364008 1.4311683177947998 0
1732386364344 1.3686683177947998 0
1732386364483 1.4311683177947998 0
1732386364555 1.6186683177947998 0
1732386364615 1.4936683177947998 0
1732386364969 1.4311683177947998 0
1732386365197 1.3686683177947998 0
1732386365263 1.6811683177947998 0
1732386365316 1.4936683177947998 0
1732386365568 1.3061683177947998 0
1732386365836 1.3061683177947998 0
1732386365905 1.3686683177947998 0
1732386365960 1.5561683177947998 0
1732386366158 1.4311683177947998 0
1732386366502 1.6811683177947998 0
1732386366569 1.5561683177947998 0
1732386366624 1.2436683177947998 0
1732386366787 1.4936683177947998 0
1732386367141 1.5561683177947998 0
1732386367205 1.4311683177947998 0
1732386367256 1.1811683177947998 0
1732386367395 1.3061683177947998 0
1732386367791 1.3061683177947998 0
1732386367861 1.4311681985855103 0
1732386367922 1.3061683177947998 0
1732386367987 1.5561683177947998 0
1732386368413 1.4311683177947998 0
1732386368480 1.6186683177947998 0
1732386368534 1.6186683177947998 0
1732386368599 1.4311683177947998 0
1732386369000 1.6186683177947998 0
1732386369070 1.5561683177947998 0
1732386369122 1.6811683177947998 0
1732386369188 1.6186683177947998 0
1732386369653 1.3686683177947998 0
1732386369719 1.4311683177947998 0
1732386369782 1.4311683177947998 0
1732386369844 1.6811683177947998 0
1732386370171 1.6811683177947998 0
1732386370241 1.3686683177947998 0
1732386370293 1.4936683177947998 0
1732386370452 1.3686683177947998 0
1732386370870 1.5561683177947998 0
1732386370934 1.6186683177947998 0
1732386370986 1.3686683177947998 0
1732386371118 1.3061683177947998 0
1732386371487 1.5561683177947998 0
1732386371553 1.5561683177947998 0
1732386371609 1.6811683177947998 0
1732386371741 1.3686683177947998 0
1732386372014 1.5561683177947998 0
1732386372083 1.2436683177947998 0
1732386372135 1.4936683177947998 0
1732386372275 1.6186683177947998 0
1732386372646 1.3686683177947998 0
1732386372718 1.4311683177947998 0
1732386372772 1.4311683177947998 0
1732386372838 1.4936683177947998 0
1732386373308 1.3686683177947998 0
1732386373378 1.5561683177947998 0
1732386373432 1.6186683177947998 0
1732386373494 1.5561683177947998 0
1732386373610 1.6186683177947998 0
1732386376484 1.3686683177947998 0
1732386376560 1.6186683177947998 0
1732386376627 1.5561683177947998 0
1732386376681 1.3686683177947998 0
1732386377186 1.3061683177947998 0
1732386377247 1.4311683177947998 0
1732386377314 1.3686683177947998 0
1732386377368 1.4311683177947998 0
1732386377839 1.5561683177947998 0
1732386377896 1.4936683177947998 0
1732386377962 1.4936683177947998 0
1732386378013 1.4311681985855103 0
1732386378461 1.5561683177947998 0
1732386378529 1.4311683177947998 0
1732386378597 1.1186683177947998 0
1732386378648 1.6186683177947998 0
