1732386347454 0.0 1
1732386347599 0.484375 3
1732386348039 0.71875 5
1732386348180 0.625 7
1732386348691 0.53125 9
1732386348807 0.625 11
1732386349294 0.59375 13
1732386349412 0.65625 15
1732386349904 0.625 17
1732386350025 0.78125 19
1732386350539 0.65625 21
1732386350653 0.65625 23
1732386351142 0.5625 25
1732386351265 0.625 27
1732386351739 0.75 29
1732386351957 0.6875 31
1732386352331 0.71875 33
1732386352611 0.625 35
1732386352924 0.625 37
1732386353288 0.625 39
1732386353550 0.59375 41
1732386353831 0.65625 43
1732386354175 0.59375 45
1732386354469 0.59375 47
1732386354838 0.625 49
1732386355164 0.65625 51
1732386355355 0.625 53
1732386355771 0.625 55
1732386356048 0.65625 57
1732386356305 0.71875 59
1732386356704 0.59375 61
1732386356920 0.625 63
1732386357365 0.65625 65
1732386357574 0.65625 67
1732386357893 0.625 69
1732386358198 0.59375 71
1732386358462 0.6875 73
1732386358753 0.5625 75
1732386358990 0.75 77
1732386361219 1.0930128021733573e-43 77
1732386362036 0.71875 79
1732386362150 0.6875 81
1732386362624 0.78125 83
1732386362743 0.75 85
1732386363232 0.65625 87
1732386363346 0.6875 89
1732386363901 0.625 91
1732386364030 0.65625 93
1732386364504 0.65625 95
1732386364639 0.625 97
1732386365219 0.6875 99
1732386365336 0.625 101
1732386365858 0.71875 103
1732386365980 0.59375 105
1732386366525 0.53125 107
1732386366644 0.75 109
1732386367163 0.59375 111
1732386367276 0.78125 113
1732386367813 0.71875 115
1732386367942 0.71875 117
1732386368436 0.65625 119
1732386368556 0.5625 121
1732386369023 0.5625 123
1732386369143 0.53125 125
1732386369677 0.6875 127
1732386369803 0.65625 129
1732386370194 0.53125 131
1732386370313 0.625 133
1732386370892 0.59375 135
1732386371005 0.6875 137
1732386371508 0.59375 139
1732386371629 0.53125 141
1732386372036 0.59375 143
1732386372155 0.625 145
1732386372670 0.6875 147
1732386372792 0.65625 149
1732386373334 0.6875 151
1732386373454 0.5625 153
1732386373623 0.5625 155
1732386375795 2.1860256043467146e-43 155
1732386376583 0.5625 157
1732386376702 0.6875 159
1732386377267 0.65625 161
1732386377390 0.65625 163
1732386377916 0.625 165
1732386378035 0.65625 167
1732386378550 0.65625 169
1732386378668 0.5625 171
