1732440188841 0.0 3
1732440189187 0.0 7
1732440189564 0.0 11
1732440189961 0.0 15
1732440190429 0.0 19
1732440190849 0.0 23
1732440191270 0.0 27
1732440191630 0.0 31
1732440192081 0.0 35
1732440192536 0.0 39
1732440193049 0.0 43
1732440193471 0.0 47
1732440193801 0.0 51
1732440194261 0.0 55
1732440195765 0.0 55
1732440195790 0.0 55
1732440196631 1.0 59
1732440197059 1.0 63
1732440197422 1.0 67
1732440197766 1.0 71
1732440198152 1.0 75
1732440198648 1.0 79
1732440199055 1.0 83
1732440199460 1.0 87
1732440199866 1.0 91
1732440200330 1.0 95
1732440200808 1.0 99
1732440201108 1.0 103
1732440201569 1.0 107
1732440201987 1.0 111
1732440203523 1.0 111
1732440203547 1.0 111
1732440204337 2.0 115
1732440204750 2.0 119
1732440205191 2.0 123
1732440205628 2.0 127
1732440206071 2.0 131
1732440206486 2.0 135
1732440206882 2.0 139
1732440207264 2.0 143
1732440207661 2.0 147
1732440208059 2.0 151
1732440208405 2.0 155
1732440208788 2.0 159
1732440209159 2.0 163
1732440209583 2.0 167
1732440211169 2.0 167
1732440211191 2.0 167
1732440211997 3.0 171
1732440212386 3.0 175
1732440212798 3.0 179
1732440213200 3.0 183
1732440213615 3.0 187
1732440214032 3.0 191
1732440214447 3.0 195
1732440214840 3.0 199
1732440215246 3.0 203
1732440215711 3.0 207
1732440216060 3.0 211
1732440216500 3.0 215
1732440216898 3.0 219
1732440217338 3.0 223
1732440218948 3.0 223
1732440218972 3.0 223
1732440219750 4.0 227
1732440220126 4.0 231
1732440220517 4.0 235
1732440220963 4.0 239
1732440221357 4.0 243
1732440221780 4.0 247
1732440222148 4.0 251
1732440222559 4.0 255
1732440223001 4.0 259
1732440223375 4.0 263
1732440223833 4.0 267
1732440224260 4.0 271
1732440224685 4.0 275
1732440225116 4.0 279
1732440226831 4.0 279
1732440226855 4.0 279
1732440227485 5.0 283
1732440227913 5.0 287
1732440228329 5.0 291
1732440228739 5.0 295
1732440229134 5.0 299
1732440229586 5.0 303
1732440230016 5.0 307
1732440230425 5.0 311
1732440230822 5.0 315
1732440231219 5.0 319
1732440231608 5.0 323
1732440232030 5.0 327
1732440232450 5.0 331
1732440232846 5.0 335
1732440234473 5.0 335
1732440234494 5.0 335
1732440235096 6.0 339
1732440235533 6.0 343
1732440235956 6.0 347
1732440236408 6.0 351
1732440236769 6.0 355
1732440237191 6.0 359
1732440237611 6.0 363
1732440238057 6.0 367
1732440238456 6.0 371
1732440238902 6.0 375
1732440239244 6.0 379
1732440239656 6.0 383
1732440240044 6.0 387
1732440240453 6.0 391
1732440242025 6.0 391
1732440242047 6.0 391
1732440242684 7.0 395
1732440243067 7.0 399
1732440243542 7.0 403
1732440243918 7.0 407
1732440244309 7.0 411
1732440244757 7.0 415
1732440245133 7.0 419
1732440245555 7.0 423
1732440245981 7.0 427
1732440246474 7.0 431
1732440246900 7.0 435
1732440247331 7.0 439
1732440247829 7.0 443
1732440248184 7.0 447
1732440249726 7.0 447
1732440249747 7.0 447
1732440250398 8.0 451
1732440250797 8.0 455
1732440251214 8.0 459
1732440251678 8.0 463
1732440252121 8.0 467
1732440252591 8.0 471
1732440253048 8.0 475
1732440253441 8.0 479
1732440253852 8.0 483
1732440254286 8.0 487
1732440254681 8.0 491
1732440255089 8.0 495
1732440255507 8.0 499
1732440255900 8.0 503
1732440257381 8.0 503
1732440257402 8.0 503
1732440258125 9.0 507
1732440258565 9.0 511
1732440259000 9.0 515
1732440259410 9.0 519
1732440259862 9.0 523
1732440260321 9.0 527
1732440260768 9.0 531
1732440261199 9.0 535
1732440261583 9.0 539
1732440261971 9.0 543
1732440262385 9.0 547
1732440262821 9.0 551
1732440263164 9.0 555
1732440263566 9.0 559
1732440265027 9.0 559
1732440265046 9.0 559
1732440265679 10.0 563
1732440266114 10.0 567
1732440266452 10.0 571
1732440266886 10.0 575
1732440267311 10.0 579
1732440267718 10.0 583
1732440268140 10.0 587
1732440268526 10.0 591
1732440268985 10.0 595
1732440269371 10.0 599
1732440269790 10.0 603
1732440270231 10.0 607
1732440270638 10.0 611
1732440271067 10.0 615
1732440272543 10.0 615
1732440272566 10.0 615
1732440273232 11.0 619
