1732440188452 1.3858301639556885 0
1732440188687 1.5561679601669312 1
1732440188758 1.2436683177947998 2
1732440188827 1.2436683177947998 3
1732440188939 1.3061683177947998 4
1732440189053 1.1811683177947998 5
1732440189113 1.3061683177947998 6
1732440189177 1.3686683177947998 7
1732440189349 1.3061683177947998 8
1732440189447 1.3061683177947998 9
1732440189496 1.3061683177947998 10
1732440189546 1.2436683177947998 11
1732440189758 1.4936683177947998 12
1732440189846 1.3061683177947998 13
1732440189900 1.5561683177947998 14
1732440189949 1.2436683177947998 15
1732440190198 1.1186683177947998 16
1732440190316 1.1811683177947998 17
1732440190368 1.5561683177947998 18
1732440190419 1.4311683177947998 19
1732440190575 1.4311683177947998 20
1732440190718 1.4311683177947998 21
1732440190772 1.4311683177947998 22
1732440190829 1.2436683177947998 23
1732440191021 1.3061683177947998 24
1732440191140 1.1811683177947998 25
1732440191195 1.1811683177947998 26
1732440191254 1.3061683177947998 27
1732440191425 1.4936683177947998 28
1732440191512 1.4311683177947998 29
1732440191563 1.2436683177947998 30
1732440191615 1.2436683177947998 31
1732440191851 1.1186683177947998 32
1732440191964 1.1186683177947998 33
1732440192018 1.3686683177947998 34
1732440192069 1.1811683177947998 35
1732440192277 1.4936683177947998 36
1732440192377 1.3061683177947998 37
1732440192440 1.4311683177947998 38
1732440192519 1.4936683177947998 39
1732440192866 1.4936683177947998 40
1732440192930 1.1186683177947998 41
1732440192979 1.4311683177947998 42
1732440193035 1.1811683177947998 43
1732440193191 1.4311681985855103 44
1732440193351 1.4311683177947998 45
1732440193403 1.1186683177947998 46
1732440193451 1.4936683177947998 47
1732440193622 1.1186683177947998 48
1732440193691 1.4311683177947998 49
1732440193742 1.2436683177947998 50
1732440193789 1.3686683177947998 51
1732440193971 1.4936683177947998 52
1732440194083 1.2436683177947998 53
1732440194132 1.3061683177947998 54
1732440194220 1.5436683893203735 55
1732440196401 0.9936683177947998 0
1732440196475 1.4311683177947998 1
1732440196545 1.1811683177947998 2
1732440196614 1.1811683177947998 3
1732440196857 1.3061683177947998 4
1732440196919 1.4311683177947998 5
1732440196982 1.0561683177947998 6
1732440197044 1.5561683177947998 7
1732440197231 1.4936683177947998 8
1732440197294 1.4311681985855103 9
1732440197352 1.1811683177947998 10
1732440197409 1.2436683177947998 11
1732440197596 1.5561683177947998 12
1732440197648 1.2436683177947998 13
1732440197702 1.3061683177947998 14
1732440197754 1.4311683177947998 15
1732440197972 1.4936683177947998 16
1732440198031 1.3061683177947998 17
1732440198090 1.1811683177947998 18
1732440198141 1.3686683177947998 19
1732440198332 1.3686683177947998 20
1732440198395 1.3061683177947998 21
1732440198582 1.3686683177947998 22
1732440198636 1.4936683177947998 23
1732440198789 1.1811683177947998 24
1732440198842 1.4311683177947998 25
1732440198984 1.2436683177947998 26
1732440199037 1.1811683177947998 27
1732440199163 1.2436683177947998 28
1732440199217 1.3061683177947998 29
1732440199392 1.3061683177947998 30
1732440199445 1.3686683177947998 31
1732440199584 1.1811683177947998 32
1732440199635 1.3061683177947998 33
1732440199799 1.2436683177947998 34
1732440199854 1.6186683177947998 35
1732440199983 1.6186683177947998 36
1732440200043 1.3686683177947998 37
1732440200256 1.2436683177947998 38
1732440200318 1.1811683177947998 39
1732440200392 1.3061683177947998 40
1732440200474 1.3686683177947998 41
1732440200739 1.3061683177947998 42
1732440200793 1.3061683177947998 43
1732440200915 1.2436683177947998 44
1732440200980 1.3686683177947998 45
1732440201046 1.5561683177947998 46
1732440201096 1.4936683177947998 47
1732440201349 1.3061683177947998 48
1732440201418 1.3061683177947998 49
1732440201497 1.3686683177947998 50
1732440201556 1.3686683177947998 51
1732440201825 1.1186683177947998 52
1732440201881 1.2436683177947998 53
1732440201929 1.3061683177947998 54
1732440201978 1.4103350639343262 55
1732440204140 1.3061683177947998 0
1732440204202 1.1811683177947998 1
1732440204259 1.3061683177947998 2
1732440204321 1.2436683177947998 3
1732440204574 1.1811683177947998 4
1732440204625 1.4936683177947998 5
1732440204681 1.3061683177947998 6
1732440204734 1.3686683177947998 7
1732440205028 1.4936683177947998 8
1732440205080 1.1186683177947998 9
1732440205128 1.5561683177947998 10
1732440205178 1.3061683177947998 11
1732440205453 1.3061683177947998 12
1732440205508 1.3061683177947998 13
1732440205560 1.6811683177947998 14
1732440205615 1.3061683177947998 15
1732440205891 1.1811683177947998 16
1732440205945 1.4311683177947998 17
1732440205997 1.3686683177947998 18
1732440206057 1.3686683177947998 19
1732440206313 1.3061683177947998 20
1732440206365 1.2436683177947998 21
1732440206419 1.2436683177947998 22
1732440206471 1.2436683177947998 23
1732440206695 1.4311683177947998 24
1732440206749 1.4936683177947998 25
1732440206804 1.4936681985855103 26
1732440206866 1.1811683177947998 27
1732440207078 1.3686683177947998 28
1732440207133 1.4936683177947998 29
1732440207189 1.4311683177947998 30
1732440207247 1.4311683177947998 31
1732440207472 1.1186683177947998 32
1732440207526 1.3061683177947998 33
1732440207588 1.3061683177947998 34
1732440207647 1.3686683177947998 35
1732440207874 1.4936683177947998 36
1732440207930 1.3686683177947998 37
1732440207985 1.4311683177947998 38
1732440208043 1.1811683177947998 39
1732440208224 1.3686683177947998 40
1732440208284 1.3061683177947998 41
1732440208336 1.3686683177947998 42
1732440208392 1.2436683177947998 43
1732440208598 1.1811683177947998 44
1732440208656 1.2436683177947998 45
1732440208705 1.1811683177947998 46
1732440208773 1.4936683177947998 47
1732440208983 1.3061683177947998 48
1732440209041 1.3686683177947998 49
1732440209092 1.2436683177947998 50
1732440209143 1.3061683177947998 51
1732440209420 1.3686683177947998 52
1732440209474 1.2436683177947998 53
1732440209520 1.1186683177947998 54
1732440209574 1.2103350162506104 55
1732440211794 1.4311683177947998 0
1732440211854 1.2436683177947998 1
1732440211915 1.3686683177947998 2
1732440211987 1.3686683177947998 3
1732440212221 1.3686683177947998 4
1732440212277 1.4311683177947998 5
1732440212327 1.6186683177947998 6
1732440212375 1.0561683177947998 7
1732440212628 1.1811683177947998 8
1732440212681 1.4936683177947998 9
1732440212730 1.3061683177947998 10
1732440212783 1.3061683177947998 11
1732440213030 1.4936683177947998 12
1732440213088 1.4311683177947998 13
1732440213137 1.1811683177947998 14
1732440213190 1.0561683177947998 15
1732440213450 1.3061683177947998 16
1732440213503 1.4936683177947998 17
1732440213554 1.3686683177947998 18
1732440213604 1.3686683177947998 19
1732440213861 1.2436683177947998 20
1732440213916 1.5561683177947998 21
1732440213967 1.1811683177947998 22
1732440214019 1.4936683177947998 23
1732440214273 1.2436683177947998 24
1732440214327 1.2436683177947998 25
1732440214378 1.2436683177947998 26
1732440214431 1.3061683177947998 27
1732440214662 1.2436683177947998 28
1732440214718 1.5561683177947998 29
1732440214767 1.2436683177947998 30
1732440214822 1.3061683177947998 31
1732440215075 1.4311683177947998 32
1732440215129 1.3686683177947998 33
1732440215178 1.3686683177947998 34
1732440215234 1.3686683177947998 35
1732440215526 1.3061683177947998 36
1732440215580 1.3686683177947998 37
1732440215635 1.3061683177947998 38
1732440215697 1.3686683177947998 39
1732440215865 1.4311683177947998 40
1732440215912 1.2436683177947998 41
1732440215986 1.3686683177947998 42
1732440216043 1.1186683177947998 43
1732440216318 1.3686683177947998 44
1732440216371 1.3686683177947998 45
1732440216425 1.1811683177947998 46
1732440216489 1.3061683177947998 47
1732440216721 1.1811683177947998 48
1732440216777 1.3686683177947998 49
1732440216829 1.4311683177947998 50
1732440216885 1.4311683177947998 51
1732440217173 1.1186683177947998 52
1732440217230 1.3061683177947998 53
1732440217276 1.4936683177947998 54
1732440217323 0.9436683058738708 55
1732440219560 1.3686683177947998 0
1732440219615 1.3061683177947998 1
1732440219675 1.1811683177947998 2
1732440219735 1.3061683177947998 3
1732440219927 1.3686683177947998 4
1732440219992 1.4311683177947998 5
1732440220049 1.3061683177947998 6
1732440220114 1.3686681985855103 7
1732440220339 1.3061683177947998 8
1732440220396 1.3061683177947998 9
1732440220451 1.3061683177947998 10
1732440220505 1.3686683177947998 11
1732440220772 1.2436683177947998 12
1732440220825 1.4311683177947998 13
1732440220884 1.2436683177947998 14
1732440220945 1.3061683177947998 15
1732440221179 1.2436683177947998 16
1732440221233 1.4936683177947998 17
1732440221287 1.4311683177947998 18
1732440221345 1.2436683177947998 19
1732440221601 1.3061683177947998 20
1732440221654 1.5561683177947998 21
1732440221711 1.0561683177947998 22
1732440221763 1.4311683177947998 23
1732440221978 1.4936683177947998 24
1732440222034 1.3686683177947998 25
1732440222085 1.3061683177947998 26
1732440222136 1.1186683177947998 27
1732440222370 1.4311683177947998 28
1732440222428 1.3686683177947998 29
1732440222485 1.0561683177947998 30
1732440222542 1.4936683177947998 31
1732440222817 1.3061683177947998 32
1732440222880 1.3686683177947998 33
1732440222937 1.2436683177947998 34
1732440222987 1.4311683177947998 35
1732440223201 1.3686681985855103 36
1732440223260 1.4936683177947998 37
1732440223311 1.1186683177947998 38
1732440223364 1.4936683177947998 39
1732440223654 1.3061683177947998 40
1732440223710 1.3686683177947998 41
1732440223767 1.5561683177947998 42
1732440223820 1.1811683177947998 43
1732440224084 1.2436683177947998 44
1732440224137 1.1186683177947998 45
1732440224192 1.3686683177947998 46
1732440224249 1.2436683177947998 47
1732440224506 1.3061683177947998 48
1732440224558 1.3686683177947998 49
1732440224616 1.5561683177947998 50
1732440224669 1.1811683177947998 51
1732440224944 1.1186683177947998 52
1732440225003 1.2436683177947998 53
1732440225054 1.4936683177947998 54
1732440225105 1.2770017385482788 55
1732440227309 1.4936683177947998 0
1732440227364 1.3686683177947998 1
1732440227416 1.2436683177947998 2
1732440227468 1.3686683177947998 3
1732440227722 1.1811683177947998 4
1732440227801 1.3061683177947998 5
1732440227854 1.3061683177947998 6
1732440227902 1.3061683177947998 7
1732440228160 1.4311683177947998 8
1732440228217 1.3686683177947998 9
1732440228267 1.3686683177947998 10
1732440228315 1.3686683177947998 11
1732440228551 1.2436683177947998 12
1732440228606 1.4311683177947998 13
1732440228668 1.1811683177947998 14
1732440228719 1.3686681985855103 15
1732440228945 1.3061683177947998 16
1732440229017 1.2436683177947998 17
1732440229074 1.1811683177947998 18
1732440229122 1.1811683177947998 19
1732440229358 1.3686683177947998 20
1732440229456 1.4311683177947998 21
1732440229517 1.4311683177947998 22
1732440229569 1.3061683177947998 23
1732440229750 1.2436683177947998 24
1732440229824 1.3061683177947998 25
1732440229950 1.3686683177947998 26
1732440230001 1.4936683177947998 27
1732440230218 1.2436683177947998 28
1732440230283 1.3061683177947998 29
1732440230352 1.3061683177947998 30
1732440230408 1.4311683177947998 31
1732440230562 1.4936683177947998 32
1732440230628 1.3061683177947998 33
1732440230747 1.3061683177947998 34
1732440230807 1.4311683177947998 35
1732440230927 1.4936683177947998 36
1732440231029 1.3686683177947998 37
1732440231147 1.1186683177947998 38
1732440231204 1.2436683177947998 39
1732440231387 1.1186683177947998 40
1732440231448 1.1811683177947998 41
1732440231545 1.4936683177947998 42
1732440231596 1.1811683177947998 43
1732440231768 1.3686683177947998 44
1732440231868 1.3686683177947998 45
1732440231962 1.1186683177947998 46
1732440232015 1.3686683177947998 47
1732440232136 1.3686683177947998 48
1732440232267 1.3061683177947998 49
1732440232382 1.4311683177947998 50
1732440232435 1.3686683177947998 51
1732440232552 1.2436683177947998 52
1732440232635 1.4936683177947998 53
1732440232786 1.3061683177947998 54
1732440232837 1.3436683416366577 55
1732440234930 1.4311683177947998 0
1732440234986 1.3686683177947998 1
1732440235036 1.3061683177947998 2
1732440235084 1.4311683177947998 3
1732440235362 1.3686683177947998 4
1732440235418 1.6186683177947998 5
1732440235469 0.9311683177947998 6
1732440235518 1.3061683177947998 7
1732440235780 1.4936683177947998 8
1732440235833 1.2436683177947998 9
1732440235883 1.3061683177947998 10
1732440235941 1.3061683177947998 11
1732440236126 1.4311683177947998 12
1732440236281 1.3061683177947998 13
1732440236337 1.3061683177947998 14
1732440236390 1.1186683177947998 15
1732440236528 1.4311683177947998 16
1732440236638 1.6186683177947998 17
1732440236693 1.1811683177947998 18
1732440236745 1.3686683177947998 19
1732440236912 1.4311683177947998 20
1732440237067 1.3061683177947998 21
1732440237122 1.4936683177947998 22
1732440237178 1.4936683177947998 23
1732440237338 1.1186683177947998 24
1732440237490 1.1186683177947998 25
1732440237549 1.4311683177947998 26
1732440237599 1.3061683177947998 27
1732440237810 1.3686683177947998 28
1732440237928 1.3061683177947998 29
1732440237987 1.0561683177947998 30
1732440238040 1.3686683177947998 31
1732440238216 1.3061683177947998 32
1732440238327 1.1811683177947998 33
1732440238384 1.3686683177947998 34
1732440238440 1.4936683177947998 35
1732440238607 1.3061683177947998 36
1732440238775 1.1186683177947998 37
1732440238838 1.3686683177947998 38
1732440238890 1.1811683177947998 39
1732440239040 1.3061683177947998 40
1732440239127 1.4311683177947998 41
1732440239182 1.3686683177947998 42
1732440239231 1.4936683177947998 43
1732440239447 1.4936683177947998 44
1732440239540 1.1811683177947998 45
1732440239595 1.2436683177947998 46
1732440239644 1.2436683177947998 47
1732440239855 1.3061683177947998 48
1732440239928 1.5561683177947998 49
1732440239983 1.3686683177947998 50
1732440240030 1.3686683177947998 51
1732440240272 1.1186683177947998 52
1732440240339 1.1186683177947998 53
1732440240391 1.3686683177947998 54
1732440240438 1.3436683416366577 55
1732440242496 1.3061683177947998 0
1732440242551 1.2436683177947998 1
1732440242609 1.4936683177947998 2
1732440242668 1.2436683177947998 3
1732440242895 1.4311683177947998 4
1732440242950 1.4936683177947998 5
1732440243003 1.3686683177947998 6
1732440243055 1.1811683177947998 7
1732440243375 1.0561683177947998 8
1732440243430 1.5561683177947998 9
1732440243479 1.1811683177947998 10
1732440243530 1.3061683177947998 11
1732440243747 1.2436683177947998 12
1732440243802 1.3686683177947998 13
1732440243851 1.2436683177947998 14
1732440243901 1.4936683177947998 15
1732440244136 1.3686683177947998 16
1732440244188 1.3061683177947998 17
1732440244245 1.3686683177947998 18
1732440244298 1.3061683177947998 19
1732440244561 1.4311683177947998 20
1732440244638 1.2436683177947998 21
1732440244686 1.3686683177947998 22
1732440244742 1.4311683177947998 23
1732440244963 1.3061683177947998 24
1732440245021 1.3061683177947998 25
1732440245072 1.3061683177947998 26
1732440245119 1.2436683177947998 27
1732440245381 1.3686683177947998 28
1732440245445 1.4311683177947998 29
1732440245495 1.3686683177947998 30
1732440245543 1.3686683177947998 31
1732440245805 1.2436683177947998 32
1732440245869 1.4311683177947998 33
1732440245918 1.3061683177947998 34
1732440245966 1.4311683177947998 35
1732440246276 1.3061683177947998 36
1732440246333 1.1811683177947998 37
1732440246383 1.3061683177947998 38
1732440246463 1.4936683177947998 39
1732440246721 1.3061683177947998 40
1732440246776 1.3061683177947998 41
1732440246828 1.1811683177947998 42
1732440246885 1.4936681985855103 43
1732440247140 1.5561683177947998 44
1732440247195 1.1811683177947998 45
1732440247249 1.2436683177947998 46
1732440247316 1.3061683177947998 47
1732440247627 1.2436683177947998 48
1732440247684 1.3061683177947998 49
1732440247750 1.0561683177947998 50
1732440247813 1.1811683177947998 51
1732440247999 1.2436683177947998 52
1732440248056 1.4311683177947998 53
1732440248110 1.3686683177947998 54
1732440248171 1.477001667022705 55
1732440250214 1.3686683177947998 0
1732440250272 1.1811683177947998 1
1732440250328 1.0561683177947998 2
1732440250380 1.3061683177947998 3
1732440250624 1.6186683177947998 4
1732440250679 1.4311683177947998 5
1732440250734 1.6186683177947998 6
1732440250785 1.4311683177947998 7
1732440251034 1.4311683177947998 8
1732440251094 1.3686683177947998 9
1732440251151 1.1811683177947998 10
1732440251202 1.3061683177947998 11
1732440251495 1.3686683177947998 12
1732440251551 1.2436681985855103 13
1732440251605 1.3686683177947998 14
1732440251660 0.9936683177947998 15
1732440251949 1.2436683177947998 16
1732440252006 1.1186683177947998 17
1732440252057 1.4311683177947998 18
1732440252111 1.5561683177947998 19
1732440252392 1.3686683177947998 20
1732440252448 1.3686683177947998 21
1732440252521 1.2436683177947998 22
1732440252574 1.2436683177947998 23
1732440252805 1.3061683177947998 24
1732440252862 1.3061683177947998 25
1732440252983 1.1811683177947998 26
1732440253035 1.3061683177947998 27
1732440253211 1.4311683177947998 28
1732440253271 1.3061683177947998 29
1732440253377 1.3686683177947998 30
1732440253428 1.1811683177947998 31
1732440253617 1.5561683177947998 32
1732440253674 1.3061683177947998 33
1732440253777 1.4936683177947998 34
1732440253840 1.4311683177947998 35
1732440254042 1.3686683177947998 36
1732440254099 1.2436683177947998 37
1732440254206 1.2436683177947998 38
1732440254271 1.4936683177947998 39
1732440254443 1.1186683177947998 40
1732440254497 1.3686683177947998 41
1732440254607 1.3061683177947998 42
1732440254668 1.3061683177947998 43
1732440254899 1.2436683177947998 44
1732440254958 1.3686683177947998 45
1732440255027 1.4311683177947998 46
1732440255074 1.3686683177947998 47
1732440255296 1.3686683177947998 48
1732440255362 1.2436683177947998 49
1732440255427 1.3686683177947998 50
1732440255494 1.5561683177947998 51
1732440255705 1.1186683177947998 52
1732440255767 1.1186683177947998 53
1732440255836 1.2436683177947998 54
1732440255889 1.4103349447250366 55
1732440257934 1.1186683177947998 0
1732440257996 1.1186683177947998 1
1732440258052 1.3686683177947998 2
1732440258111 1.4311683177947998 3
1732440258374 1.3686683177947998 4
1732440258436 1.3061683177947998 5
1732440258492 1.4936683177947998 6
1732440258547 1.3686683177947998 7
1732440258799 1.1811683177947998 8
1732440258863 1.3061683177947998 9
1732440258924 1.4311683177947998 10
1732440258981 1.2436683177947998 11
1732440259184 1.3686683177947998 12
1732440259276 1.2436683177947998 13
1732440259331 1.5561683177947998 14
1732440259394 1.3686683177947998 15
1732440259673 0.993668258190155 16
1732440259753 1.2436683177947998 17
1732440259802 1.2436683177947998 18
1732440259850 1.4936683177947998 19
1732440260136 1.1811683177947998 20
1732440260193 1.3686683177947998 21
1732440260250 1.3061683177947998 22
1732440260304 1.3686683177947998 23
1732440260499 1.3061683177947998 24
1732440260629 1.2436683177947998 25
1732440260693 1.3061683177947998 26
1732440260750 1.3061683177947998 27
1732440260874 1.4311683177947998 28
1732440261056 1.1811683177947998 29
1732440261123 1.4936683177947998 30
1732440261184 1.4936683177947998 31
1732440261274 1.4311683177947998 32
1732440261436 1.3686683177947998 33
1732440261508 1.3061683177947998 34
1732440261572 1.3686683177947998 35
1732440261671 1.2436683177947998 36
1732440261827 1.3686683177947998 37
1732440261897 1.4311683177947998 38
1732440261960 1.0561683177947998 39
1732440262027 1.4936683177947998 40
1732440262243 1.4311683177947998 41
1732440262313 1.5561683177947998 42
1732440262373 1.6186683177947998 43
1732440262472 1.3061683177947998 44
1732440262674 1.3061683177947998 45
1732440262740 1.3061683177947998 46
1732440262807 1.1186683177947998 47
1732440262874 1.3061683177947998 48
1732440263030 1.4311683177947998 49
1732440263091 1.4311683177947998 50
1732440263153 1.2436683177947998 51
1732440263295 1.2436683177947998 52
1732440263461 1.1811683177947998 53
1732440263514 1.3061683177947998 54
1732440263556 1.2103348970413208 55
1732440265511 1.3686683177947998 0
1732440265563 1.4936683177947998 1
1732440265614 1.3686683177947998 2
1732440265667 1.1811683177947998 3
1732440265943 1.3686683177947998 4
1732440265996 1.4311683177947998 5
1732440266046 1.3061683177947998 6
1732440266098 1.1811683177947998 7
1732440266281 1.4936683177947998 8
1732440266337 1.3061683177947998 9
1732440266389 1.1811683177947998 10
1732440266440 1.3686683177947998 11
1732440266711 1.4311683177947998 12
1732440266765 1.5561683177947998 13
1732440266819 1.3686683177947998 14
1732440266872 1.4936683177947998 15
1732440267145 1.1186683177947998 16
1732440267203 1.2436683177947998 17
1732440267252 1.1811683177947998 18
1732440267299 1.4311683177947998 19
1732440267526 1.4311683177947998 20
1732440267588 1.3686683177947998 21
1732440267656 0.9936683177947998 22
1732440267707 1.4311683177947998 23
1732440267979 1.3686683177947998 24
1732440268031 1.3686683177947998 25
1732440268079 1.3061683177947998 26
1732440268128 1.1811683177947998 27
1732440268347 1.4311683177947998 28
1732440268408 1.1811683177947998 29
1732440268459 1.3686683177947998 30
1732440268513 1.3686683177947998 31
1732440268724 1.2436683177947998 32
1732440268843 1.4936683177947998 33
1732440268919 1.3061683177947998 34
1732440268971 1.1811683177947998 35
1732440269179 1.4311683177947998 36
1732440269240 1.4311683177947998 37
1732440269299 1.4311683177947998 38
1732440269360 1.1811683177947998 39
1732440269618 1.0561683177947998 40
1732440269676 1.5561683177947998 41
1732440269726 1.2436683177947998 42
1732440269776 1.4936683177947998 43
1732440270033 1.1186683177947998 44
1732440270098 1.2436683177947998 45
1732440270162 1.3686683177947998 46
1732440270217 1.3061683177947998 47
1732440270426 1.4936683177947998 48
1732440270514 1.1186683177947998 49
1732440270571 1.3686683177947998 50
1732440270627 1.2436683177947998 51
1732440270828 1.1811683177947998 52
1732440270950 1.2436683177947998 53
1732440271008 1.4311681985855103 54
1732440271056 1.477001667022705 55
1732440273058 1.1811683177947998 0
1732440273116 1.5561683177947998 1
1732440273168 1.3061683177947998 2
1732440273218 1.3686683177947998 3
1732440273401 1.3686683177947998 4
