1732440188841 0.234375 3
1732440189187 0.6875 7
1732440189564 0.75 11
1732440189961 0.75 15
1732440190429 0.65625 19
1732440190849 0.75 23
1732440191270 0.71875 27
1732440191630 0.75 31
1732440192081 0.78125 35
1732440192536 0.625 39
1732440193049 0.78125 43
1732440193471 0.625 47
1732440193801 0.6875 51
1732440194261 0.6000000238418579 55
1732440196631 0.78125 59
1732440197059 0.59375 63
1732440197422 0.75 67
1732440197766 0.65625 71
1732440198152 0.6875 75
1732440198648 0.625 79
1732440199055 0.78125 83
1732440199460 0.6875 87
1732440199866 0.5625 91
1732440200330 0.78125 95
1732440200808 0.71875 99
1732440201108 0.625 103
1732440201569 0.6875 107
1732440201987 0.6666666865348816 111
1732440204337 0.75 115
1732440204750 0.6875 119
1732440205191 0.71875 123
1732440205628 0.71875 127
1732440206071 0.6875 131
1732440206486 0.75 135
1732440206882 0.78125 139
1732440207264 0.65625 143
1732440207661 0.6875 147
1732440208059 0.78125 151
1732440208405 0.75 155
1732440208788 0.625 159
1732440209159 0.71875 163
1732440209583 0.7666666507720947 167
1732440211997 0.6875 171
1732440212386 0.84375 175
1732440212798 0.71875 179
1732440213200 0.84375 183
1732440213615 0.6875 187
1732440214032 0.625 191
1732440214447 0.71875 195
1732440214840 0.71875 199
1732440215246 0.6875 203
1732440215711 0.6875 207
1732440216060 0.8125 211
1732440216500 0.71875 215
1732440216898 0.65625 219
1732440217338 0.8999999761581421 223
1732440219750 0.71875 227
1732440220126 0.6875 231
1732440220517 0.6875 235
1732440220963 0.71875 239
1732440221357 0.75 243
1732440221780 0.65625 247
1732440222148 0.8125 251
1732440222559 0.625 255
1732440223001 0.65625 259
1732440223375 0.625 263
1732440223833 0.78125 267
1732440224260 0.75 271
1732440224685 0.78125 275
1732440225116 0.7333333492279053 279
1732440227485 0.6875 283
1732440227913 0.71875 287
1732440228329 0.6875 291
1732440228739 0.6875 295
1732440229134 0.78125 299
1732440229586 0.71875 303
1732440230016 0.625 307
1732440230425 0.65625 311
1732440230822 0.65625 315
1732440231219 0.75 319
1732440231608 0.78125 323
1732440232030 0.6875 327
1732440232450 0.6875 331
1732440232846 0.699999988079071 335
1732440235096 0.65625 339
1732440235533 0.71875 343
1732440235956 0.71875 347
1732440236408 0.8125 351
1732440236769 0.6875 355
1732440237191 0.625 359
1732440237611 0.71875 363
1732440238057 0.6875 367
1732440238456 0.625 371
1732440238902 0.78125 375
1732440239244 0.625 379
1732440239656 0.75 383
1732440240044 0.6875 387
1732440240453 0.699999988079071 391
1732440242684 0.75 395
1732440243067 0.78125 399
1732440243542 0.71875 403
1732440243918 0.625 407
1732440244309 0.71875 411
1732440244757 0.65625 415
1732440245133 0.75 419
1732440245555 0.6875 423
1732440245981 0.65625 427
1732440246474 0.625 431
1732440246900 0.625 435
1732440247331 0.71875 439
1732440247829 0.78125 443
1732440248184 0.6333333253860474 447
1732440250398 0.71875 451
1732440250797 0.65625 455
1732440251214 0.71875 459
1732440251678 0.875 463
1732440252121 0.59375 467
1732440252591 0.75 471
1732440253048 0.71875 475
1732440253441 0.78125 479
1732440253852 0.65625 483
1732440254286 0.625 487
1732440254681 0.71875 491
1732440255089 0.6875 495
1732440255507 0.59375 499
1732440255900 0.6666666865348816 503
1732440258125 0.65625 507
1732440258565 0.6875 511
1732440259000 0.75 515
1732440259410 0.6875 519
1732440259862 0.625 523
1732440260321 0.6875 527
1732440260768 0.71875 531
1732440261199 0.625 535
1732440261583 0.6875 539
1732440261971 0.84375 543
1732440262385 0.5625 547
1732440262821 0.8125 551
1732440263164 0.75 555
1732440263566 0.7666666507720947 559
1732440265679 0.78125 563
1732440266114 0.78125 567
1732440266452 0.6875 571
1732440266886 0.625 575
1732440267311 0.65625 579
1732440267718 0.65625 583
1732440268140 0.78125 587
1732440268526 0.6875 591
1732440268985 0.78125 595
1732440269371 0.78125 599
1732440269790 0.625 603
1732440270231 0.71875 607
1732440270638 0.75 611
1732440271067 0.6333333253860474 615
1732440273232 0.6875 619
