1732431193504 0.0 1
1732431193616 0.0 3
1732431193770 0.0 5
1732431193868 0.0 7
1732431194125 0.0 9
1732431194219 0.0 11
1732431194468 0.0 13
1732431194568 0.0 15
1732431194831 0.0 17
1732431194927 0.0 19
1732431195154 0.0 21
1732431195244 0.0 23
1732431195473 0.0 25
1732431195574 0.0 27
1732431195795 0.0 29
1732431195897 0.0 31
1732431196155 0.0 33
1732431196253 0.0 35
1732431196475 0.0 37
1732431196572 0.0 39
1732431196847 0.0 41
1732431196945 0.0 43
1732431197161 0.0 45
1732431197268 0.0 47
1732431197555 0.0 49
1732431197646 0.0 51
1732431197916 0.0 53
1732431198046 0.0 55
1732431199330 0.0 55
1732431199350 0.0 55
1732431199844 1.0 57
1732431199953 1.0 59
1732431200179 1.0 61
1732431200268 1.0 63
1732431200496 1.0 65
1732431200589 1.0 67
1732431200845 1.0 69
1732431200936 1.0 71
1732431201178 1.0 73
1732431201270 1.0 75
1732431201478 1.0 77
1732431201608 1.0 79
1732431201810 1.0 81
1732431201935 1.0 83
1732431202145 1.0 85
1732431202288 1.0 87
1732431202490 1.0 89
1732431202613 1.0 91
1732431202822 1.0 93
1732431202931 1.0 95
1732431203156 1.0 97
1732431203346 1.0 99
1732431203473 1.0 101
1732431203679 1.0 103
1732431203876 1.0 105
1732431204033 1.0 107
1732431204199 1.0 109
1732431204395 1.0 111
1732431205645 1.0 111
1732431205661 1.0 111
1732431206155 2.0 113
1732431206261 2.0 115
1732431206553 2.0 117
1732431206646 2.0 119
1732431206907 2.0 121
1732431207004 2.0 123
1732431207250 2.0 125
1732431207345 2.0 127
1732431207631 2.0 129
1732431207728 2.0 131
1732431207951 2.0 133
1732431208044 2.0 135
1732431208315 2.0 137
1732431208414 2.0 139
1732431208644 2.0 141
1732431208756 2.0 143
1732431208974 2.0 145
1732431209078 2.0 147
1732431209318 2.0 149
1732431209419 2.0 151
1732431209668 2.0 153
1732431209768 2.0 155
1732431210067 2.0 157
1732431210164 2.0 159
1732431210421 2.0 161
1732431210519 2.0 163
1732431210779 2.0 165
1732431210896 2.0 167
1732431212166 2.0 167
1732431212182 2.0 167
1732431212700 3.0 169
1732431212806 3.0 171
1732431213089 3.0 173
1732431213189 3.0 175
1732431213423 3.0 177
1732431213521 3.0 179
1732431213823 3.0 181
1732431213916 3.0 183
1732431214186 3.0 185
1732431214294 3.0 187
1732431214541 3.0 189
1732431214654 3.0 191
1732431214890 3.0 193
1732431214996 3.0 195
1732431215221 3.0 197
1732431215319 3.0 199
1732431215591 3.0 201
1732431215720 3.0 203
1732431215961 3.0 205
1732431216070 3.0 207
1732431216296 3.0 209
1732431216407 3.0 211
1732431216635 3.0 213
1732431216735 3.0 215
1732431216976 3.0 217
1732431217069 3.0 219
1732431217332 3.0 221
1732431217431 3.0 223
1732431218751 3.0 223
1732431218770 3.0 223
1732431219301 4.0 225
1732431219413 4.0 227
1732431219633 4.0 229
1732431219728 4.0 231
1732431219997 4.0 233
1732431220091 4.0 235
1732431220374 4.0 237
1732431220473 4.0 239
1732431220732 4.0 241
1732431220828 4.0 243
1732431221110 4.0 245
1732431221210 4.0 247
1732431221472 4.0 249
1732431221576 4.0 251
1732431221820 4.0 253
1732431221921 4.0 255
1732431222157 4.0 257
1732431222258 4.0 259
