1732431193305 1.3760936260223389 0
1732431193490 1.4936683177947998 1
1732431193549 1.5561683177947998 2
1732431193601 1.3061683177947998 3
1732431193712 1.4311683177947998 4
1732431193759 1.3686683177947998 5
1732431193810 1.6186681985855103 6
1732431193858 1.5561683177947998 7
1732431194064 1.5561683177947998 8
1732431194111 1.6186681985855103 9
1732431194159 1.6186683177947998 10
1732431194203 1.6811681985855103 11
1732431194373 1.3061683177947998 12
1732431194456 1.5561683177947998 13
1732431194507 1.4936683177947998 14
1732431194552 1.6186683177947998 15
1732431194706 1.4936683177947998 16
1732431194820 1.6186683177947998 17
1732431194868 1.4311683177947998 18
1732431194911 1.6186683177947998 19
1732431195035 1.3686683177947998 20
1732431195139 1.4311683177947998 21
1732431195190 1.5561683177947998 22
1732431195232 1.4936683177947998 23
1732431195354 1.5561683177947998 24
1732431195461 1.4936683177947998 25
1732431195514 1.5561683177947998 26
1732431195558 1.6186683177947998 27
1732431195705 1.6186683177947998 28
1732431195780 1.4936683177947998 29
1732431195835 1.6186683177947998 30
1732431195885 1.5561683177947998 31
1732431196093 1.6811683177947998 32
1732431196144 1.4311683177947998 33
1732431196195 1.4311683177947998 34
1732431196238 1.5561683177947998 35
1732431196396 1.6811683177947998 36
1732431196462 1.4311683177947998 37
1732431196516 1.5561683177947998 38
1732431196560 1.3686683177947998 39
1732431196789 1.6811683177947998 40
1732431196835 1.6186683177947998 41
1732431196886 1.4311683177947998 42
1732431196929 1.6811683177947998 43
1732431197106 1.6186683177947998 44
1732431197149 1.5561683177947998 45
1732431197200 1.6186683177947998 46
1732431197257 1.5561681985855103 47
1732431197498 1.6186681985855103 48
1732431197543 1.6186681985855103 49
1732431197591 1.4936683177947998 50
1732431197633 1.5561683177947998 51
1732431197857 1.6811683177947998 52
1732431197904 1.4311683177947998 53
1732431197951 1.4936683177947998 54
1732431198013 1.5436683893203735 55
1732431199792 1.6811681985855103 0
1732431199831 1.5561683177947998 1
1732431199886 1.4936683177947998 2
1732431199939 1.6186683177947998 3
1732431200123 1.6811681985855103 4
1732431200167 1.3686683177947998 5
1732431200212 1.3686683177947998 6
1732431200254 1.4936683177947998 7
1732431200437 1.3686683177947998 8
1732431200485 1.6186683177947998 9
1732431200531 1.6811681985855103 10
1732431200577 1.5561681985855103 11
1732431200783 1.4936683177947998 12
1732431200832 1.6186683177947998 13
1732431200880 1.5561683177947998 14
1732431200923 1.4311683177947998 15
1732431201112 1.4311683177947998 16
1732431201167 1.4936683177947998 17
1732431201213 1.6186683177947998 18
1732431201256 1.3686683177947998 19
1732431201416 1.2436683177947998 20
1732431201465 1.5561683177947998 21
1732431201552 1.4936683177947998 22
1732431201595 1.4936683177947998 23
1732431201750 1.4311683177947998 24
1732431201797 1.4936683177947998 25
1732431201883 1.4936683177947998 26
1732431201924 1.5561683177947998 27
1732431202089 1.4936683177947998 28
1732431202133 1.5561683177947998 29
1732431202232 1.4936683177947998 30
1732431202275 1.5561683177947998 31
1732431202428 1.4936683177947998 32
1732431202478 1.3686683177947998 33
1732431202534 1.6186683177947998 34
1732431202600 1.6811683177947998 35
1732431202763 1.4311683177947998 36
1732431202810 1.4936683177947998 37
1732431202859 1.6811683177947998 38
1732431202915 1.4311683177947998 39
1732431203099 1.6186683177947998 40
1732431203144 1.5561681985855103 41
1732431203241 1.7436681985855103 42
1732431203330 1.7436683177947998 43
1732431203417 1.6186683177947998 44
1732431203461 1.4936683177947998 45
1732431203618 1.6811681985855103 46
1732431203668 1.3061683177947998 47
1732431203816 1.6186683177947998 48
1732431203861 1.4936683177947998 49
1732431203935 1.5561681985855103 50
1732431204020 1.7436683177947998 51
1732431204145 1.4311683177947998 52
1732431204187 1.5561681985855103 53
1732431204307 1.7436683177947998 54
1732431204387 1.5436683893203735 55
1732431206050 1.5561683177947998 0
1732431206143 1.7436683177947998 1
1732431206198 1.4936683177947998 2
1732431206249 1.4311683177947998 3
1732431206383 1.4936683177947998 4
1732431206537 1.6186683177947998 5
1732431206589 1.2436683177947998 6
1732431206633 1.4311683177947998 7
1732431206733 1.6186683177947998 8
1732431206892 1.5561683177947998 9
1732431206943 1.4936683177947998 10
1732431206988 1.4936683177947998 11
1732431207094 1.5561683177947998 12
1732431207238 1.5561683177947998 13
1732431207290 1.6186683177947998 14
1732431207333 1.7436683177947998 15
1732431207482 1.6186683177947998 16
1732431207620 1.7436683177947998 17
1732431207668 1.6186683177947998 18
1732431207712 1.4936683177947998 19
1732431207862 1.4936683177947998 20
1732431207938 1.4311683177947998 21
1732431207986 1.3686683177947998 22
1732431208033 1.5561683177947998 23
1732431208243 1.4936683177947998 24
1732431208302 1.4311683177947998 25
1732431208351 1.4311683177947998 26
1732431208402 1.6186683177947998 27
1732431208579 1.5561683177947998 28
1732431208631 1.5561683177947998 29
1732431208683 1.5561683177947998 30
1732431208744 1.4936683177947998 31
1732431208879 1.6186683177947998 32
1732431208960 1.4311683177947998 33
1732431209015 1.6186683177947998 34
1732431209062 1.5561683177947998 35
1732431209217 1.5561683177947998 36
1732431209305 1.6186683177947998 37
1732431209354 1.5561683177947998 38
1732431209401 1.5561683177947998 39
1732431209534 1.4936683177947998 40
1732431209653 1.4936683177947998 41
1732431209705 1.4311683177947998 42
1732431209755 1.4311683177947998 43
1732431209868 1.4311683177947998 44
1732431210049 1.4936683177947998 45
1732431210106 1.5561683177947998 46
1732431210151 1.7436683177947998 47
1732431210237 1.5561683177947998 48
1732431210406 1.6811683177947998 49
1732431210463 1.4311683177947998 50
1732431210508 1.5561683177947998 51
1732431210623 1.6186683177947998 52
1732431210766 1.4311683177947998 53
1732431210816 1.5561683177947998 54
1732431210884 1.477001667022705 55
1732431212634 1.5561683177947998 0
1732431212688 1.6186683177947998 1
1732431212741 1.5561683177947998 2
1732431212794 1.6186683177947998 3
1732431213013 1.5561683177947998 4
1732431213076 1.5561683177947998 5
1732431213128 1.5561683177947998 6
1732431213178 1.6186683177947998 7
1732431213363 1.4936683177947998 8
1732431213409 1.5561683177947998 9
1732431213461 1.5561683177947998 10
1732431213507 1.6186681985855103 11
1732431213759 1.5561683177947998 12
1732431213812 1.4936683177947998 13
1732431213858 1.4311683177947998 14
1732431213902 1.5561683177947998 15
1732431214105 1.7436683177947998 16
1732431214149 1.2436683177947998 17
1732431214229 1.5561683177947998 18
1732431214282 1.6186681985855103 19
1732431214485 1.5561683177947998 20
1732431214528 1.6186683177947998 21
1732431214585 1.4936683177947998 22
1732431214639 1.4311683177947998 23
1732431214828 1.5561683177947998 24
1732431214876 1.5561683177947998 25
1732431214933 1.4936683177947998 26
1732431214987 1.3061683177947998 27
1732431215164 1.4311683177947998 28
1732431215212 1.4311683177947998 29
1732431215258 1.5561683177947998 30
1732431215307 1.4936683177947998 31
1732431215524 1.4936681985855103 32
1732431215571 1.6811683177947998 33
1732431215646 1.5561681985855103 34
1732431215703 1.3686683177947998 35
1732431215904 1.4936683177947998 36
1732431215950 1.3686683177947998 37
1732431216004 1.3686683177947998 38
1732431216058 1.5561683177947998 39
1732431216236 1.5561683177947998 40
1732431216282 1.4936683177947998 41
1732431216338 1.6186681985855103 42
1732431216391 1.6811683177947998 43
1732431216577 1.4311683177947998 44
1732431216624 1.6811683177947998 45
1732431216671 1.6186683177947998 46
1732431216724 1.5561683177947998 47
1732431216914 1.5561683177947998 48
1732431216966 1.5561683177947998 49
1732431217013 1.6186683177947998 50
1732431217059 1.5561683177947998 51
1732431217275 1.4936683177947998 52
1732431217322 1.6186683177947998 53
1732431217365 1.5561683177947998 54
1732431217422 1.543668270111084 55
1732431219236 1.6811683177947998 0
1732431219287 1.5561683177947998 1
1732431219344 1.5561683177947998 2
1732431219402 1.4936683177947998 3
1732431219567 1.5561683177947998 4
1732431219618 1.5561683177947998 5
1732431219671 1.4311683177947998 6
1732431219716 1.6186683177947998 7
1732431219937 1.4311683177947998 8
1732431219983 1.4936683177947998 9
1732431220032 1.6186683177947998 10
1732431220077 1.5561683177947998 11
1732431220312 1.4311683177947998 12
1732431220362 1.5561683177947998 13
1732431220422 1.6811681985855103 14
1732431220462 1.5561683177947998 15
1732431220664 1.5561683177947998 16
1732431220717 1.5561681985855103 17
1732431220769 1.4311683177947998 18
1732431220816 1.4311683177947998 19
1732431221055 1.6186683177947998 20
1732431221097 1.6186683177947998 21
1732431221151 1.6186683177947998 22
1732431221196 1.4311683177947998 23
1732431221414 1.6186683177947998 24
1732431221460 1.5561683177947998 25
1732431221512 1.4311683177947998 26
1732431221562 1.6811683177947998 27
1732431221761 1.6186683177947998 28
1732431221807 1.5561683177947998 29
1732431221865 1.6186681985855103 30
1732431221908 1.5561683177947998 31
1732431222100 1.6186683177947998 32
1732431222146 1.3686683177947998 33
1732431222194 1.6186683177947998 34
1732431222246 1.5561681985855103 35
