1732431193504 0.0625 1
1732431193616 0.71875 3
1732431193770 0.6875 5
1732431193868 0.59375 7
1732431194125 0.5625 9
1732431194219 0.53125 11
1732431194468 0.59375 13
1732431194568 0.5625 15
1732431194831 0.5625 17
1732431194927 0.5625 19
1732431195154 0.65625 21
1732431195244 0.625 23
1732431195473 0.625 25
1732431195574 0.5625 27
1732431195795 0.625 29
1732431195897 0.59375 31
1732431196155 0.65625 33
1732431196253 0.59375 35
1732431196475 0.65625 37
1732431196572 0.6875 39
1732431196847 0.5625 41
1732431196945 0.53125 43
1732431197161 0.59375 45
1732431197268 0.59375 47
1732431197555 0.5625 49
1732431197646 0.59375 51
1732431197916 0.65625 53
1732431198046 0.6000000238418579 55
1732431199844 0.59375 57
1732431199953 0.5625 59
1732431200179 0.6875 61
1732431200268 0.625 63
1732431200496 0.5625 65
1732431200589 0.59375 67
1732431200845 0.5625 69
1732431200936 0.65625 71
1732431201178 0.625 73
1732431201270 0.6875 75
1732431201478 0.59375 77
1732431201608 0.625 79
1732431201810 0.625 81
1732431201935 0.59375 83
1732431202145 0.59375 85
1732431202288 0.59375 87
1732431202490 0.6875 89
1732431202613 0.53125 91
1732431202822 0.625 93
1732431202931 0.65625 95
1732431203156 0.59375 97
1732431203346 0.5 99
1732431203473 0.625 101
1732431203679 0.71875 103
1732431203876 0.625 105
1732431204033 0.5 107
1732431204199 0.59375 109
1732431204395 0.6000000238418579 111
1732431206155 0.5 113
1732431206261 0.65625 115
1732431206553 0.5625 117
1732431206646 0.65625 119
1732431206907 0.59375 121
1732431207004 0.625 123
1732431207250 0.59375 125
1732431207345 0.5 127
1732431207631 0.5 129
1732431207728 0.625 131
1732431207951 0.65625 133
1732431208044 0.59375 135
1732431208315 0.65625 137
1732431208414 0.5625 139
1732431208644 0.59375 141
1732431208756 0.625 143
1732431208974 0.65625 145
1732431209078 0.59375 147
1732431209318 0.5625 149
1732431209419 0.59375 151
1732431209668 0.625 153
1732431209768 0.65625 155
1732431210067 0.625 157
1732431210164 0.5 159
1732431210421 0.53125 161
1732431210519 0.59375 163
1732431210779 0.65625 165
1732431210896 0.6333333253860474 167
1732431212700 0.5625 169
1732431212806 0.5625 171
1732431213089 0.59375 173
1732431213189 0.5625 175
1732431213423 0.59375 177
1732431213521 0.5625 179
1732431213823 0.625 181
1732431213916 0.59375 183
1732431214186 0.75 185
1732431214294 0.5625 187
1732431214541 0.5625 189
1732431214654 0.65625 191
1732431214890 0.59375 193
1732431214996 0.71875 195
1732431215221 0.65625 197
1732431215319 0.625 199
1732431215591 0.53125 201
1732431215720 0.6875 203
1732431215961 0.6875 205
1732431216070 0.59375 207
1732431216296 0.625 209
1732431216407 0.53125 211
1732431216635 0.53125 213
1732431216735 0.59375 215
1732431216976 0.59375 217
1732431217069 0.59375 219
1732431217332 0.5625 221
1732431217431 0.6000000238418579 223
1732431219301 0.59375 225
1732431219413 0.625 227
1732431219633 0.59375 229
1732431219728 0.5625 231
1732431219997 0.625 233
1732431220091 0.59375 235
1732431220374 0.59375 237
1732431220473 0.59375 239
1732431220732 0.59375 241
1732431220828 0.65625 243
1732431221110 0.5625 245
1732431221210 0.65625 247
1732431221472 0.59375 249
1732431221576 0.53125 251
1732431221820 0.59375 253
1732431221921 0.59375 255
1732431222157 0.6875 257
1732431222258 0.59375 259
