1732450777976 0.0 9
1732450780351 0.0 19
1732450784230 1.0 29
1732450786511 1.0 39
1732450790192 2.0 49
1732450792487 2.0 59
1732450795004 2.0 69
1732450798449 3.0 79
1732450800996 3.0 89
1732450804438 4.0 99
1732450806936 4.0 109
1732450809380 4.0 119
1732450813041 5.0 129
1732450815398 5.0 139
1732450819053 6.0 149
1732450821474 6.0 159
1732450825091 7.0 169
1732450827465 7.0 179
1732450829994 7.0 189
1732450833629 8.0 199
1732450836211 8.0 209
1732450839722 9.0 219
1732450842398 9.0 229
1732450844677 9.0 239
1732450848394 10.0 249
1732450850803 10.0 259
1732450854570 11.0 269
1732450856807 11.0 279
