1732450777976 1.3596141338348389 9
1732450780351 1.3440723419189453 19
1732450784230 1.33746337890625 29
1732450786511 1.3290176391601562 39
1732450790192 1.3572556972503662 49
1732450792487 1.328843593597412 59
1732450795004 1.3588601350784302 69
1732450798449 1.2351826429367065 79
1732450800996 1.3732056617736816 89
1732450804438 1.352532148361206 99
1732450806936 1.3944942951202393 109
1732450809380 1.266580581665039 119
1732450813041 1.3482778072357178 129
1732450815398 1.47598397731781 139
1732450819053 1.3976569175720215 149
1732450821474 1.3740721940994263 159
1732450825091 1.334463357925415 169
1732450827465 1.3536134958267212 179
1732450829994 1.327709674835205 189
1732450833629 1.293412685394287 199
1732450836211 1.2870327234268188 209
1732450839722 1.2544333934783936 219
1732450842398 1.4414255619049072 229
1732450844677 1.3208754062652588 239
1732450848394 1.3213993310928345 249
1732450850803 1.32016122341156 259
1732450854570 1.3730361461639404 269
1732450856807 1.2980709075927734 279
