1732386230544 0.0 1
1732386230670 0.0 3
1732386231157 0.0 5
1732386231272 0.0 7
1732386231818 0.0 9
1732386231934 0.0 11
1732386232396 0.0 13
1732386232507 0.0 15
1732386233003 0.0 17
1732386233117 0.0 19
1732386233645 0.0 21
1732386233772 0.0 23
1732386234229 0.0 25
1732386234348 0.0 27
1732386234801 0.0 29
1732386234913 0.0 31
1732386235468 0.0 33
1732386235584 0.0 35
1732386236067 0.0 37
1732386236193 0.0 39
1732386236634 0.0 41
1732386236753 0.0 43
1732386237212 0.0 45
1732386237326 0.0 47
1732386237868 0.0 49
1732386237991 0.0 51
1732386238460 0.0 53
1732386238587 0.0 55
1732386239115 0.0 57
1732386239230 0.0 59
1732386239719 0.0 61
1732386239838 0.0 63
1732386240340 0.0 65
1732386240443 0.0 67
1732386240993 0.0 69
1732386241120 0.0 71
1732386241608 0.0 73
1732386241717 0.0 75
1732386242215 0.0 77
1732386244323 0.0 77
1732386244343 0.0 77
1732386245085 1.0 79
1732386245197 1.0 81
1732386245653 1.0 83
1732386245758 1.0 85
1732386246257 1.0 87
1732386246372 1.0 89
1732386246885 1.0 91
1732386247004 1.0 93
1732386247509 1.0 95
1732386247627 1.0 97
1732386248187 1.0 99
1732386248312 1.0 101
1732386248789 1.0 103
1732386248900 1.0 105
1732386249480 1.0 107
1732386249597 1.0 109
1732386250126 1.0 111
1732386250254 1.0 113
1732386250625 1.0 115
1732386250738 1.0 117
1732386251212 1.0 119
1732386251324 1.0 121
1732386251901 1.0 123
1732386252028 1.0 125
1732386252455 1.0 127
1732386252573 1.0 129
1732386253129 1.0 131
1732386253249 1.0 133
1732386253718 1.0 135
1732386253836 1.0 137
1732386254364 1.0 139
1732386254481 1.0 141
1732386255011 1.0 143
1732386255125 1.0 145
1732386255664 1.0 147
1732386255784 1.0 149
1732386256287 1.0 151
1732386256396 1.0 153
1732386256620 1.0 155
1732386258696 1.0 155
1732386258719 1.0 155
1732386259482 2.0 157
1732386259599 2.0 159
1732386260081 2.0 161
1732386260213 2.0 163
1732386260782 2.0 165
1732386260906 2.0 167
1732386261384 2.0 169
1732386261492 2.0 171
1732386261989 2.0 173
1732386262106 2.0 175
1732386262621 2.0 177
1732386262734 2.0 179
1732386263210 2.0 181
1732386263327 2.0 183
1732386263721 2.0 185
1732386263842 2.0 187
1732386264342 2.0 189
1732386264461 2.0 191
1732386265010 2.0 193
1732386265133 2.0 195
1732386265669 2.0 197
1732386265788 2.0 199
1732386266304 2.0 201
1732386266428 2.0 203
1732386266957 2.0 205
1732386267069 2.0 207
1732386267601 2.0 209
1732386267715 2.0 211
1732386268229 2.0 213
1732386268354 2.0 215
1732386268805 2.0 217
1732386268917 2.0 219
1732386269463 2.0 221
1732386269571 2.0 223
1732386270055 2.0 225
1732386270178 2.0 227
1732386270648 2.0 229
1732386270753 2.0 231
1732386271217 2.0 233
1732386273266 2.0 233
1732386273285 2.0 233
1732386274038 3.0 235
1732386274162 3.0 237
1732386274647 3.0 239
1732386274763 3.0 241
1732386275301 3.0 243
1732386275413 3.0 245
1732386276003 3.0 247
1732386276116 3.0 249
1732386276641 3.0 251
1732386276749 3.0 253
