1732386230377 1.3846795558929443 0
1732386230523 1.3373591899871826 0
1732386230597 1.3061683177947998 0
1732386230656 1.4311683177947998 0
1732386231090 1.4311683177947998 0
1732386231140 1.5561683177947998 0
1732386231202 1.6186683177947998 0
1732386231254 1.5561683177947998 0
1732386231743 1.6811683177947998 0
1732386231796 1.7436683177947998 0
1732386231866 1.5561683177947998 0
1732386231917 1.6186683177947998 0
1732386232321 1.5561683177947998 0
1732386232380 1.5561683177947998 0
1732386232443 1.5561683177947998 0
1732386232492 1.3061683177947998 0
1732386232931 1.4936683177947998 0
1732386232987 1.3686683177947998 0
1732386233054 1.6186683177947998 0
1732386233103 1.3686683177947998 0
1732386233571 1.3686683177947998 0
1732386233626 1.3061683177947998 0
1732386233691 1.3686683177947998 0
1732386233749 1.4311683177947998 0
1732386234153 1.5561683177947998 0
1732386234213 1.5561683177947998 0
1732386234277 1.2436683177947998 0
1732386234332 1.4311683177947998 0
1732386234734 1.4936683177947998 0
1732386234784 1.6186683177947998 0
1732386234843 1.6186683177947998 0
1732386234900 1.4936683177947998 0
1732386235394 1.3686683177947998 0
1732386235454 1.3061683177947998 0
1732386235518 1.3686683177947998 0
1732386235570 1.5561683177947998 0
1732386235987 1.5561683177947998 0
1732386236044 1.3061683177947998 0
1732386236114 1.3061683177947998 0
1732386236178 1.4936683177947998 0
1732386236562 1.5561683177947998 0
1732386236614 1.5561683177947998 0
1732386236683 1.4311683177947998 0
1732386236736 1.3686683177947998 0
1732386237141 1.5561683177947998 0
1732386237196 1.2436683177947998 0
1732386237259 1.4936683177947998 0
1732386237311 1.3686683177947998 0
1732386237790 1.4936683177947998 0
1732386237850 1.5561683177947998 0
1732386237918 1.5561683177947998 0
1732386237976 1.3686683177947998 0
1732386238392 1.5561683177947998 0
1732386238440 1.4936683177947998 0
1732386238510 1.4311683177947998 0
1732386238571 1.4311683177947998 0
1732386239045 1.5561683177947998 0
1732386239101 1.5561683177947998 0
1732386239158 1.6186683177947998 0
1732386239212 1.4936683177947998 0
1732386239642 1.3686683177947998 0
1732386239696 1.4311683177947998 0
1732386239770 1.4936683177947998 0
1732386239824 1.6186683177947998 0
1732386240266 1.4311683177947998 0
1732386240324 1.4311683177947998 0
1732386240381 1.4311683177947998 0
1732386240429 1.3686683177947998 0
1732386240913 1.3686683177947998 0
1732386240971 1.4936683177947998 0
1732386241043 1.6186683177947998 0
1732386241094 1.1811683177947998 0
1732386241534 1.3061683177947998 0
1732386241589 1.4311683177947998 0
1732386241651 1.4311683177947998 0
1732386241703 1.5561683177947998 0
1732386242134 1.4311683177947998 0
1732386242185 1.4936683177947998 0
1732386244996 1.6186683177947998 0
1732386245065 1.6811683177947998 0
1732386245125 1.6186683177947998 0
1732386245183 1.6186683177947998 0
1732386245577 1.5561683177947998 0
1732386245635 1.5561683177947998 0
1732386245695 1.3686683177947998 0
1732386245741 1.4936683177947998 0
1732386246183 1.4936683177947998 0
1732386246241 1.6186683177947998 0
1732386246300 1.3686681985855103 0
1732386246352 1.4936683177947998 0
1732386246783 1.6811683177947998 0
1732386246864 1.3686683177947998 0
1732386246929 1.6186683177947998 0
1732386246984 1.3061683177947998 0
1732386247399 1.3061683177947998 0
1732386247492 1.4311683177947998 0
1732386247548 1.5561683177947998 0
1732386247604 1.6186683177947998 0
1732386248080 1.4311683177947998 0
1732386248164 1.6186683177947998 0
1732386248229 1.4311683177947998 0
1732386248292 1.4936683177947998 0
1732386248678 1.5561683177947998 0
1732386248774 1.4311683177947998 0
1732386248835 1.4311683177947998 0
1732386248884 1.4936683177947998 0
1732386249234 1.4311683177947998 0
1732386249463 1.3686683177947998 0
1732386249522 1.4311683177947998 0
1732386249574 1.4311683177947998 0
1732386249803 1.4936683177947998 0
1732386250107 1.5561683177947998 0
1732386250167 1.4311683177947998 0
1732386250228 1.5561683177947998 0
1732386250336 1.2436683177947998 0
1732386250607 1.3686683177947998 0
1732386250668 1.1811683177947998 0
1732386250719 1.4936683177947998 0
1732386250884 1.4311683177947998 0
1732386251196 1.5561683177947998 0
1732386251259 1.4936683177947998 0
1732386251310 1.3061683177947998 0
1732386251538 1.3686683177947998 0
1732386251884 1.4311683177947998 0
1732386251948 1.3686683177947998 0
1732386252007 1.2436683177947998 0
1732386252119 1.4936683177947998 0
1732386252438 1.4936683177947998 0
1732386252498 1.6811683177947998 0
1732386252552 1.3061683177947998 0
1732386252821 1.3686683177947998 0
1732386253113 1.3686683177947998 0
1732386253173 1.4311683177947998 0
1732386253229 1.5561683177947998 0
1732386253376 1.3686683177947998 0
1732386253696 1.6811683177947998 0
1732386253761 1.4311683177947998 0
1732386253820 1.5561683177947998 0
1732386253892 1.4311683177947998 0
1732386254348 1.4311683177947998 0
1732386254408 1.4311683177947998 0
1732386254463 1.3686683177947998 0
1732386254570 1.5561683177947998 0
1732386254995 1.4311681985855103 0
1732386255053 1.3686683177947998 0
1732386255107 1.6186683177947998 0
1732386255206 1.4936683177947998 0
1732386255646 1.4936683177947998 0
1732386255715 1.3061683177947998 0
1732386255769 1.4311683177947998 0
1732386255824 1.3686681985855103 0
1732386256270 1.4311683177947998 0
1732386256330 1.3061683177947998 0
1732386256380 1.6186683177947998 0
1732386256436 1.4936683177947998 0
1732386256607 1.4936683177947998 0
1732386259406 1.5561683177947998 0
1732386259461 1.5561683177947998 0
1732386259525 1.4936683177947998 0
1732386259578 1.5561683177947998 0
1732386259868 1.5561683177947998 0
1732386260064 1.5561683177947998 0
1732386260127 1.6186683177947998 0
1732386260190 1.4311683177947998 0
1732386260484 1.4936683177947998 0
1732386260756 1.5561683177947998 0
1732386260821 1.4311683177947998 0
1732386260881 1.4936683177947998 0
1732386261155 1.4936683177947998 0
1732386261362 1.3061683177947998 0
1732386261429 1.4311683177947998 0
1732386261478 1.4936683177947998 0
1732386261777 1.5561683177947998 0
1732386261970 1.4936683177947998 0
1732386262037 1.4311683177947998 0
1732386262091 1.4936683177947998 0
1732386262362 1.4936683177947998 0
1732386262602 1.5561683177947998 0
1732386262664 1.4311683177947998 0
1732386262719 1.5561683177947998 0
1732386263034 1.4936683177947998 0
1732386263189 1.3061683177947998 0
1732386263256 1.4936683177947998 0
1732386263307 1.4936683177947998 0
1732386263631 1.3686683177947998 0
1732386263699 1.4936683177947998 0
1732386263769 1.3061683177947998 0
1732386263824 1.4936683177947998 0
1732386264267 1.4311683177947998 0
1732386264322 1.4311683177947998 0
1732386264388 1.2436683177947998 0
1732386264442 1.4936683177947998 0
1732386264929 1.3686683177947998 0
1732386264992 1.3686683177947998 0
1732386265055 1.6186683177947998 0
1732386265110 1.3061683177947998 0
1732386265603 1.4936683177947998 0
1732386265654 1.4311683177947998 0
1732386265721 1.5561683177947998 0
1732386265771 1.3061683177947998 0
1732386266232 1.4936683177947998 0
1732386266286 1.4311683177947998 0
1732386266359 1.4311683177947998 0
1732386266414 1.3061683177947998 0
1732386266887 1.4311683177947998 0
1732386266941 1.4311683177947998 0
1732386267002 1.3686683177947998 0
1732386267055 1.4311683177947998 0
1732386267515 1.5561683177947998 0
1732386267580 1.4936683177947998 0
1732386267648 1.3061683177947998 0
1732386267698 1.3061683177947998 0
1732386268148 1.2436683177947998 0
1732386268211 1.4311683177947998 0
1732386268284 1.4936683177947998 0
1732386268337 1.4936683177947998 0
1732386268727 1.4936683177947998 0
1732386268788 1.4311683177947998 0
1732386268854 1.4936683177947998 0
1732386268901 1.5561683177947998 0
1732386269377 1.6186683177947998 0
1732386269446 1.4936683177947998 0
1732386269510 1.6186683177947998 0
1732386269557 1.4936683177947998 0
1732386269991 1.6811683177947998 0
1732386270041 1.3686683177947998 0
1732386270104 1.5561683177947998 0
1732386270156 1.4311683177947998 0
1732386270583 1.6811683177947998 0
1732386270634 1.4311683177947998 0
1732386270691 1.4311683177947998 0
1732386270739 1.4311683177947998 0
1732386271153 1.3686683177947998 0
1732386271206 1.4936683177947998 0
1732386273958 1.6186681985855103 0
1732386274017 1.4311683177947998 0
1732386274085 1.4936683177947998 0
1732386274142 1.4936683177947998 0
1732386274578 1.5561683177947998 0
1732386274631 1.3686683177947998 0
1732386274694 1.6811683177947998 0
1732386274746 1.4936683177947998 0
1732386275233 1.2436683177947998 0
1732386275289 1.3686683177947998 0
1732386275347 1.6186681985855103 0
1732386275399 1.4311683177947998 0
1732386275929 1.3061683177947998 0
1732386275983 1.4936683177947998 0
1732386276046 1.4311683177947998 0
1732386276099 1.4311683177947998 0
1732386276571 1.4936683177947998 0
1732386276624 1.4936683177947998 0
1732386276686 1.4936683177947998 0
1732386276735 1.4936683177947998 0
