1732386230544 0.0 1
1732386230670 0.484375 3
1732386231157 0.59375 5
1732386231272 0.59375 7
1732386231818 0.5 9
1732386231934 0.5625 11
1732386232396 0.59375 13
1732386232507 0.71875 15
1732386233003 0.6875 17
1732386233117 0.6875 19
1732386233645 0.71875 21
1732386233772 0.65625 23
1732386234229 0.59375 25
1732386234348 0.65625 27
1732386234801 0.5625 29
1732386234913 0.625 31
1732386235468 0.71875 33
1732386235584 0.59375 35
1732386236067 0.71875 37
1732386236193 0.625 39
1732386236634 0.59375 41
1732386236753 0.6875 43
1732386237212 0.75 45
1732386237326 0.6875 47
1732386237868 0.59375 49
1732386237991 0.6875 51
1732386238460 0.625 53
1732386238587 0.65625 55
1732386239115 0.59375 57
1732386239230 0.625 59
1732386239719 0.65625 61
1732386239838 0.5625 63
1732386240340 0.65625 65
1732386240443 0.6875 67
1732386240993 0.625 69
1732386241120 0.78125 71
1732386241608 0.65625 73
1732386241717 0.59375 75
1732386242215 0.625 77
1732386244343 0.0 77
1732386245085 0.53125 79
1732386245197 0.5625 81
1732386245653 0.59375 83
1732386245758 0.625 85
1732386246257 0.5625 87
1732386246372 0.625 89
1732386246885 0.6875 91
1732386247004 0.71875 93
1732386247509 0.65625 95
1732386247627 0.5625 97
1732386248187 0.5625 99
1732386248312 0.625 101
1732386248789 0.65625 103
1732386248900 0.625 105
1732386249480 0.6875 107
1732386249597 0.65625 109
1732386250126 0.59375 111
1732386250254 0.59375 113
1732386250625 0.6875 115
1732386250738 0.625 117
1732386251212 0.59375 119
1732386251324 0.71875 121
1732386251901 0.65625 123
1732386252028 0.75 125
1732386252455 0.625 127
1732386252573 0.71875 129
1732386253129 0.6875 131
1732386253249 0.59375 133
1732386253718 0.53125 135
1732386253836 0.59375 137
1732386254364 0.65625 139
1732386254481 0.6875 141
1732386255011 0.65625 143
1732386255125 0.5625 145
1732386255664 0.625 147
1732386255784 0.65625 149
1732386256287 0.65625 151
1732386256396 0.5625 153
1732386256620 0.625 155
1732386258719 1.401298464324817e-45 155
1732386259482 0.59375 157
1732386259599 0.59375 159
1732386260081 0.59375 161
1732386260213 0.65625 163
1732386260782 0.59375 165
1732386260906 0.625 167
1732386261384 0.71875 169
1732386261492 0.625 171
1732386261989 0.625 173
1732386262106 0.625 175
1732386262621 0.59375 177
1732386262734 0.59375 179
1732386263210 0.71875 181
1732386263327 0.625 183
1732386263721 0.625 185
1732386263842 0.625 187
1732386264342 0.65625 189
1732386264461 0.625 191
1732386265010 0.6875 193
1732386265133 0.71875 195
1732386265669 0.65625 197
1732386265788 0.71875 199
1732386266304 0.65625 201
1732386266428 0.71875 203
1732386266957 0.65625 205
1732386267069 0.65625 207
1732386267601 0.625 209
1732386267715 0.71875 211
1732386268229 0.65625 213
1732386268354 0.625 215
1732386268805 0.65625 217
1732386268917 0.59375 219
1732386269463 0.625 221
1732386269571 0.625 223
1732386270055 0.6875 225
1732386270178 0.65625 227
1732386270648 0.65625 229
1732386270753 0.65625 231
1732386271217 0.625 233
1732386273285 2.802596928649634e-45 233
1732386274038 0.65625 235
1732386274162 0.625 237
1732386274647 0.6875 239
1732386274763 0.625 241
1732386275301 0.6875 243
1732386275413 0.65625 245
1732386276003 0.625 247
1732386276116 0.65625 249
1732386276641 0.625 251
1732386276749 0.625 253
