1732441412123 1.385651707649231 0
1732441412347 1.3061683177947998 1
1732441412421 1.3061683177947998 2
1732441412504 1.3686683177947998 3
1732441412760 1.4311683177947998 4
1732441412823 1.2436683177947998 5
1732441412885 1.4311683177947998 6
1732441412951 1.3686683177947998 7
1732441413234 1.3686683177947998 8
1732441413299 1.1186683177947998 9
1732441413349 1.3061683177947998 10
1732441413399 1.3061683177947998 11
1732441413682 1.3686683177947998 12
1732441413746 1.3686683177947998 13
1732441413800 1.1811683177947998 14
1732441413855 1.4311683177947998 15
1732441414152 1.4311683177947998 16
1732441414212 1.4936683177947998 17
1732441414267 1.3061683177947998 18
1732441414332 1.3061683177947998 19
1732441414599 1.3686683177947998 20
1732441414659 1.1811683177947998 21
1732441414719 1.1811683177947998 22
1732441414786 1.3686683177947998 23
1732441415046 1.3686683177947998 24
1732441415100 1.5561683177947998 25
1732441415152 1.3686683177947998 26
1732441415222 1.1186683177947998 27
1732441415438 1.2436683177947998 28
1732441415494 1.1811683177947998 29
1732441415548 1.4311683177947998 30
1732441415613 1.3061683177947998 31
1732441415848 1.3686683177947998 32
1732441415907 1.4311683177947998 33
1732441415962 1.3061683177947998 34
1732441416049 1.3061683177947998 35
1732441416231 1.2436683177947998 36
1732441416292 1.3061683177947998 37
1732441416365 1.2436683177947998 38
1732441416436 1.2436683177947998 39
1732441416615 1.3686683177947998 40
1732441416669 1.3686683177947998 41
1732441416762 1.3686683177947998 42
1732441416821 1.4311683177947998 43
1732441417050 1.1811683177947998 44
1732441417101 1.5561683177947998 45
1732441417237 1.3061683177947998 46
1732441417296 1.4311683177947998 47
1732441417477 1.3686683177947998 48
1732441417542 1.4311681985855103 49
1732441417617 1.3061683177947998 50
1732441417673 1.3061683177947998 51
1732441417867 1.2436683177947998 52
1732441417921 1.1186683177947998 53
1732441418057 1.1811683177947998 54
1732441418159 1.4103350639343262 55
