1732469387445 0.0 9
1732469393957 0.0 14
1732469394067 0.0 14
1732469400090 1.0 19
1732469411465 1.0 29
1732469412487 1.0 29
1732469412590 1.0 29
1732469424692 2.0 39
1732469431084 2.0 44
1732469431192 2.0 44
1732469437256 3.0 49
1732469448617 3.0 59
1732469449627 3.0 59
1732469449738 3.0 59
1732469461763 4.0 69
1732469468094 4.0 74
1732469468200 4.0 74
1732469474262 5.0 79
1732469485603 5.0 89
1732469486621 5.0 89
1732469486729 5.0 89
1732469498830 6.0 99
1732469505151 6.0 104
1732469505260 6.0 104
1732469511298 7.0 109
1732469522681 7.0 119
1732469523711 7.0 119
1732469523827 7.0 119
1732469535899 8.0 129
1732469542211 8.0 134
1732469542319 8.0 134
1732469548390 9.0 139
1732469559740 9.0 149
1732469560768 9.0 149
1732469560877 9.0 149
1732469572929 10.0 159
1732469579260 10.0 164
1732469579366 10.0 164
1732469585393 11.0 169
1732469596756 11.0 179
1732469597772 11.0 179
1732469597880 11.0 179
1732469609962 12.0 189
1732469616309 12.0 194
1732469616419 12.0 194
1732469622496 13.0 199
1732469633849 13.0 209
1732469634864 13.0 209
1732469634970 13.0 209
1732469647009 14.0 219
1732469653363 14.0 224
1732469653470 14.0 224
1732469659537 15.0 229
1732469670892 15.0 239
1732469671907 15.0 239
1732469672014 15.0 239
1732469684059 16.0 249
1732469690400 16.0 254
1732469690504 16.0 254
1732469696554 17.0 259
1732469707910 17.0 269
1732469708924 17.0 269
1732469709032 17.0 269
1732469721126 18.0 279
1732469727504 18.0 284
1732469727607 18.0 284
1732469733659 19.0 289
1732469745014 19.0 299
1732469746037 19.0 299
1732469746141 19.0 299
1732469758222 20.0 309
1732469764549 20.0 314
1732469764658 20.0 314
1732469770704 21.0 319
1732469782028 21.0 329
1732469783041 21.0 329
1732469783150 21.0 329
1732469795246 22.0 339
1732469801563 22.0 344
1732469801668 22.0 344
1732469807712 23.0 349
1732469819002 23.0 359
1732469820021 23.0 359
1732469820126 23.0 359
1732469832215 24.0 369
1732469838574 24.0 374
1732469838683 24.0 374
1732469844731 25.0 379
1732469856086 25.0 389
1732469857107 25.0 389
1732469857212 25.0 389
1732469869294 26.0 399
1732469875634 26.0 404
1732469875742 26.0 404
1732469881786 27.0 409
1732469893112 27.0 419
1732469894134 27.0 419
1732469894239 27.0 419
1732469906274 28.0 429
1732469912605 28.0 434
1732469912715 28.0 434
1732469918779 29.0 439
1732469930124 29.0 449
1732469931131 29.0 449
1732469931236 29.0 449
