1732469375120 0.1 0
1732469394072 0.1 15
1732469412593 0.1 30
1732469431195 0.1 45
1732469449745 0.1 60
1732469468203 0.1 75
1732469486732 0.1 90
1732469505264 0.010000000000000002 105
1732469523831 0.010000000000000002 120
1732469542323 0.010000000000000002 135
1732469560880 0.0010000000000000002 150
1732469579370 0.0010000000000000002 165
1732469597884 0.0010000000000000002 180
1732469616423 0.00010000000000000003 195
1732469634974 0.00010000000000000003 210
1732469653474 0.00010000000000000003 225
1732469672018 1.0000000000000004e-05 240
1732469690514 1.0000000000000004e-05 255
1732469709042 1.0000000000000004e-05 270
1732469727611 1.0000000000000004e-06 285
1732469746145 1.0000000000000004e-06 300
1732469764665 1.0000000000000004e-06 315
1732469783153 1.0000000000000005e-07 330
1732469801674 1.0000000000000005e-07 345
1732469820136 1.0000000000000005e-07 360
1732469838694 1.0000000000000005e-08 375
1732469857222 1.0000000000000005e-08 390
1732469875746 1.0000000000000005e-08 405
1732469894243 1.0000000000000005e-08 420
1732469912719 1.0000000000000005e-08 435
