1732469387445 0.625 9
1732469400090 0.59375 19
1732469411465 0.75 29
1732469424692 0.6875 39
1732469437256 0.65625 49
1732469448617 0.800000011920929 59
1732469461763 0.6875 69
1732469474262 0.65625 79
1732469485603 0.75 89
1732469498830 0.625 99
1732469511298 0.65625 109
1732469522681 0.699999988079071 119
1732469535899 0.65625 129
1732469548390 0.65625 139
1732469559740 0.6499999761581421 149
1732469572929 0.65625 159
1732469585393 0.65625 169
1732469596756 0.75 179
1732469609962 0.65625 189
1732469622496 0.65625 199
1732469633849 0.6000000238418579 209
1732469647009 0.5625 219
1732469659537 0.75 229
1732469670892 0.75 239
1732469684059 0.59375 249
1732469696554 0.75 259
1732469707910 0.699999988079071 269
1732469721126 0.78125 279
1732469733659 0.6875 289
1732469745014 0.75 299
1732469758222 0.65625 309
1732469770704 0.65625 319
1732469782028 0.699999988079071 329
1732469795246 0.71875 339
1732469807712 0.65625 349
1732469819002 0.6499999761581421 359
1732469832215 0.71875 369
1732469844731 0.71875 379
1732469856086 0.699999988079071 389
1732469869294 0.71875 399
1732469881786 0.6875 409
1732469893112 0.6499999761581421 419
1732469906274 0.75 429
1732469918779 0.71875 439
1732469930124 0.75 449
