1732469387445 1.4936683177947998 9
1732469400090 1.5561683177947998 19
1732469411465 1.2436683177947998 29
1732469424692 1.3686683177947998 39
1732469437256 1.4311683177947998 49
1732469448617 1.143668293952942 59
1732469461763 1.3686683177947998 69
1732469474262 1.4311683177947998 79
1732469485603 1.2436683177947998 89
1732469498830 1.4936681985855103 99
1732469511298 1.4311683177947998 109
1732469522681 1.3436682224273682 119
1732469535899 1.4311683177947998 129
1732469548390 1.4311683177947998 139
1732469559740 1.443668246269226 149
1732469572929 1.4311683177947998 159
1732469585393 1.306276798248291 169
1732469596756 1.2436683177947998 179
1732469609962 1.4311683177947998 189
1732469622496 1.4311683177947998 199
1732469633849 1.543668270111084 209
1732469647009 1.6186683177947998 219
1732469659537 1.2436683177947998 229
1732469670892 1.2436683177947998 239
1732469684059 1.5561683177947998 249
1732469696554 1.2436683177947998 259
1732469707910 1.2377545833587646 269
1732469721126 1.1811683177947998 279
1732469733659 1.3686683177947998 289
1732469745014 1.2436683177947998 299
1732469758222 1.4311683177947998 309
1732469770704 1.4311683177947998 319
1732469782028 1.3436683416366577 329
1732469795246 1.3061683177947998 339
1732469807712 1.4311683177947998 349
1732469819002 1.443668246269226 359
1732469832215 1.3061683177947998 369
1732469844731 1.3061683177947998 379
1732469856086 1.3436683416366577 389
1732469869294 1.3061683177947998 399
1732469881786 1.3686683177947998 409
1732469893112 1.443668246269226 419
1732469906274 1.2436683177947998 429
1732469918779 1.3061683177947998 439
1732469930124 1.2436683177947998 449
