1732469394067 1.8421595149702364e-32 14
1732469412590 4.203895392974451e-44 29
1732469431192 6.305843089461677e-44 44
1732469449738 8.407790785948902e-44 59
1732469468200 1.0509738482436128e-43 74
1732469486729 1.2611686178923354e-43 89
1732469505260 1.471363387541058e-43 104
1732469523827 9.80908925027372e-45 119
1732469542319 1.891752926838503e-43 134
1732469560877 2.1019476964872256e-43 149
1732469579366 2.312142466135948e-43 164
1732469597880 2.5223372357846707e-43 179
1732469616419 2.7325320054333933e-43 194
1732469634970 2.942726775082116e-43 209
1732469653470 3.1529215447308384e-43 224
1732469672014 3.363116314379561e-43 239
1732469690504 3.5733110840282835e-43 254
1732469709032 2.382207389352189e-44 269
1732469727607 2.5223372357846707e-44 284
1732469746141 4.203895392974451e-43 299
1732469764658 4.414090162623174e-43 314
1732469783150 4.624284932271896e-43 329
1732469801668 4.834479701920619e-43 344
1732469820126 5.0446744715693415e-43 359
1732469838683 7.006492321624085e-45 374
1732469857212 5.4650640108667866e-43 389
1732469875742 5.675258780515509e-43 404
1732469894239 3.783505853677006e-44 419
1732469912715 6.6997588032968736e-12 434
1732469931236 6.305843089461677e-43 449
