1732469394067 1.8419526279644916e-32 14
1732469412590 1.401298464324817e-45 29
1732469431192 2.802596928649634e-45 44
1732469449738 4.203895392974451e-45 59
1732469468200 5.605193857299268e-45 74
1732469486729 7.006492321624085e-45 89
1732469505260 8.407790785948902e-45 104
1732469523827 9.80908925027372e-45 119
1732469542319 1.1210387714598537e-44 134
1732469560877 1.2611686178923354e-44 149
1732469579366 1.401298464324817e-44 164
1732469597880 1.5414283107572988e-44 179
1732469616419 1.6815581571897805e-44 194
1732469634970 1.8216880036222622e-44 209
1732469653470 1.961817850054744e-44 224
1732469672014 2.1019476964872256e-44 239
1732469690504 2.2420775429197073e-44 254
1732469709032 2.382207389352189e-44 269
1732469727607 2.5223372357846707e-44 284
1732469746141 2.6624670822171524e-44 299
1732469764658 2.802596928649634e-44 314
1732469783150 2.942726775082116e-44 329
1732469801668 3.0828566215145976e-44 344
1732469820126 3.2229864679470793e-44 359
1732469838683 0.03083321452140808 374
1732469857212 3.5032461608120427e-44 389
1732469875742 3.6433760072445244e-44 404
1732469894239 3.783505853677006e-44 419
1732469912715 0.0 434
1732469931236 4.0637655465419695e-44 449
