1732430689319 0.0 1
1732430689458 0.0 3
1732430689569 0.0 5
1732430689673 0.0 7
1732430689964 0.0 9
1732430690056 0.0 11
1732430690359 0.0 13
1732430690458 0.0 15
1732430690712 0.0 17
1732430690807 0.0 19
1732430691072 0.0 21
1732430691164 0.0 23
1732430691430 0.0 25
1732430691523 0.0 27
1732430691785 0.0 29
1732430691882 0.0 31
1732430692202 0.0 33
1732430692307 0.0 35
1732430692564 0.0 37
1732430692663 0.0 39
1732430692972 0.0 41
1732430693081 0.0 43
1732430693330 0.0 45
1732430693440 0.0 47
1732430693665 0.0 49
1732430693777 0.0 51
1732430694003 0.0 53
1732430694604 0.0 55
1732430695941 0.0 55
