1732430689025 1.4154603481292725 0
1732430689301 1.3881769180297852 1
1732430689386 1.2436683177947998 2
1732430689446 1.2436683177947998 3
1732430689505 1.3061683177947998 4
1732430689558 1.306169033050537 5
1732430689610 1.342211365699768 6
1732430689662 1.1811683177947998 7
1732430689908 1.3061683177947998 8
1732430689952 1.3686683177947998 9
1732430689997 1.2436683177947998 10
1732430690039 1.2436683177947998 11
1732430690302 1.3061683177947998 12
1732430690347 1.4311683177947998 13
1732430690397 1.4311683177947998 14
1732430690447 1.3061683177947998 15
1732430690653 1.2436683177947998 16
1732430690699 1.3686683177947998 17
1732430690747 1.3061683177947998 18
1732430690795 1.3061683177947998 19
1732430691012 1.3061683177947998 20
1732430691060 1.4311683177947998 21
1732430691105 1.4311683177947998 22
1732430691148 1.3686683177947998 23
1732430691374 1.3686683177947998 24
1732430691421 1.4936683177947998 25
1732430691469 1.1811683177947998 26
1732430691513 1.3686683177947998 27
1732430691730 1.5561683177947998 28
1732430691774 1.4936683177947998 29
1732430691819 1.4311683177947998 30
1732430691865 1.4311683177947998 31
1732430692143 1.2436683177947998 32
1732430692188 1.0561683177947998 33
1732430692244 1.1811683177947998 34
1732430692297 1.1811683177947998 35
1732430692508 1.4311683177947998 36
1732430692554 1.3686683177947998 37
1732430692600 1.6811683177947998 38
1732430692653 1.3061683177947998 39
1732430692908 1.2436683177947998 40
1732430692956 1.2436683177947998 41
1732430693012 1.3061683177947998 42
1732430693064 1.3061683177947998 43
1732430693261 1.3686681985855103 44
1732430693317 1.3686683177947998 45
1732430693379 1.4936683177947998 46
1732430693424 1.3061683177947998 47
1732430693609 1.3686683177947998 48
1732430693652 1.2436683177947998 49
1732430693708 1.1811683177947998 50
1732430693759 1.4936683177947998 51
1732430693944 1.1811683177947998 52
1732430693993 1.3686683177947998 53
1732430694036 1.3061683177947998 54
1732430694133 1.2770016193389893 55
