1732430689319 0.0 1
1732430689458 0.125 3
1732430689569 0.0 5
1732430689673 0.0 7
1732430689964 0.09375 9
1732430690056 0.515625 11
1732430690359 0.65625 13
1732430690458 0.71875 15
1732430690712 0.6875 17
1732430690807 0.71875 19
1732430691072 0.65625 21
1732430691164 0.6875 23
1732430691430 0.625 25
1732430691523 0.6875 27
1732430691785 0.625 29
1732430691882 0.65625 31
1732430692202 0.84375 33
1732430692307 0.78125 35
1732430692564 0.6875 37
1732430692663 0.71875 39
1732430692972 0.75 41
1732430693081 0.71875 43
1732430693330 0.6875 45
1732430693440 0.71875 47
1732430693665 0.75 49
1732430693777 0.625 51
1732430694003 0.6875 53
1732430694604 0.7333333492279053 55
