1732432892606 0.0 1
1732432892966 0.0 3
1732432893439 0.0 5
1732432893894 0.0 7
1732432894331 0.0 9
1732432894924 0.0 11
1732432895233 0.0 13
1732432895686 0.0 15
1732432895945 0.0 17
1732432896429 0.0 19
1732432896675 0.0 21
1732432897067 0.0 23
1732432897411 0.0 25
1732432897807 0.0 27
1732432898134 0.0 29
1732432898613 0.0 31
1732432898853 0.0 33
1732432899394 0.0 35
1732432899707 0.0 37
1732432900140 0.0 39
1732432900447 0.0 41
1732432900890 0.0 43
1732432901262 0.0 45
1732432901624 0.0 47
1732432901992 0.0 49
1732432902207 0.0 51
1732432902420 0.0 53
1732432902968 0.0 55
1732432906580 0.0 55
1732432906614 0.0 55
1732432909085 1.0 57
1732432909683 1.0 59
1732432909912 1.0 61
1732432910436 1.0 63
1732432910765 1.0 65
1732432911132 1.0 67
1732432911504 1.0 69
1732432911730 1.0 71
1732432912200 1.0 73
1732432912446 1.0 75
1732432912789 1.0 77
1732432913002 1.0 79
1732432913372 1.0 81
1732432913646 1.0 83
1732432914065 1.0 85
1732432914306 1.0 87
1732432914674 1.0 89
1732432914928 1.0 91
1732432915414 1.0 93
1732432915739 1.0 95
1732432916161 1.0 97
1732432916473 1.0 99
1732432916843 1.0 101
1732432917271 1.0 103
1732432917638 1.0 105
1732432918020 1.0 107
