1732432891551 1.3868424892425537 0
1732432892585 1.3878669738769531 1
1732432892815 1.3870174884796143 2
1732432892943 1.3596237897872925 3
1732432893085 1.3643591403961182 4
1732432893416 1.3758876323699951 5
1732432893690 1.3638217449188232 6
1732432893871 1.3145864009857178 7
1732432894175 1.3179290294647217 8
1732432894311 1.3757879734039307 9
1732432894607 1.4278991222381592 10
1732432894902 1.299691915512085 11
1732432895082 1.377026081085205 12
1732432895213 1.3206555843353271 13
1732432895446 1.2496575117111206 14
1732432895667 1.3784489631652832 15
1732432895800 1.2387161254882812 16
1732432895925 1.34330415725708 17
1732432896176 1.2688034772872925 18
1732432896409 1.153185486793518 19
1732432896531 1.3043192625045776 20
1732432896657 1.3503928184509277 21
1732432896833 1.3922303915023804 22
1732432897045 1.213783621788025 23
1732432897242 1.4893467426300049 24
1732432897392 1.4029486179351807 25
1732432897604 1.2570273876190186 26
1732432897787 1.2101356983184814 27
1732432897956 1.3021715879440308 28
1732432898115 1.353139877319336 29
1732432898397 1.1518670320510864 30
1732432898591 1.35282564163208 31
1732432898709 1.353184700012207 32
1732432898834 1.4034494161605835 33
1732432899194 1.1481962203979492 34
1732432899373 1.4013285636901855 35
1732432899509 1.2468376159667969 36
1732432899687 1.3019118309020996 37
1732432899892 1.3507401943206787 38
1732432900117 1.198207139968872 39
1732432900258 1.301910400390625 40
1732432900427 1.4034560918807983 41
1732432900624 1.3537814617156982 42
1732432900872 1.454922080039978 43
1732432901071 1.3529422283172607 44
1732432901244 1.306586742401123 45
1732432901431 1.3563344478607178 46
1732432901605 1.3034684658050537 47
1732432901764 1.509878396987915 48
1732432901971 1.4557188749313354 49
1732432902092 1.2504560947418213 50
1732432902191 1.357370138168335 51
1732432902302 1.2476338148117065 52
1732432902403 1.3549532890319824 53
1732432902504 1.3525590896606445 54
1732432902749 1.283594012260437 55
1732432908381 1.2037581205368042 0
1732432909065 1.4948954582214355 1
1732432909398 1.2531776428222656 2
1732432909667 1.2524652481079102 3
1732432909793 1.5335557460784912 4
1732432909895 1.2608516216278076 5
1732432910002 1.294447422027588 6
1732432910414 1.294291377067566 7
1732432910575 1.3782960176467896 8
1732432910746 1.1186227798461914 9
1732432910869 1.4799301624298096 10
1732432911108 1.362122654914856 11
1732432911319 1.2582199573516846 12
1732432911476 1.3534817695617676 13
1732432911591 1.356075406074524 14
1732432911713 1.4323339462280273 15
1732432911812 1.3262633085250854 16
1732432912156 1.1315168142318726 17
1732432912299 1.3607966899871826 18
1732432912427 1.398366093635559 19
1732432912545 1.2396186590194702 20
1732432912768 1.2708635330200195 21
1732432912869 1.188960313796997 22
1732432912983 1.2753820419311523 23
1732432913094 1.3556140661239624 24
1732432913354 1.2351298332214355 25
1732432913460 1.2874226570129395 26
1732432913626 1.1807303428649902 27
1732432913933 1.346954107284546 28
1732432914045 1.427966833114624 29
1732432914158 1.4836254119873047 30
1732432914287 1.4407421350479126 31
1732432914466 1.2579545974731445 32
1732432914656 1.3074091672897339 33
1732432914768 1.298595666885376 34
1732432914905 1.3634229898452759 35
1732432915016 1.3566772937774658 36
1732432915398 1.2558164596557617 37
1732432915523 1.3524574041366577 38
1732432915721 1.2074236869812012 39
1732432915997 1.302631139755249 40
1732432916143 1.4090204238891602 41
1732432916296 1.3046283721923828 42
1732432916455 1.3397586345672607 43
1732432916683 1.213700294494629 44
1732432916823 1.2514965534210205 45
1732432917025 1.2987754344940186 46
1732432917224 1.2922008037567139 47
1732432917498 1.2047247886657715 48
1732432917616 1.2956264019012451 49
1732432917799 1.1599681377410889 50
1732432918001 1.4094762802124023 51
