1732463114939 0.0 9
1732463119662 0.0 19
1732463121984 0.0 23
1732463124848 1.0 29
1732463129622 1.0 39
1732463133498 1.0 47
1732463134480 2.0 49
1732463139214 2.0 59
1732463143940 2.0 69
1732463145014 2.0 71
1732463148821 3.0 79
1732463153645 3.0 89
1732463156601 3.0 95
1732463158500 4.0 99
1732463163209 4.0 109
1732463167991 4.0 119
1732463168066 4.0 119
1732463172781 5.0 129
1732463177491 5.0 139
1732463179494 5.0 143
1732463182335 6.0 149
1732463187096 6.0 159
1732463190985 6.0 167
1732463191941 7.0 169
