1732463114939 1.4311683177947998 9
1732463119662 1.5561681985855103 19
1732463124848 1.3686683177947998 29
1732463129622 1.4311683177947998 39
1732463134480 1.4936683177947998 49
1732463139214 1.4311683177947998 59
1732463143940 1.1186683177947998 69
1732463148821 1.4936683177947998 79
1732463153645 1.3686683177947998 89
1732463158500 1.2436683177947998 99
1732463163209 1.3061683177947998 109
1732463167991 1.443668246269226 119
1732463172781 1.4936683177947998 129
1732463177491 1.4311683177947998 139
1732463182335 1.4311683177947998 149
1732463187096 1.4311683177947998 159
1732463191941 1.3686683177947998 169
