1732387066415 0.0 1
1732387066718 0.0 3
1732387068451 0.0 5
1732387068743 0.0 7
1732387069872 0.0 9
1732387070264 0.0 11
1732387071553 0.0 13
1732387071872 0.0 15
1732387073164 0.0 17
1732387073498 0.0 19
1732387074853 0.0 21
1732387075135 0.0 23
1732387076745 0.0 25
1732387077016 0.0 27
1732387078287 0.0 29
1732387078586 0.0 31
1732387079872 0.0 33
1732387080202 0.0 35
1732387081481 0.0 37
1732387081770 0.0 39
1732387082752 0.0 41
1732387083028 0.0 43
1732387084412 0.0 45
1732387084662 0.0 47
1732387086137 0.0 49
1732387086380 0.0 51
1732387087428 0.0 53
1732387087665 0.0 55
1732387089121 0.0 57
1732387089369 0.0 59
1732387090449 0.0 61
1732387090732 0.0 63
1732387091816 0.0 65
1732387092095 0.0 67
1732387093288 0.0 69
1732387093535 0.0 71
1732387094787 0.0 73
1732387095008 0.0 75
1732387096097 0.0 77
1732387101474 0.0 77
1732387101503 0.0 77
1732387103949 1.0 79
1732387104243 1.0 81
1732387105477 1.0 83
1732387105767 1.0 85
1732387106995 1.0 87
1732387107272 1.0 89
1732387108506 1.0 91
1732387108776 1.0 93
1732387109877 1.0 95
1732387110225 1.0 97
1732387111429 1.0 99
1732387111707 1.0 101
1732387112885 1.0 103
1732387113131 1.0 105
1732387114366 1.0 107
1732387114609 1.0 109
1732387115967 1.0 111
1732387116220 1.0 113
1732387117389 1.0 115
1732387117637 1.0 117
1732387118814 1.0 119
1732387119070 1.0 121
1732387120344 1.0 123
1732387120650 1.0 125
1732387121840 1.0 127
1732387122179 1.0 129
1732387123461 1.0 131
1732387123767 1.0 133
1732387124959 1.0 135
1732387125287 1.0 137
1732387126541 1.0 139
1732387126774 1.0 141
1732387127917 1.0 143
1732387128478 1.0 145
1732387129218 1.0 147
1732387129987 1.0 149
1732387130462 1.0 151
1732387131186 1.0 153
1732387131917 1.0 155
1732387137575 1.0 155
1732387137601 1.0 155
1732387140280 2.0 157
1732387140596 2.0 159
1732387142123 2.0 161
1732387142419 2.0 163
1732387143477 2.0 165
1732387143764 2.0 167
1732387144876 2.0 169
1732387145148 2.0 171
1732387146302 2.0 173
1732387146565 2.0 175
1732387147681 2.0 177
1732387147929 2.0 179
1732387149196 2.0 181
1732387149447 2.0 183
1732387150835 2.0 185
1732387151063 2.0 187
1732387152158 2.0 189
1732387152385 2.0 191
1732387153422 2.0 193
1732387153661 2.0 195
1732387154854 2.0 197
1732387155124 2.0 199
1732387156246 2.0 201
1732387156486 2.0 203
1732387157792 2.0 205
1732387158034 2.0 207
1732387159049 2.0 209
1732387159273 2.0 211
1732387160607 2.0 213
1732387160838 2.0 215
1732387161772 2.0 217
1732387162004 2.0 219
1732387163266 2.0 221
1732387163497 2.0 223
1732387164793 2.0 225
1732387165026 2.0 227
1732387166461 2.0 229
1732387166686 2.0 231
1732387167248 2.0 233
1732387173106 2.0 233
1732387173131 2.0 233
1732387175323 3.0 235
1732387175598 3.0 237
1732387176614 3.0 239
1732387177070 3.0 241
1732387177971 3.0 243
1732387178650 3.0 245
1732387179128 3.0 247
1732387179936 3.0 249
1732387180700 3.0 251
1732387181301 3.0 253
1732387182268 3.0 255
1732387182777 3.0 257
1732387183752 3.0 259
1732387184309 3.0 261
1732387185488 3.0 263
1732387185919 3.0 265
1732387187180 3.0 267
1732387187519 3.0 269
1732387188653 3.0 271
1732387189034 3.0 273
1732387190546 3.0 275
1732387190797 3.0 277
1732387191991 3.0 279
1732387192233 3.0 281
1732387193147 3.0 283
1732387193425 3.0 285
1732387194155 3.0 287
1732387194840 3.0 289
1732387195545 3.0 291
1732387196301 3.0 293
1732387197026 3.0 295
1732387197734 3.0 297
1732387198554 3.0 299
1732387199018 3.0 301
1732387199985 3.0 303
1732387200507 3.0 305
1732387201469 3.0 307
1732387201976 3.0 309
1732387202775 3.0 311
1732387208654 3.0 311
1732387208680 3.0 311
1732387211296 4.0 313
1732387211572 4.0 315
1732387212913 4.0 317
1732387213184 4.0 319
1732387214438 4.0 321
1732387214702 4.0 323
1732387215674 4.0 325
1732387215920 4.0 327
1732387217111 4.0 329
1732387217348 4.0 331
1732387218761 4.0 333
1732387219027 4.0 335
1732387219965 4.0 337
1732387220204 4.0 339
1732387221366 4.0 341
1732387221608 4.0 343
1732387222768 4.0 345
1732387223020 4.0 347
1732387224080 4.0 349
1732387224400 4.0 351
1732387225333 4.0 353
1732387225574 4.0 355
1732387226460 4.0 357
1732387226946 4.0 359
1732387227805 4.0 361
1732387228365 4.0 363
1732387229408 4.0 365
1732387229743 4.0 367
1732387231094 4.0 369
1732387231323 4.0 371
1732387232417 4.0 373
1732387232665 4.0 375
1732387233812 4.0 377
1732387234045 4.0 379
1732387235297 4.0 381
1732387235567 4.0 383
1732387236622 4.0 385
1732387236863 4.0 387
1732387237367 4.0 389
1732387243516 4.0 389
1732387243547 4.0 389
1732387246286 5.0 391
1732387246581 5.0 393
1732387247830 5.0 395
1732387248110 5.0 397
1732387249008 5.0 399
1732387249247 5.0 401
1732387250403 5.0 403
1732387250744 5.0 405
1732387251831 5.0 407
1732387252273 5.0 409
1732387253255 5.0 411
1732387253686 5.0 413
1732387254505 5.0 415
1732387254825 5.0 417
1732387255823 5.0 419
1732387256288 5.0 421
1732387257352 5.0 423
1732387257863 5.0 425
1732387258731 5.0 427
1732387259321 5.0 429
1732387260131 5.0 431
1732387260880 5.0 433
1732387261561 5.0 435
1732387262309 5.0 437
1732387262950 5.0 439
1732387263578 5.0 441
1732387264406 5.0 443
1732387265046 5.0 445
1732387265950 5.0 447
1732387266245 5.0 449
1732387267391 5.0 451
1732387267607 5.0 453
1732387268742 5.0 455
1732387268982 5.0 457
1732387270257 5.0 459
1732387270493 5.0 461
1732387271819 5.0 463
1732387272024 5.0 465
1732387272417 5.0 467
1732387278411 5.0 467
1732387278436 5.0 467
1732387280893 6.0 469
1732387281492 6.0 471
1732387282181 6.0 473
1732387282574 6.0 475
1732387283813 6.0 477
1732387284104 6.0 479
1732387285059 6.0 481
1732387285660 6.0 483
1732387286532 6.0 485
1732387287160 6.0 487
1732387287976 6.0 489
1732387288605 6.0 491
1732387289252 6.0 493
1732387289888 6.0 495
1732387290628 6.0 497
1732387291503 6.0 499
1732387291906 6.0 501
1732387292611 6.0 503
1732387293411 6.0 505
1732387294084 6.0 507
1732387294841 6.0 509
1732387295475 6.0 511
1732387296025 6.0 513
1732387296860 6.0 515
1732387297367 6.0 517
1732387298267 6.0 519
1732387298757 6.0 521
1732387299739 6.0 523
1732387300207 6.0 525
1732387301249 6.0 527
1732387301564 6.0 529
1732387302608 6.0 531
1732387303026 6.0 533
1732387303922 6.0 535
1732387304548 6.0 537
1732387305281 6.0 539
1732387305899 6.0 541
1732387306796 6.0 543
1732387307047 6.0 545
1732387313273 6.0 545
1732387313305 6.0 545
1732387316103 7.0 547
1732387316406 7.0 549
1732387317695 7.0 551
1732387317963 7.0 553
1732387319035 7.0 555
1732387319287 7.0 557
1732387320460 7.0 559
1732387320749 7.0 561
1732387322028 7.0 563
1732387322267 7.0 565
1732387323294 7.0 567
1732387323540 7.0 569
1732387324920 7.0 571
1732387325158 7.0 573
1732387326413 7.0 575
1732387326654 7.0 577
1732387327702 7.0 579
1732387327969 7.0 581
1732387329240 7.0 583
1732387329513 7.0 585
1732387330907 7.0 587
1732387331139 7.0 589
1732387332152 7.0 591
1732387332384 7.0 593
1732387333723 7.0 595
1732387333955 7.0 597
1732387335246 7.0 599
1732387335498 7.0 601
1732387336714 7.0 603
1732387336999 7.0 605
1732387338289 7.0 607
1732387338542 7.0 609
1732387339675 7.0 611
1732387339947 7.0 613
1732387341679 7.0 615
1732387341960 7.0 617
1732387343035 7.0 619
1732387343294 7.0 621
1732387343653 7.0 623
1732387349439 7.0 623
1732387349464 7.0 623
1732387352423 8.0 625
1732387352705 8.0 627
1732387354171 8.0 629
1732387354467 8.0 631
1732387355706 8.0 633
1732387355969 8.0 635
1732387356934 8.0 637
1732387357153 8.0 639
1732387358279 8.0 641
1732387358507 8.0 643
1732387359533 8.0 645
1732387359846 8.0 647
1732387360969 8.0 649
1732387361238 8.0 651
1732387362507 8.0 653
1732387362730 8.0 655
1732387363957 8.0 657
1732387364172 8.0 659
1732387365431 8.0 661
1732387365650 8.0 663
1732387366866 8.0 665
1732387367100 8.0 667
1732387368421 8.0 669
1732387368653 8.0 671
1732387369843 8.0 673
1732387370066 8.0 675
1732387371387 8.0 677
1732387371676 8.0 679
1732387372719 8.0 681
1732387372998 8.0 683
1732387374178 8.0 685
1732387374441 8.0 687
1732387375666 8.0 689
1732387375924 8.0 691
1732387377183 8.0 693
1732387377442 8.0 695
1732387378489 8.0 697
1732387378740 8.0 699
1732387379928 8.0 701
1732387385700 8.0 701
1732387385723 8.0 701
1732387388284 9.0 703
1732387388570 9.0 705
1732387389969 9.0 707
1732387390252 9.0 709
1732387391395 9.0 711
1732387391662 9.0 713
1732387392659 9.0 715
1732387392907 9.0 717
1732387393901 9.0 719
1732387394134 9.0 721
1732387395350 9.0 723
1732387395580 9.0 725
1732387396672 9.0 727
1732387396894 9.0 729
1732387398052 9.0 731
1732387398280 9.0 733
1732387399401 9.0 735
1732387399629 9.0 737
1732387400875 9.0 739
1732387401107 9.0 741
1732387402137 9.0 743
1732387402363 9.0 745
1732387403767 9.0 747
1732387404009 9.0 749
1732387405238 9.0 751
1732387405487 9.0 753
1732387406696 9.0 755
1732387406952 9.0 757
1732387407991 9.0 759
1732387408285 9.0 761
1732387409318 9.0 763
1732387409590 9.0 765
1732387410742 9.0 767
1732387410980 9.0 769
1732387412275 9.0 771
1732387412500 9.0 773
1732387413759 9.0 775
1732387413974 9.0 777
1732387414629 9.0 779
1732387420472 9.0 779
1732387420498 9.0 779
1732387423219 10.0 781
1732387423515 10.0 783
1732387424661 10.0 785
1732387424939 10.0 787
1732387426169 10.0 789
1732387426422 10.0 791
1732387427673 10.0 793
1732387427935 10.0 795
1732387429068 10.0 797
1732387429306 10.0 799
1732387430759 10.0 801
1732387431078 10.0 803
1732387431876 10.0 805
1732387432148 10.0 807
1732387433480 10.0 809
1732387433720 10.0 811
1732387435001 10.0 813
1732387435267 10.0 815
1732387436217 10.0 817
1732387436443 10.0 819
1732387437429 10.0 821
1732387437646 10.0 823
1732387438671 10.0 825
1732387438887 10.0 827
1732387439995 10.0 829
1732387440217 10.0 831
1732387441316 10.0 833
1732387441546 10.0 835
1732387442675 10.0 837
1732387442921 10.0 839
1732387444232 10.0 841
1732387444459 10.0 843
1732387445636 10.0 845
1732387445874 10.0 847
1732387446885 10.0 849
1732387447137 10.0 851
1732387448494 10.0 853
1732387448731 10.0 855
1732387449646 10.0 857
1732387455539 10.0 857
1732387455564 10.0 857
1732387458372 11.0 859
1732387458881 11.0 861
1732387459663 11.0 863
1732387459940 11.0 865
1732387461037 11.0 867
1732387461271 11.0 869
1732387462474 11.0 871
1732387462697 11.0 873
1732387463826 11.0 875
1732387464047 11.0 877
1732387465122 11.0 879
1732387465346 11.0 881
1732387466748 11.0 883
1732387466973 11.0 885
1732387468066 11.0 887
1732387468296 11.0 889
1732387469408 11.0 891
1732387469645 11.0 893
1732387470908 11.0 895
1732387471181 11.0 897
1732387472481 11.0 899
1732387472732 11.0 901
1732387473966 11.0 903
1732387474208 11.0 905
1732387475442 11.0 907
1732387475663 11.0 909
1732387476703 11.0 911
1732387476965 11.0 913
1732387477910 11.0 915
1732387478130 11.0 917
1732387479431 11.0 919
1732387479667 11.0 921
1732387481168 11.0 923
1732387481416 11.0 925
1732387482665 11.0 927
1732387482888 11.0 929
1732387483967 11.0 931
1732387484204 11.0 933
1732387484519 11.0 935
1732387490589 11.0 935
1732387490618 11.0 935
1732387493514 12.0 937
1732387493815 12.0 939
1732387494888 12.0 941
1732387495182 12.0 943
1732387496514 12.0 945
1732387496763 12.0 947
1732387497907 12.0 949
1732387498199 12.0 951
1732387499348 12.0 953
1732387499575 12.0 955
1732387500895 12.0 957
1732387501128 12.0 959
1732387502354 12.0 961
1732387502579 12.0 963
1732387503670 12.0 965
1732387503893 12.0 967
1732387504847 12.0 969
1732387505090 12.0 971
1732387506236 12.0 973
1732387506531 12.0 975
1732387507642 12.0 977
1732387507875 12.0 979
1732387509166 12.0 981
1732387509393 12.0 983
1732387510544 12.0 985
1732387510770 12.0 987
1732387511972 12.0 989
