1732387065789 1.3875303268432617 0
1732387066377 1.6811683177947998 1
1732387066536 1.5561683177947998 2
1732387066680 1.3686683177947998 3
1732387068262 1.2436683177947998 4
1732387068413 1.5561683177947998 5
1732387068560 1.3061683177947998 6
1732387068704 1.3061683177947998 7
1732387069673 1.5561683177947998 8
1732387069832 1.1811683177947998 9
1732387070067 1.4936683177947998 10
1732387070225 1.4936683177947998 11
1732387071374 1.3061683177947998 12
1732387071513 1.4936683177947998 13
1732387071667 1.3686683177947998 14
1732387071831 1.4936683177947998 15
1732387072976 1.3061683177947998 16
1732387073125 1.4311683177947998 17
1732387073265 1.4311683177947998 18
1732387073458 1.4936683177947998 19
1732387074671 1.4936683177947998 20
1732387074812 1.3686683177947998 21
1732387074946 1.3061683177947998 22
1732387075095 1.3061683177947998 23
1732387076573 1.4936683177947998 24
1732387076704 1.5561683177947998 25
1732387076851 1.4936683177947998 26
1732387076976 1.4311683177947998 27
1732387078097 1.3061683177947998 28
1732387078244 1.4936683177947998 29
1732387078416 1.3686683177947998 30
1732387078547 1.4936683177947998 31
1732387079682 1.3686683177947998 32
1732387079833 1.4936683177947998 33
1732387080001 1.5561683177947998 34
1732387080161 1.5561683177947998 35
1732387081294 1.4936683177947998 36
1732387081441 1.5561683177947998 37
1732387081583 1.3061683177947998 38
1732387081731 1.3061683177947998 39
1732387082585 1.3686683177947998 40
1732387082713 1.5561683177947998 41
1732387082854 1.4936683177947998 42
1732387082989 1.4936683177947998 43
1732387084259 1.3686683177947998 44
1732387084374 1.3061683177947998 45
1732387084496 1.3686683177947998 46
1732387084621 1.4936683177947998 47
1732387085983 1.4936683177947998 48
1732387086091 1.4936683177947998 49
1732387086220 1.3686683177947998 50
1732387086342 1.6811683177947998 51
1732387087283 1.4311683177947998 52
1732387087390 1.3686683177947998 53
1732387087508 1.4311683177947998 54
1732387087623 1.3686683177947998 55
1732387088968 1.4936683177947998 56
1732387089081 1.4936683177947998 57
1732387089214 1.3061683177947998 58
1732387089329 1.6811683177947998 59
1732387090284 1.4311683177947998 60
1732387090408 1.3686683177947998 61
1732387090568 1.5561683177947998 62
1732387090693 1.4311683177947998 63
1732387091650 1.3686683177947998 64
1732387091777 1.3686683177947998 65
1732387091910 1.5561683177947998 66
1732387092057 1.3686683177947998 67
1732387093115 1.4311683177947998 68
1732387093250 1.4311683177947998 69
1732387093367 1.5561683177947998 70
1732387093494 1.4936683177947998 71
1732387094638 1.4936683177947998 72
1732387094748 1.4936683177947998 73
1732387094865 1.6811683177947998 74
1732387094970 1.4311683177947998 75
1732387095848 1.6186683177947998 76
1732387095948 1.2436683177947998 77
1732387103741 1.4311683177947998 0
1732387103905 1.3686683177947998 1
1732387104061 1.5561683177947998 2
1732387104204 1.3061683177947998 3
1732387105272 1.6186683177947998 4
1732387105428 1.4311683177947998 5
1732387105580 1.3686683177947998 6
1732387105727 1.4936683177947998 7
1732387106820 1.6186683177947998 8
1732387106956 1.4936683177947998 9
1732387107097 1.4936683177947998 10
1732387107232 1.3061683177947998 11
1732387108350 1.5561683177947998 12
1732387108466 1.1811683177947998 13
1732387108605 1.4311683177947998 14
1732387108737 1.0561683177947998 15
1732387109684 1.3686683177947998 16
1732387109833 1.5561683177947998 17
1732387110027 1.3061683177947998 18
1732387110184 1.4311683177947998 19
1732387111278 1.5561683177947998 20
1732387111388 1.2436683177947998 21
1732387111526 1.6186683177947998 22
1732387111668 1.3686683177947998 23
1732387112720 1.4311683177947998 24
1732387112844 1.4311683177947998 25
1732387112971 1.4936683177947998 26
1732387113092 1.4311683177947998 27
1732387114207 1.1811683177947998 28
1732387114325 1.2436683177947998 29
1732387114454 1.3686683177947998 30
1732387114570 1.4311683177947998 31
1732387115813 1.3686683177947998 32
1732387115929 1.3061683177947998 33
1732387116049 1.3686683177947998 34
1732387116181 1.4936683177947998 35
1732387117237 1.4936683177947998 36
1732387117352 1.3686683177947998 37
1732387117477 1.4936683177947998 38
1732387117598 1.4311683177947998 39
1732387118661 1.4311683177947998 40
1732387118774 1.4936683177947998 41
1732387118913 1.5561683177947998 42
1732387119032 1.3686683177947998 43
1732387120194 1.4311683177947998 44
1732387120304 1.6186683177947998 45
1732387120434 1.5561683177947998 46
1732387120612 1.3686683177947998 47
1732387121692 1.3686683177947998 48
1732387121802 1.5561683177947998 49
1732387121926 1.5561683177947998 50
1732387122138 1.4311683177947998 51
1732387123300 1.6186683177947998 52
1732387123418 1.3061683177947998 53
1732387123561 1.2436683177947998 54
1732387123729 1.4936683177947998 55
1732387124800 1.5561683177947998 56
1732387124918 1.4936683177947998 57
1732387125059 1.6811683177947998 58
1732387125249 1.5561683177947998 59
1732387126362 1.6811683177947998 60
1732387126497 1.3686683177947998 61
1732387126625 1.5561683177947998 62
1732387126736 1.4936683177947998 63
1732387127755 1.5561683177947998 64
1732387127876 1.3061683177947998 65
1732387128003 1.4311683177947998 66
1732387128437 1.4311683177947998 67
1732387129060 1.5561683177947998 68
1732387129178 1.5561683177947998 69
1732387129299 1.6186683177947998 70
1732387129949 1.4311683177947998 71
1732387130329 1.3061683177947998 72
1732387130424 1.4311683177947998 73
1732387130550 1.3686683177947998 74
1732387131149 1.4936683177947998 75
1732387131731 1.4311683177947998 76
1732387131895 1.2436683177947998 77
1732387140076 1.5561683177947998 0
1732387140233 1.4936683177947998 1
1732387140396 1.4936683177947998 2
1732387140557 1.2436683177947998 3
1732387141934 1.3686683177947998 4
1732387142083 1.4936683177947998 5
1732387142239 1.4936683177947998 6
1732387142381 1.4311683177947998 7
1732387143304 1.4936683177947998 8
1732387143437 1.4936683177947998 9
1732387143576 1.4936683177947998 10
1732387143725 1.4311683177947998 11
1732387144691 1.3686683177947998 12
1732387144838 1.4311683177947998 13
1732387144976 1.1811683177947998 14
1732387145107 1.3061683177947998 15
1732387146129 1.3686683177947998 16
1732387146264 1.4311683177947998 17
1732387146395 1.3686683177947998 18
1732387146526 1.3061683177947998 19
1732387147476 1.4936683177947998 20
1732387147642 1.4936683177947998 21
1732387147765 1.4311683177947998 22
1732387147888 1.4311683177947998 23
1732387148955 1.5561683177947998 24
1732387149155 1.3686683177947998 25
1732387149298 1.6186683177947998 26
1732387149410 1.3061683177947998 27
1732387150271 1.5561683177947998 28
1732387150797 1.4311683177947998 29
1732387150916 1.4311683177947998 30
1732387151022 1.5561683177947998 31
1732387151626 1.5561683177947998 32
1732387152118 1.1811683177947998 33
1732387152246 1.3061683177947998 34
1732387152347 1.3686683177947998 35
1732387153003 1.3686683177947998 36
1732387153383 1.4936683177947998 37
1732387153502 1.4936683177947998 38
1732387153620 1.6811683177947998 39
1732387154259 1.4311683177947998 40
1732387154815 1.4936683177947998 41
1732387154956 1.3061683177947998 42
1732387155082 1.4936683177947998 43
1732387155671 1.4936683177947998 44
1732387156208 1.4311683177947998 45
1732387156328 1.5561683177947998 46
1732387156446 1.6811683177947998 47
1732387157211 1.4311683177947998 48
1732387157753 1.2436683177947998 49
1732387157877 1.4936683177947998 50
1732387157995 1.5561683177947998 51
1732387158745 1.4936683177947998 52
1732387159010 1.2436683177947998 53
1732387159129 1.3686683177947998 54
1732387159235 1.3061683177947998 55
1732387160005 1.4936683177947998 56
1732387160569 1.5561683177947998 57
1732387160693 1.3686683177947998 58
1732387160797 1.4311683177947998 59
1732387161288 1.3686683177947998 60
1732387161734 1.6186683177947998 61
1732387161856 1.5561683177947998 62
1732387161965 1.5561683177947998 63
1732387162847 1.4311683177947998 64
1732387163228 1.6186683177947998 65
1732387163351 1.4311683177947998 66
1732387163459 1.4936683177947998 67
1732387164348 1.5561683177947998 68
1732387164754 1.4936681985855103 69
1732387164879 1.3686683177947998 70
1732387164987 1.1811683177947998 71
1732387165736 1.3686683177947998 72
1732387166423 1.4936683177947998 73
1732387166543 1.3061683177947998 74
1732387166648 1.6186683177947998 75
1732387167062 1.3686683177947998 76
1732387167226 1.4936681985855103 77
1732387174633 1.4311683177947998 0
1732387175285 1.4936683177947998 1
1732387175424 1.5561683177947998 2
1732387175559 1.3686683177947998 3
1732387175901 1.5561683177947998 4
1732387176567 1.4311683177947998 5
1732387176885 1.3686683177947998 6
1732387177029 1.5561683177947998 7
1732387177205 1.4936683177947998 8
1732387177929 1.4936683177947998 9
1732387178468 1.5561683177947998 10
1732387178609 1.4936683177947998 11
1732387178778 1.4311683177947998 12
1732387179089 1.3061683177947998 13
1732387179780 1.3061683177947998 14
1732387179897 1.3686683177947998 15
1732387180516 1.3061683177947998 16
1732387180660 1.4936683177947998 17
1732387181013 1.3686683177947998 18
1732387181262 1.3061683177947998 19
1732387182116 1.4936683177947998 20
1732387182229 1.2436683177947998 21
1732387182627 1.4311681985855103 22
1732387182739 1.4311683177947998 23
1732387183596 1.2436683177947998 24
1732387183712 1.6186683177947998 25
1732387184155 1.3061683177947998 26
1732387184270 1.4936683177947998 27
1732387185291 1.3686683177947998 28
1732387185446 1.6186683177947998 29
1732387185738 1.3686683177947998 30
1732387185880 1.4936683177947998 31
1732387187016 1.4311681985855103 32
1732387187139 1.3061683177947998 33
1732387187340 1.3686683177947998 34
1732387187477 1.3686683177947998 35
1732387188467 1.4936683177947998 36
1732387188611 1.3686683177947998 37
1732387188846 1.4311683177947998 38
1732387188993 1.6186683177947998 39
1732387190396 1.3686681985855103 40
1732387190508 1.4936683177947998 41
1732387190633 1.4936683177947998 42
1732387190757 1.5561683177947998 43
1732387191838 1.3061683177947998 44
1732387191953 1.2436683177947998 45
1732387192081 1.3686683177947998 46
1732387192194 1.3686683177947998 47
1732387192990 1.4311683177947998 48
1732387193107 1.3061683177947998 49
1732387193279 1.4936683177947998 50
1732387193387 1.5561683177947998 51
1732387193990 1.6186683177947998 52
1732387194115 1.3686683177947998 53
1732387194688 1.4311683177947998 54
1732387194801 1.4311683177947998 55
1732387195366 1.3061683177947998 56
1732387195504 1.5561683177947998 57
1732387196149 1.5561683177947998 58
1732387196262 1.4936683177947998 59
1732387196712 1.5561683177947998 60
1732387196987 1.4311683177947998 61
1732387197573 1.4936683177947998 62
1732387197694 1.4936683177947998 63
1732387198270 1.3061683177947998 64
1732387198515 1.4936683177947998 65
1732387198863 1.4936683177947998 66
1732387198980 1.3061683177947998 67
1732387199712 1.4311683177947998 68
1732387199946 1.6186683177947998 69
1732387200347 1.6186683177947998 70
1732387200467 1.5561683177947998 71
1732387201315 1.4311683177947998 72
1732387201430 1.3686683177947998 73
1732387201827 1.6811683177947998 74
1732387201940 1.4936683177947998 75
1732387202600 1.3061683177947998 76
1732387202754 1.6186683177947998 77
1732387211106 1.3686683177947998 0
1732387211259 1.4311683177947998 1
1732387211405 1.6186683177947998 2
1732387211532 1.3686683177947998 3
1732387212115 1.3686683177947998 4
1732387212874 1.3061683177947998 5
1732387213014 1.6186683177947998 6
1732387213143 1.3686683177947998 7
1732387213449 1.4936683177947998 8
1732387214398 1.3061683177947998 9
1732387214535 1.4311683177947998 10
1732387214661 1.3061683177947998 11
1732387214919 1.5561683177947998 12
1732387215635 1.4936683177947998 13
1732387215764 1.3686683177947998 14
1732387215880 1.4936683177947998 15
1732387216088 1.4936683177947998 16
1732387217072 1.4311683177947998 17
1732387217196 1.4936683177947998 18
1732387217309 1.3686683177947998 19
1732387217445 1.3686683177947998 20
1732387218705 1.3061683177947998 21
1732387218859 1.5561683177947998 22
1732387218986 1.5561683177947998 23
1732387219133 1.4311683177947998 24
1732387219926 1.3686683177947998 25
1732387220047 1.6186683177947998 26
1732387220165 1.4311683177947998 27
1732387220478 1.5561683177947998 28
1732387221326 1.4311683177947998 29
1732387221461 1.2436683177947998 30
1732387221569 1.5561683177947998 31
1732387221954 1.3061683177947998 32
1732387222727 1.6186683177947998 33
1732387222858 1.5561683177947998 34
1732387222979 1.2436683177947998 35
1732387223213 1.4311683177947998 36
1732387224037 1.1811683177947998 37
1732387224245 1.3686683177947998 38
1732387224362 1.1186683177947998 39
1732387224482 1.4311683177947998 40
1732387225295 1.4936683177947998 41
1732387225427 1.4311683177947998 42
1732387225534 1.4936683177947998 43
1732387225794 1.5561683177947998 44
1732387226419 1.1811683177947998 45
1732387226796 1.3061683177947998 46
1732387226906 1.6186683177947998 47
1732387227179 1.5561683177947998 48
1732387227765 1.6811683177947998 49
1732387228213 1.4311683177947998 50
1732387228324 1.3686683177947998 51
1732387228596 1.5561683177947998 52
1732387229367 1.3686683177947998 53
1732387229593 1.4936683177947998 54
1732387229702 1.5561683177947998 55
1732387229943 1.4936683177947998 56
1732387231046 1.3061683177947998 57
1732387231176 1.5561683177947998 58
1732387231284 1.4311683177947998 59
1732387231411 1.5561683177947998 60
1732387232376 1.4311683177947998 61
1732387232520 1.4936683177947998 62
1732387232627 1.5561683177947998 63
1732387232746 1.3686683177947998 64
1732387233770 1.6186683177947998 65
1732387233900 1.3061683177947998 66
1732387234006 1.4936683177947998 67
1732387234126 1.3061683177947998 68
1732387235254 1.2436683177947998 69
1732387235411 1.4936683177947998 70
1732387235528 1.4936683177947998 71
1732387235652 1.4936683177947998 72
1732387236583 1.5561683177947998 73
1732387236708 1.6186683177947998 74
1732387236825 1.4936683177947998 75
1732387236938 1.4936683177947998 76
1732387237342 1.1186683177947998 77
1732387246050 1.3686683177947998 0
1732387246245 1.2436683177947998 1
1732387246399 1.4936683177947998 2
1732387246541 1.5561683177947998 3
1732387246887 1.4936683177947998 4
1732387247791 1.6186683177947998 5
1732387247935 1.5561683177947998 6
1732387248071 1.6186683177947998 7
1732387248271 1.4936683177947998 8
1732387248970 1.4936683177947998 9
1732387249093 1.5561683177947998 10
1732387249208 1.4936683177947998 11
1732387249613 1.4936683177947998 12
1732387250360 1.4311683177947998 13
1732387250595 1.3061683177947998 14
1732387250705 1.6186683177947998 15
1732387251134 1.4936683177947998 16
1732387251786 1.3686683177947998 17
1732387252106 1.4936683177947998 18
1732387252229 1.2436683177947998 19
1732387252448 1.2436683177947998 20
1732387253214 1.4311683177947998 21
1732387253538 1.4936683177947998 22
1732387253648 1.4936683177947998 23
1732387253769 1.3061683177947998 24
1732387254464 1.4936683177947998 25
1732387254673 1.4311683177947998 26
1732387254785 1.3061683177947998 27
1732387255032 1.3686683177947998 28
1732387255784 1.4311683177947998 29
1732387256142 1.5561683177947998 30
1732387256251 1.5561683177947998 31
1732387256565 1.5561683177947998 32
1732387257315 1.3686683177947998 33
1732387257698 1.2436683177947998 34
1732387257823 1.6186683177947998 35
1732387257952 1.6186683177947998 36
1732387258691 1.3061683177947998 37
1732387259158 1.4311683177947998 38
1732387259280 1.1811683177947998 39
1732387259410 1.4936683177947998 40
1732387260089 1.3061683177947998 41
1732387260703 1.2436683177947998 42
1732387260840 1.4936683177947998 43
1732387260965 1.3061683177947998 44
1732387261518 1.3061683177947998 45
1732387262144 1.1811683177947998 46
1732387262272 1.5561683177947998 47
1732387262395 1.4311683177947998 48
1732387262912 1.4936683177947998 49
1732387263394 1.3686683177947998 50
1732387263537 1.4311683177947998 51
1732387263673 1.3686683177947998 52
1732387264367 1.6811683177947998 53
1732387264867 1.3686683177947998 54
1732387265007 1.4311683177947998 55
1732387265136 1.4311683177947998 56
1732387265901 1.3061683177947998 57
1732387266066 1.4936683177947998 58
1732387266187 1.6811683177947998 59
1732387266336 1.3061683177947998 60
1732387267351 1.6811683177947998 61
1732387267466 1.4936683177947998 62
1732387267568 1.3686683177947998 63
1732387267702 1.4311683177947998 64
1732387268701 1.4311683177947998 65
1732387268836 1.5561683177947998 66
1732387268945 1.5561683177947998 67
1732387269061 1.3686683177947998 68
1732387270218 1.3061683177947998 69
1732387270349 1.6186683177947998 70
1732387270454 1.4936683177947998 71
1732387270571 1.4311683177947998 72
1732387271782 1.3686683177947998 73
1732387271891 1.3061683177947998 74
1732387271987 1.5561683177947998 75
1732387272101 1.4311683177947998 76
1732387272393 1.7436683177947998 77
1732387280652 1.4936683177947998 0
1732387280850 1.5561683177947998 1
1732387281278 1.7436683177947998 2
1732387281442 1.4936683177947998 3
1732387281925 1.4936683177947998 4
1732387282138 1.4311683177947998 5
1732387282387 1.3686683177947998 6
1732387282531 1.4936683177947998 7
1732387283631 1.3686683177947998 8
1732387283768 1.2436683177947998 9
1732387283922 1.4311683177947998 10
1732387284054 1.4311683177947998 11
1732387284900 1.5561683177947998 12
1732387285017 1.4936683177947998 13
1732387285363 1.3686683177947998 14
1732387285621 1.3061683177947998 15
1732387286378 1.4311683177947998 16
1732387286492 1.3061681985855103 17
1732387286987 1.2436683177947998 18
1732387287122 1.4936683177947998 19
1732387287792 1.3686683177947998 20
1732387287934 1.4311683177947998 21
1732387288444 1.4936683177947998 22
1732387288565 1.3686683177947998 23
1732387289099 1.3061683177947998 24
1732387289213 1.5561683177947998 25
1732387289729 1.3686683177947998 26
1732387289846 1.4936683177947998 27
1732387290478 1.3686683177947998 28
1732387290590 1.3686683177947998 29
1732387291340 1.5561683177947998 30
1732387291464 1.4311683177947998 31
1732387291750 1.4311683177947998 32
1732387291866 1.4936683177947998 33
1732387292385 1.5561683177947998 34
1732387292573 1.6811683177947998 35
1732387293251 1.4936683177947998 36
1732387293371 1.3686681985855103 37
1732387293570 1.3686683177947998 38
1732387294044 1.4311683177947998 39
1732387294681 1.3686683177947998 40
1732387294802 1.6811683177947998 41
1732387294943 1.6186683177947998 42
1732387295435 1.4311683177947998 43
1732387295864 1.4311683177947998 44
1732387295984 1.2436683177947998 45
1732387296159 1.5561683177947998 46
1732387296821 1.4311683177947998 47
1732387297137 1.2436683177947998 48
1732387297327 1.3686683177947998 49
1732387297604 1.2436683177947998 50
1732387298230 1.6186683177947998 51
1732387298554 1.4311683177947998 52
1732387298716 1.4936683177947998 53
1732387298956 1.3686681985855103 54
1732387299699 1.4936683177947998 55
1732387299822 1.3686683177947998 56
1732387300167 1.4311683177947998 57
1732387300568 1.4311683177947998 58
1732387301209 1.4311683177947998 59
1732387301337 1.4311683177947998 60
1732387301526 1.3686683177947998 61
1732387301975 1.3061683177947998 62
1732387302563 1.5561683177947998 63
1732387302691 1.4936683177947998 64
1732387302989 1.4936683177947998 65
1732387303498 1.3061683177947998 66
1732387303880 1.4311683177947998 67
1732387304001 1.3686683177947998 68
1732387304461 1.5561683177947998 69
1732387305125 1.5561683177947998 70
1732387305239 1.4936683177947998 71
1732387305493 1.4311683177947998 72
1732387305860 1.5561683177947998 73
1732387306639 1.4311683177947998 74
1732387306759 1.5561683177947998 75
1732387306874 1.4936683177947998 76
1732387307026 1.2436683177947998 77
1732387315903 1.6186683177947998 0
1732387316064 1.4936683177947998 1
1732387316217 1.3686683177947998 2
1732387316366 1.3061683177947998 3
1732387317463 1.6186683177947998 4
1732387317654 1.3686683177947998 5
1732387317793 1.3686683177947998 6
1732387317926 1.4936683177947998 7
1732387318876 1.3061683177947998 8
1732387318996 1.5561683177947998 9
1732387319128 1.6811683177947998 10
1732387319248 1.3686681985855103 11
1732387320266 1.4936683177947998 12
1732387320420 1.4936683177947998 13
1732387320591 1.5561683177947998 14
1732387320707 1.4936683177947998 15
1732387321804 1.4936683177947998 16
1732387321988 1.4936683177947998 17
1732387322109 1.3686683177947998 18
1732387322227 1.4936683177947998 19
1732387323062 1.3061683177947998 20
1732387323255 1.4311683177947998 21
1732387323378 1.4936683177947998 22
1732387323494 1.2436683177947998 23
1732387324404 1.3061683177947998 24
1732387324880 1.5561683177947998 25
1732387325002 1.3061683177947998 26
1732387325118 1.3686683177947998 27
1732387325922 1.5561683177947998 28
1732387326376 1.4311683177947998 29
1732387326491 1.4311683177947998 30
1732387326614 1.6186683177947998 31
1732387327371 1.4311683177947998 32
1732387327662 1.3686683177947998 33
1732387327798 1.3061683177947998 34
1732387327931 1.4936683177947998 35
1732387328751 1.4311683177947998 36
1732387329199 1.6811683177947998 37
1732387329336 1.5561683177947998 38
1732387329476 1.3061683177947998 39
1732387330139 1.4311683177947998 40
1732387330865 1.3061683177947998 41
1732387330987 1.4936683177947998 42
1732387331099 1.3061683177947998 43
1732387331660 1.3686683177947998 44
1732387332111 1.4311683177947998 45
1732387332233 1.4936683177947998 46
1732387332345 1.3686683177947998 47
1732387333105 1.2436683177947998 48
1732387333683 1.5561683177947998 49
1732387333803 1.2436683177947998 50
1732387333917 1.3686683177947998 51
1732387334221 1.5561683177947998 52
1732387335202 1.4936683177947998 53
1732387335329 1.6811683177947998 54
1732387335459 1.6186683177947998 55
1732387335787 1.2436683177947998 56
1732387336676 1.3061683177947998 57
1732387336827 1.4936683177947998 58
1732387336961 1.3686683177947998 59
1732387337279 1.6186683177947998 60
1732387338248 1.3061683177947998 61
1732387338376 1.3061683177947998 62
1732387338502 1.3686683177947998 63
1732387338628 1.5561683177947998 64
1732387339634 1.4311683177947998 65
1732387339771 1.5561683177947998 66
1732387339908 1.6811683177947998 67
1732387340037 1.6186683177947998 68
1732387341630 1.3686683177947998 69
1732387341796 1.3686683177947998 70
1732387341923 1.5561683177947998 71
1732387342059 1.5561683177947998 72
1732387342984 1.4311683177947998 73
1732387343132 1.3061683177947998 74
1732387343257 1.3061683177947998 75
1732387343386 1.3686683177947998 76
1732387343630 1.3686683177947998 77
1732387352215 1.3686681985855103 0
1732387352384 1.3686683177947998 1
1732387352535 1.3686683177947998 2
1732387352664 1.4311683177947998 3
1732387353984 1.4936683177947998 4
1732387354133 1.4936683177947998 5
1732387354269 1.6811681985855103 6
1732387354420 1.5561683177947998 7
1732387355557 1.4936683177947998 8
1732387355666 1.4936683177947998 9
1732387355804 1.5561681985855103 10
1732387355931 1.5561683177947998 11
1732387356788 1.4936683177947998 12
1732387356896 1.6811683177947998 13
1732387357013 1.3686683177947998 14
1732387357115 1.4311683177947998 15
1732387358125 1.6186683177947998 16
1732387358242 1.4311683177947998 17
1732387358361 1.2436683177947998 18
1732387358468 1.3061683177947998 19
1732387359381 1.6186683177947998 20
1732387359495 1.3686683177947998 21
1732387359616 1.3686683177947998 22
1732387359809 1.3686683177947998 23
1732387360816 1.4936683177947998 24
1732387360929 1.5561683177947998 25
1732387361064 1.3061683177947998 26
1732387361198 1.3686683177947998 27
1732387362361 1.4936683177947998 28
1732387362470 1.4936683177947998 29
1732387362586 1.4936683177947998 30
1732387362691 1.5561681985855103 31
1732387363811 1.4936683177947998 32
1732387363919 1.3686683177947998 33
1732387364033 1.4936683177947998 34
1732387364133 1.6186683177947998 35
1732387365279 1.4936683177947998 36
1732387365392 1.5561683177947998 37
1732387365509 1.5561683177947998 38
1732387365613 1.4311683177947998 39
1732387366713 1.3061683177947998 40
1732387366828 1.4311683177947998 41
1732387366948 1.4311683177947998 42
1732387367061 1.4311683177947998 43
1732387368276 1.5561683177947998 44
1732387368382 1.4936683177947998 45
1732387368502 1.2436683177947998 46
1732387368611 1.3686683177947998 47
1732387369678 1.4311683177947998 48
1732387369804 1.3686683177947998 49
1732387369921 1.4936683177947998 50
1732387370027 1.3686683177947998 51
1732387371208 1.4936683177947998 52
1732387371346 1.2436683177947998 53
1732387371500 1.3686683177947998 54
1732387371637 1.6811683177947998 55
1732387372560 1.3061683177947998 56
1732387372679 1.3686683177947998 57
1732387372823 1.3686683177947998 58
1732387372957 1.3061683177947998 59
1732387374024 1.4311683177947998 60
1732387374135 1.3686681985855103 61
1732387374277 1.3061683177947998 62
1732387374403 1.4311683177947998 63
1732387375497 1.3686683177947998 64
1732387375625 1.4936683177947998 65
1732387375776 1.4311683177947998 66
1732387375886 1.5561683177947998 67
1732387377004 1.4936683177947998 68
1732387377142 1.5561683177947998 69
1732387377286 1.3061683177947998 70
1732387377406 1.1811683177947998 71
1732387378344 1.4936683177947998 72
1732387378451 1.4311683177947998 73
1732387378586 1.4936683177947998 74
1732387378703 1.3686683177947998 75
1732387379739 1.3061683177947998 76
1732387379904 1.6186683177947998 77
1732387388102 1.6186683177947998 0
1732387388245 1.4936683177947998 1
1732387388400 1.6811683177947998 2
1732387388532 1.4311683177947998 3
1732387389771 1.2436683177947998 4
1732387389931 1.5561683177947998 5
1732387390087 1.4311683177947998 6
1732387390213 1.4936681985855103 7
1732387391218 1.4936683177947998 8
1732387391355 1.4936683177947998 9
1732387391495 1.3686683177947998 10
1732387391622 1.5561683177947998 11
1732387392485 1.4311683177947998 12
1732387392620 1.3686683177947998 13
1732387392743 1.6186683177947998 14
1732387392869 1.2436683177947998 15
1732387393678 1.4311683177947998 16
1732387393863 1.3686683177947998 17
1732387393993 1.4936683177947998 18
1732387394097 1.3686683177947998 19
1732387395088 1.6186683177947998 20
1732387395311 1.4311683177947998 21
1732387395431 1.3061683177947998 22
1732387395542 1.3686683177947998 23
1732387396428 1.4311683177947998 24
1732387396634 1.6186683177947998 25
1732387396749 1.5561683177947998 26
1732387396855 1.4936683177947998 27
1732387397847 1.4311683177947998 28
1732387398014 1.3686683177947998 29
1732387398131 1.6186681985855103 30
1732387398242 1.5561683177947998 31
1732387399114 1.3686683177947998 32
1732387399362 1.3686683177947998 33
1732387399482 1.4936683177947998 34
1732387399591 1.3686683177947998 35
1732387400403 1.5561683177947998 36
1732387400837 1.2436683177947998 37
1732387400964 1.2436683177947998 38
1732387401068 1.4311683177947998 39
1732387401862 1.2436683177947998 40
1732387402098 1.5561683177947998 41
1732387402220 1.6811683177947998 42
1732387402325 1.4311683177947998 43
1732387403242 1.2436683177947998 44
1732387403728 1.3061683177947998 45
1732387403845 1.4311683177947998 46
1732387403965 1.4311683177947998 47
1732387404570 1.2436683177947998 48
1732387405176 1.3061683177947998 49
1732387405332 1.6186683177947998 50
1732387405449 1.3061683177947998 51
1732387405886 1.3061683177947998 52
1732387406653 1.4311683177947998 53
1732387406788 1.4936683177947998 54
1732387406912 1.4936683177947998 55
1732387407429 1.5561683177947998 56
1732387407950 1.4936683177947998 57
1732387408105 1.3686683177947998 58
1732387408247 1.3686683177947998 59
1732387408569 1.3686683177947998 60
1732387409277 1.5561683177947998 61
1732387409420 1.4311683177947998 62
1732387409547 1.3686683177947998 63
1732387409941 1.5561683177947998 64
1732387410702 1.5561683177947998 65
1732387410833 1.4936683177947998 66
1732387410942 1.6186683177947998 67
1732387411353 1.5561683177947998 68
1732387412238 1.6811683177947998 69
1732387412351 1.3686683177947998 70
1732387412460 1.3686683177947998 71
1732387412923 1.3686683177947998 72
1732387413721 1.3061683177947998 73
1732387413833 1.4936683177947998 74
1732387413936 1.3686683177947998 75
1732387414297 1.3061683177947998 76
1732387414607 1.3686683177947998 77
1732387423029 1.4936683177947998 0
1732387423180 1.4936683177947998 1
1732387423336 1.3061683177947998 2
1732387423473 1.3686683177947998 3
1732387424488 1.5561683177947998 4
1732387424621 1.3061683177947998 5
1732387424763 1.4311683177947998 6
1732387424898 1.3686683177947998 7
1732387426001 1.4936683177947998 8
1732387426130 1.5561683177947998 9
1732387426253 1.4936683177947998 10
1732387426380 1.4311683177947998 11
1732387427493 1.3686683177947998 12
1732387427629 1.5561683177947998 13
1732387427780 1.4936683177947998 14
1732387427898 1.3686683177947998 15
1732387428886 1.3686683177947998 16
1732387429021 1.2436683177947998 17
1732387429160 1.4936683177947998 18
1732387429267 1.5561683177947998 19
1732387430595 1.5561683177947998 20
1732387430721 1.5561683177947998 21
1732387430886 1.4311683177947998 22
1732387431039 1.3686683177947998 23
1732387431720 1.4936683177947998 24
1732387431837 1.4936683177947998 25
1732387431972 1.4936683177947998 26
1732387432109 1.4936683177947998 27
1732387433324 1.6186683177947998 28
1732387433440 1.2436683177947998 29
1732387433558 1.3686683177947998 30
1732387433676 1.4311683177947998 31
1732387434845 1.4311683177947998 32
1732387434957 1.3686683177947998 33
1732387435095 1.5561683177947998 34
1732387435226 1.3686683177947998 35
1732387436056 1.3686683177947998 36
1732387436177 1.4936683177947998 37
1732387436295 1.3061683177947998 38
1732387436401 1.5561683177947998 39
1732387437276 1.3061683177947998 40
1732387437391 1.3686683177947998 41
1732387437505 1.3686683177947998 42
1732387437607 1.5561683177947998 43
1732387438511 1.3686683177947998 44
1732387438635 1.6186683177947998 45
1732387438749 1.6186683177947998 46
1732387438849 1.3061683177947998 47
1732387439847 1.4936683177947998 48
1732387439957 1.4936683177947998 49
1732387440073 1.3686683177947998 50
1732387440176 1.4311683177947998 51
1732387441157 1.6186683177947998 52
1732387441277 1.4936683177947998 53
1732387441394 1.4311683177947998 54
1732387441506 1.4311683177947998 55
1732387442526 1.3686683177947998 56
1732387442634 1.4936683177947998 57
1732387442759 1.3686683177947998 58
1732387442882 1.3686683177947998 59
1732387444079 1.2436683177947998 60
1732387444195 1.2436683177947998 61
1732387444308 1.4311683177947998 62
1732387444420 1.4311683177947998 63
1732387445480 1.2436683177947998 64
1732387445594 1.3061683177947998 65
1732387445719 1.5561681985855103 66
1732387445832 1.3686683177947998 67
1732387446733 1.5561683177947998 68
1732387446844 1.6186683177947998 69
1732387446975 1.3686683177947998 70
1732387447100 1.5561683177947998 71
1732387448340 1.4936683177947998 72
1732387448457 1.5561683177947998 73
1732387448571 1.3061683177947998 74
1732387448696 1.6186683177947998 75
1732387449463 1.4936683177947998 76
1732387449625 1.6186683177947998 77
1732387458153 1.2436683177947998 0
1732387458333 1.4936683177947998 1
1732387458557 1.6811683177947998 2
1732387458838 1.3686683177947998 3
1732387459344 1.6186683177947998 4
1732387459625 1.4936683177947998 5
1732387459759 1.5561683177947998 6
1732387459891 1.3061683177947998 7
1732387460728 1.3686683177947998 8
1732387460999 1.4936683177947998 9
1732387461117 1.3061683177947998 10
1732387461232 1.4936683177947998 11
1732387462169 1.3686683177947998 12
1732387462436 1.4311681985855103 13
1732387462554 1.3686683177947998 14
1732387462660 1.4311683177947998 15
1732387463426 1.6186683177947998 16
1732387463788 1.4311683177947998 17
1732387463907 1.5561683177947998 18
1732387464009 1.6186683177947998 19
1732387464762 1.3061683177947998 20
1732387465083 1.3061683177947998 21
1732387465202 1.3686683177947998 22
1732387465308 1.3686681985855103 23
1732387466102 1.4311683177947998 24
1732387466709 1.4311683177947998 25
1732387466828 1.4311683177947998 26
1732387466935 1.3061683177947998 27
1732387467446 1.3061683177947998 28
1732387468027 1.3686683177947998 29
1732387468150 1.6186683177947998 30
1732387468257 1.4936683177947998 31
1732387468846 1.2436683177947998 32
1732387469371 1.3061683177947998 33
1732387469496 1.3061683177947998 34
1732387469605 1.5561683177947998 35
1732387470001 1.3061683177947998 36
1732387470870 1.4311683177947998 37
1732387471017 1.5561683177947998 38
1732387471140 1.5561683177947998 39
1732387471307 1.3686683177947998 40
1732387472442 1.6811683177947998 41
1732387472575 1.5561683177947998 42
1732387472694 1.4936683177947998 43
1732387472819 1.5561683177947998 44
1732387473923 1.4311683177947998 45
1732387474048 1.4936683177947998 46
1732387474153 1.3061683177947998 47
1732387474304 1.4936683177947998 48
1732387475399 1.3686683177947998 49
1732387475519 1.5561683177947998 50
1732387475625 1.5561683177947998 51
1732387475772 1.4311683177947998 52
1732387476656 1.3686683177947998 53
1732387476799 1.4311683177947998 54
1732387476927 1.4936683177947998 55
1732387477047 1.3061683177947998 56
1732387477871 1.4311683177947998 57
1732387477989 1.7436683177947998 58
1732387478091 1.3061683177947998 59
1732387478406 1.3061683177947998 60
1732387479390 1.4936683177947998 61
1732387479515 1.4936683177947998 62
1732387479626 1.3686683177947998 63
1732387479937 1.4936683177947998 64
1732387481117 1.3686683177947998 65
1732387481258 1.2436683177947998 66
1732387481376 1.4936683177947998 67
1732387481501 1.3061683177947998 68
1732387482615 1.4936683177947998 69
1732387482745 1.4936683177947998 70
1732387482848 1.4311683177947998 71
1732387482985 1.4936683177947998 72
1732387483928 1.4936683177947998 73
1732387484058 1.2436683177947998 74
1732387484168 1.6186683177947998 75
1732387484277 1.5561683177947998 76
1732387484498 1.6186683177947998 77
1732387493246 1.3686683177947998 0
1732387493473 1.4311683177947998 1
1732387493633 1.4311683177947998 2
1732387493777 1.6186683177947998 3
1732387494707 1.1186683177947998 4
1732387494847 1.4936683177947998 5
1732387495004 1.3061683177947998 6
1732387495134 1.4311683177947998 7
1732387496350 1.4936683177947998 8
1732387496477 1.3686683177947998 9
1732387496596 1.6811683177947998 10
1732387496725 1.6811683177947998 11
1732387497744 1.5561683177947998 12
1732387497867 1.5561683177947998 13
1732387497995 1.5561683177947998 14
1732387498161 1.4311683177947998 15
1732387499193 1.3061683177947998 16
1732387499309 1.4936683177947998 17
1732387499427 1.4936683177947998 18
1732387499537 1.3686683177947998 19
1732387500709 1.3686683177947998 20
1732387500857 1.6811683177947998 21
1732387500978 1.6186683177947998 22
1732387501083 1.4936683177947998 23
1732387501928 1.3061683177947998 24
1732387502315 1.4936683177947998 25
1732387502436 1.4936683177947998 26
1732387502541 1.4311683177947998 27
1732387503231 1.3686683177947998 28
1732387503631 1.3061683177947998 29
1732387503750 1.3686683177947998 30
1732387503854 1.4311683177947998 31
1732387504386 1.4311683177947998 32
1732387504807 1.3686683177947998 33
1732387504935 1.4311683177947998 34
1732387505052 1.4311683177947998 35
1732387505783 1.4936683177947998 36
1732387506195 1.4936683177947998 37
1732387506328 1.5561683177947998 38
1732387506492 1.4311683177947998 39
1732387506977 1.3061683177947998 40
1732387507597 1.5561683177947998 41
1732387507725 1.4311683177947998 42
1732387507837 1.3061683177947998 43
1732387508543 1.3061683177947998 44
1732387509128 1.4311683177947998 45
1732387509247 1.1811683177947998 46
1732387509355 1.4311683177947998 47
1732387510043 1.6811683177947998 48
1732387510506 1.4936683177947998 49
1732387510626 1.5561683177947998 50
1732387510732 1.3061683177947998 51
1732387511388 1.3686683177947998 52
1732387511932 1.4311683177947998 53
1732387512064 1.4936683177947998 54
