1732387066415 0.015625 1
1732387066718 0.6875 3
1732387068451 0.59375 5
1732387068743 0.71875 7
1732387069872 0.78125 9
1732387070264 0.625 11
1732387071553 0.625 13
1732387071872 0.625 15
1732387073164 0.65625 17
1732387073498 0.625 19
1732387074853 0.6875 21
1732387075135 0.71875 23
1732387076745 0.59375 25
1732387077016 0.65625 27
1732387078287 0.625 29
1732387078586 0.625 31
1732387079872 0.625 33
1732387080202 0.59375 35
1732387081481 0.59375 37
1732387081770 0.71875 39
1732387082752 0.59375 41
1732387083028 0.625 43
1732387084412 0.71875 45
1732387084662 0.625 47
1732387086137 0.625 49
1732387086380 0.53125 51
1732387087428 0.6875 53
1732387087665 0.6875 55
1732387089121 0.625 57
1732387089369 0.53125 59
1732387090449 0.6875 61
1732387090732 0.65625 63
1732387091816 0.6875 65
1732387092095 0.6875 67
1732387093288 0.65625 69
1732387093535 0.625 71
1732387094787 0.625 73
1732387095008 0.65625 75
1732387096097 0.75 77
1732387101503 1.0930128021733573e-43 77
1732387103949 0.6875 79
1732387104243 0.71875 81
1732387105477 0.65625 83
1732387105767 0.625 85
1732387106995 0.625 87
1732387107272 0.71875 89
1732387108506 0.78125 91
1732387108776 0.84375 93
1732387109877 0.59375 95
1732387110225 0.65625 97
1732387111429 0.75 99
1732387111707 0.6875 101
1732387112885 0.65625 103
1732387113131 0.65625 105
1732387114366 0.75 107
1732387114609 0.65625 109
1732387115967 0.71875 111
1732387116220 0.625 113
1732387117389 0.6875 115
1732387117637 0.65625 117
1732387118814 0.625 119
1732387119070 0.6875 121
1732387120344 0.5625 123
1732387120650 0.6875 125
1732387121840 0.59375 127
1732387122179 0.65625 129
1732387123461 0.71875 131
1732387123767 0.625 133
1732387124959 0.625 135
1732387125287 0.59375 137
1732387126541 0.6875 139
1732387126774 0.625 141
1732387127917 0.71875 143
1732387128478 0.65625 145
1732387129218 0.59375 147
1732387129987 0.65625 149
1732387130462 0.65625 151
1732387131186 0.625 153
1732387131917 0.75 155
1732387137601 2.1860256043467146e-43 155
1732387140280 0.625 157
1732387140596 0.75 159
1732387142123 0.625 161
1732387142419 0.65625 163
1732387143477 0.625 165
1732387143764 0.65625 167
1732387144876 0.65625 169
1732387145148 0.71875 171
1732387146302 0.65625 173
1732387146565 0.71875 175
1732387147681 0.625 177
1732387147929 0.65625 179
1732387149196 0.6875 181
1732387149447 0.71875 183
1732387150835 0.65625 185
1732387151063 0.59375 187
1732387152158 0.78125 189
1732387152385 0.6875 191
1732387153422 0.625 193
1732387153661 0.53125 195
1732387154854 0.625 197
1732387155124 0.625 199
1732387156246 0.65625 201
1732387156486 0.53125 203
1732387157792 0.75 205
1732387158034 0.59375 207
1732387159049 0.75 209
1732387159273 0.71875 211
1732387160607 0.59375 213
1732387160838 0.65625 215
1732387161772 0.5625 217
1732387162004 0.59375 219
1732387163266 0.5625 221
1732387163497 0.625 223
1732387164793 0.625 225
1732387165026 0.78125 227
1732387166461 0.625 229
1732387166686 0.5625 231
1732387167248 0.625 233
1732387173131 3.279038406520072e-43 233
1732387175323 0.625 235
1732387175598 0.6875 237
1732387176614 0.65625 239
1732387177070 0.59375 241
1732387177971 0.625 243
1732387178650 0.625 245
1732387179128 0.71875 247
1732387179936 0.6875 249
1732387180700 0.625 251
1732387181301 0.71875 253
1732387182268 0.75 255
1732387182777 0.65625 257
1732387183752 0.5625 259
1732387184309 0.625 261
1732387185488 0.5625 263
1732387185919 0.625 265
1732387187180 0.71875 267
1732387187519 0.6875 269
1732387188653 0.6875 271
1732387189034 0.5625 273
1732387190546 0.625 275
1732387190797 0.59375 277
1732387191991 0.75 279
1732387192233 0.6875 281
1732387193147 0.71875 283
1732387193425 0.59375 285
1732387194155 0.6875 287
1732387194840 0.65625 289
1732387195545 0.59375 291
1732387196301 0.625 293
1732387197026 0.65625 295
1732387197734 0.625 297
1732387198554 0.625 299
1732387199018 0.71875 301
1732387199985 0.5625 303
1732387200507 0.59375 305
1732387201469 0.6875 307
1732387201976 0.625 309
1732387202775 0.5625 311
1732387208680 7.006492321624085e-45 311
1732387211296 0.65625 313
1732387211572 0.6875 315
1732387212913 0.71875 317
1732387213184 0.6875 319
1732387214438 0.71875 321
1732387214702 0.71875 323
1732387215674 0.625 325
1732387215920 0.625 327
1732387217111 0.65625 329
1732387217348 0.6875 331
1732387218761 0.71875 333
1732387219027 0.59375 335
1732387219965 0.6875 337
1732387220204 0.65625 339
1732387221366 0.65625 341
1732387221608 0.59375 343
1732387222768 0.5625 345
1732387223020 0.75 347
1732387224080 0.78125 349
1732387224400 0.8125 351
1732387225333 0.625 353
1732387225574 0.625 355
1732387226460 0.78125 357
1732387226946 0.5625 359
1732387227805 0.53125 361
1732387228365 0.6875 363
1732387229408 0.6875 365
1732387229743 0.59375 367
1732387231094 0.71875 369
1732387231323 0.65625 371
1732387232417 0.65625 373
1732387232665 0.59375 375
1732387233812 0.5625 377
1732387234045 0.625 379
1732387235297 0.75 381
1732387235567 0.625 383
1732387236622 0.59375 385
1732387236863 0.625 387
1732387237367 0.8125 389
1732387243547 5.4650640108667866e-43 389
1732387246286 0.75 391
1732387246581 0.59375 393
1732387247830 0.5625 395
1732387248110 0.5625 397
1732387249008 0.625 399
1732387249247 0.625 401
1732387250403 0.65625 403
1732387250744 0.5625 405
1732387251831 0.6875 407
1732387252273 0.75 409
1732387253255 0.65625 411
1732387253686 0.625 413
1732387254505 0.625 415
1732387254825 0.71875 417
1732387255823 0.65625 419
1732387256288 0.59375 421
1732387257352 0.6875 423
1732387257863 0.5625 425
1732387258731 0.71875 427
1732387259321 0.78125 429
1732387260131 0.71875 431
1732387260880 0.625 433
1732387261561 0.71875 435
1732387262309 0.59375 437
1732387262950 0.625 439
1732387263578 0.65625 441
1732387264406 0.53125 443
1732387265046 0.65625 445
1732387265950 0.71875 447
1732387266245 0.53125 449
1732387267391 0.53125 451
1732387267607 0.6875 453
1732387268742 0.65625 455
1732387268982 0.59375 457
1732387270257 0.71875 459
1732387270493 0.625 461
1732387271819 0.6875 463
1732387272024 0.59375 465
1732387272417 0.5 467
1732387278436 6.558076813040144e-43 467
1732387280893 0.59375 469
1732387281492 0.625 471
1732387282181 0.65625 473
1732387282574 0.625 475
1732387283813 0.75 477
1732387284104 0.65625 479
1732387285059 0.625 481
1732387285660 0.71875 483
1732387286532 0.71875 485
1732387287160 0.625 487
1732387287976 0.65625 489
1732387288605 0.6875 491
1732387289252 0.59375 493
1732387289888 0.625 495
1732387290628 0.6875 497
1732387291503 0.65625 499
1732387291906 0.625 501
1732387292611 0.53125 503
1732387293411 0.6875 505
1732387294084 0.65625 507
1732387294841 0.53125 509
1732387295475 0.65625 511
1732387296025 0.75 513
1732387296860 0.65625 515
1732387297367 0.6875 517
1732387298267 0.5625 519
1732387298757 0.625 521
1732387299739 0.625 523
1732387300207 0.65625 525
1732387301249 0.65625 527
1732387301564 0.6875 529
1732387302608 0.59375 531
1732387303026 0.625 533
1732387303922 0.65625 535
1732387304548 0.59375 537
1732387305281 0.625 539
1732387305899 0.59375 541
1732387306796 0.59375 543
1732387307047 0.75 545
1732387313305 7.651089615213501e-43 545
1732387316103 0.625 547
1732387316406 0.71875 549
1732387317695 0.6875 551
1732387317963 0.625 553
1732387319035 0.59375 555
1732387319287 0.6875 557
1732387320460 0.625 559
1732387320749 0.625 561
1732387322028 0.625 563
1732387322267 0.625 565
1732387323294 0.65625 567
1732387323540 0.75 569
1732387324920 0.59375 571
1732387325158 0.6875 573
1732387326413 0.65625 575
1732387326654 0.5625 577
1732387327702 0.6875 579
1732387327969 0.625 581
1732387329240 0.53125 583
1732387329513 0.71875 585
1732387330907 0.71875 587
1732387331139 0.71875 589
1732387332152 0.65625 591
1732387332384 0.6875 593
1732387333723 0.59375 595
1732387333955 0.6875 597
1732387335246 0.625 599
1732387335498 0.5625 601
1732387336714 0.71875 603
1732387336999 0.6875 605
1732387338289 0.71875 607
1732387338542 0.6875 609
1732387339675 0.65625 611
1732387339947 0.53125 613
1732387341679 0.6875 615
1732387341960 0.59375 617
1732387343035 0.65625 619
1732387343294 0.71875 621
1732387343653 0.6875 623
1732387349464 8.744102417386859e-43 623
1732387352423 0.6875 625
1732387352705 0.65625 627
1732387354171 0.625 629
1732387354467 0.59375 631
1732387355706 0.625 633
1732387355969 0.59375 635
1732387356934 0.53125 637
1732387357153 0.65625 639
1732387358279 0.65625 641
1732387358507 0.71875 643
1732387359533 0.6875 645
1732387359846 0.6875 647
1732387360969 0.59375 649
1732387361238 0.6875 651
1732387362507 0.625 653
1732387362730 0.59375 655
1732387363957 0.6875 657
1732387364172 0.5625 659
1732387365431 0.59375 661
1732387365650 0.65625 663
1732387366866 0.65625 665
1732387367100 0.65625 667
1732387368421 0.625 669
1732387368653 0.6875 671
1732387369843 0.6875 673
1732387370066 0.6875 675
1732387371387 0.75 677
1732387371676 0.53125 679
1732387372719 0.6875 681
1732387372998 0.71875 683
1732387374178 0.6875 685
1732387374441 0.65625 687
1732387375666 0.625 689
1732387375924 0.59375 691
1732387377183 0.59375 693
1732387377442 0.78125 695
1732387378489 0.65625 697
1732387378740 0.6875 699
1732387379928 0.5625 701
1732387385723 0.0 701
1732387388284 0.625 703
1732387388570 0.65625 705
1732387389969 0.59375 707
1732387390252 0.625 709
1732387391395 0.625 711
1732387391662 0.59375 713
1732387392659 0.6875 715
1732387392907 0.75 717
1732387393901 0.6875 719
1732387394134 0.6875 721
1732387395350 0.65625 723
1732387395580 0.6875 725
1732387396672 0.5625 727
1732387396894 0.625 729
1732387398052 0.6875 731
1732387398280 0.59375 733
1732387399401 0.6875 735
1732387399629 0.6875 737
1732387400875 0.75 739
1732387401107 0.65625 741
1732387402137 0.59375 743
1732387402363 0.65625 745
1732387403767 0.71875 747
1732387404009 0.65625 749
1732387405238 0.71875 751
1732387405487 0.71875 753
1732387406696 0.65625 755
1732387406952 0.625 757
1732387407991 0.625 759
1732387408285 0.6875 761
1732387409318 0.59375 763
1732387409590 0.6875 765
1732387410742 0.59375 767
1732387410980 0.5625 769
1732387412275 0.53125 771
1732387412500 0.6875 773
1732387413759 0.71875 775
1732387413974 0.6875 777
1732387414629 0.6875 779
1732387420498 1.2611686178923354e-44 779
1732387423219 0.625 781
1732387423515 0.6875 783
1732387424661 0.71875 785
1732387424939 0.6875 787
1732387426169 0.59375 789
1732387426422 0.65625 791
1732387427673 0.59375 793
1732387427935 0.6875 795
1732387429068 0.75 797
1732387429306 0.59375 799
1732387430759 0.59375 801
1732387431078 0.6875 803
1732387431876 0.625 805
1732387432148 0.625 807
1732387433480 0.75 809
1732387433720 0.65625 811
1732387435001 0.6875 813
1732387435267 0.6875 815
1732387436217 0.625 817
1732387436443 0.59375 819
1732387437429 0.6875 821
1732387437646 0.59375 823
1732387438671 0.5625 825
1732387438887 0.71875 827
1732387439995 0.625 829
1732387440217 0.65625 831
1732387441316 0.625 833
1732387441546 0.65625 835
1732387442675 0.625 837
1732387442921 0.6875 839
1732387444232 0.75 841
1732387444459 0.65625 843
1732387445636 0.71875 845
1732387445874 0.6875 847
1732387446885 0.5625 849
1732387447137 0.59375 851
1732387448494 0.59375 853
1732387448731 0.5625 855
1732387449646 0.5625 857
1732387455564 1.202314082390693e-42 857
1732387458372 0.625 859
1732387458881 0.6875 861
1732387459663 0.625 863
1732387459940 0.71875 865
1732387461037 0.625 867
1732387461271 0.625 869
1732387462474 0.65625 871
1732387462697 0.65625 873
1732387463826 0.65625 875
1732387464047 0.5625 877
1732387465122 0.71875 879
1732387465346 0.6875 881
1732387466748 0.65625 883
1732387466973 0.71875 885
1732387468066 0.6875 887
1732387468296 0.625 889
1732387469408 0.71875 891
1732387469645 0.59375 893
1732387470908 0.65625 895
1732387471181 0.59375 897
1732387472481 0.53125 899
1732387472732 0.625 901
1732387473966 0.65625 903
1732387474208 0.71875 905
1732387475442 0.6875 907
1732387475663 0.59375 909
1732387476703 0.6875 911
1732387476965 0.625 913
1732387477910 0.65625 915
1732387478130 0.71875 917
1732387479431 0.625 919
1732387479667 0.6875 921
1732387481168 0.6875 923
1732387481416 0.625 925
1732387482665 0.625 927
1732387482888 0.65625 929
1732387483967 0.625 931
1732387484204 0.5625 933
1732387484519 0.5625 935
1732387490618 1.3116153626080288e-42 935
1732387493514 0.65625 937
1732387493815 0.5625 939
1732387494888 0.625 941
1732387495182 0.65625 943
1732387496514 0.6875 945
1732387496763 0.53125 947
1732387497907 0.59375 949
1732387498199 0.65625 951
1732387499348 0.625 953
1732387499575 0.6875 955
1732387500895 0.53125 957
1732387501128 0.625 959
1732387502354 0.625 961
1732387502579 0.65625 963
1732387503670 0.71875 965
1732387503893 0.65625 967
1732387504847 0.6875 969
1732387505090 0.65625 971
1732387506236 0.625 973
1732387506531 0.65625 975
1732387507642 0.59375 977
1732387507875 0.71875 979
1732387509166 0.65625 981
1732387509393 0.65625 983
1732387510544 0.625 985
1732387510770 0.71875 987
1732387511972 0.65625 989
