1732383968858 0.0 1
1732383970003 0.0 3
1732383971420 0.0 5
1732383972087 0.0 7
1732383974502 0.0 9
1732383975486 0.0 11
1732383976837 0.0 13
1732383977616 0.0 15
1732383979317 0.0 17
1732383979843 0.0 19
1732383981273 0.0 21
1732383982185 0.0 23
1732383983224 0.0 25
1732383984641 0.0 27
1732383986334 0.0 29
1732383987135 0.0 31
1732383988704 0.0 33
1732383989296 0.0 35
1732383990384 0.0 37
1732383991714 0.0 39
1732383992717 0.0 41
1732383994263 0.0 43
1732383995045 0.0 45
1732383997748 0.0 47
1732383998486 0.0 49
1732383999598 0.0 51
1732384000355 0.0 53
1732384002363 0.0 55
1732384003087 0.0 57
1732384004364 0.0 59
1732384005045 0.0 61
1732384006164 0.0 63
1732384008776 0.0 65
1732384009575 0.0 67
1732384010724 0.0 69
