1732383967506 1.393761396408081 0
1732383968802 1.342955231666565 0
1732383969315 1.7436683177947998 0
1732383969936 1.7436683177947998 0
1732383971129 1.4936681985855103 0
1732383971362 1.6186683177947998 0
1732383971699 1.4936683177947998 0
1732383972029 1.4936683177947998 0
1732383974012 1.4936683177947998 0
1732383974443 1.2436683177947998 0
1732383974988 1.3686683177947998 0
1732383975427 1.4936683177947998 0
1732383976502 1.3686683177947998 0
1732383976765 0.9936683177947998 0
1732383977267 1.4936683177947998 0
1732383977556 1.2436683177947998 0
1732383979019 1.3686683177947998 0
1732383979258 1.6186683177947998 0
1732383979499 1.4936683177947998 0
1732383979785 1.4936683177947998 0
1732383980625 1.4936681985855103 0
1732383981208 1.6186683177947998 0
1732383981653 1.6186683177947998 0
1732383982122 1.6186683177947998 0
1732383982642 1.3686683177947998 0
1732383983166 1.3686683177947998 0
1732383984035 1.6186683177947998 0
1732383984573 1.3686683177947998 0
1732383984883 1.3686683177947998 0
1732383986261 1.3686683177947998 0
1732383986717 1.2436683177947998 0
1732383987066 1.6186683177947998 0
1732383987316 1.2436683177947998 0
1732383988634 1.2436683177947998 0
1732383988912 1.4936681985855103 0
1732383989238 1.6186683177947998 0
1732383989747 1.4936683177947998 0
1732383990321 1.1186683177947998 0
1732383991243 1.6186683177947998 0
1732383991648 1.6186683177947998 0
1732383992434 1.6186683177947998 0
1732383992656 1.3686683177947998 0
1732383993198 1.6186683177947998 0
1732383994205 1.6186683177947998 0
1732383994458 1.6186683177947998 0
1732383994984 1.6186683177947998 0
1732383995324 1.6186683177947998 0
1732383997670 1.4936683177947998 0
1732383998143 1.3686683177947998 0
1732383998425 1.7436683177947998 0
1732383998682 1.1186683177947998 0
1732383999536 1.4936683177947998 0
1732383999938 1.4936681985855103 0
1732384000296 1.4936683177947998 0
1732384000983 1.3686683177947998 0
1732384002300 1.7436683177947998 0
1732384002721 1.1186683177947998 0
1732384003027 1.3686683177947998 0
1732384003742 1.4936681985855103 0
1732384004297 1.4936683177947998 0
1732384004729 1.3686683177947998 0
1732384004985 1.4936683177947998 0
1732384005696 1.6186683177947998 0
1732384006093 1.4936683177947998 0
1732384008260 1.4936683177947998 0
1732384008716 1.7436683177947998 0
1732384009033 1.2436683177947998 0
1732384009507 1.6186683177947998 0
1732384010317 1.4936683177947998 0
1732384010657 1.6186683177947998 0
