1732383968858 0.0 1
1732383970003 0.5 3
1732383971420 0.5625 5
1732383972087 0.625 7
1732383974502 0.75 9
1732383975486 0.625 11
1732383976837 0.875 13
1732383977616 0.75 15
1732383979317 0.5625 17
1732383979843 0.625 19
1732383981273 0.5625 21
1732383982185 0.5625 23
1732383983224 0.6875 25
1732383984641 0.6875 27
1732383986334 0.6875 29
1732383987135 0.5625 31
1732383988704 0.75 33
1732383989296 0.5625 35
1732383990384 0.8125 37
1732383991714 0.5625 39
1732383992717 0.6875 41
1732383994263 0.5625 43
1732383995045 0.5625 45
1732383997748 0.625 47
1732383998486 0.5 49
1732383999598 0.625 51
1732384000355 0.625 53
1732384002363 0.5 55
1732384003087 0.6875 57
1732384004364 0.625 59
1732384005045 0.625 61
1732384006164 0.625 63
1732384008776 0.5 65
1732384009575 0.5625 67
1732384010724 0.5625 69
